-1.677842808658691354e+02
1.782986453946738834e+02
-1.758043503082193979e+02
1.791185960034178777e+02
-1.705873705631338453e+02
2.339128859711621189e+01
1.701864821407453974e+02
1.737901738528137514e+02
-1.738219350978716591e+02
-1.756676860168115013e+02
1.790954049662673242e+02
1.781352147406610129e+02
1.769872124958166637e+02
8.724571229020331442e-01
-1.779545915111127954e+02
-3.012787504183340292e+00
1.665513849483134834e+02
1.771066463904128625e+02
-1.732387614899627977e+02
-1.754381920125429986e+02
-1.726181815780801116e+02
1.739594348171027320e+02
-1.751894138056343593e+02
-1.745460811114087676e+02
-9.478846655031358637e+01
-1.749920281079597260e+02
-1.713218311147592487e+02
1.677576688011255897e+02
-1.647975912908238456e+02
-1.716743496695731608e+02
1.797258596062667664e+02
1.717087285083089228e+02
1.776573879935017430e+02
-1.634126614430725795e+02
9.617806490212832671e+01
1.795264919412650784e+02
1.791094637466394204e+02
1.800000000000000000e+02
1.800000000000000000e+02
1.800000000000000000e+02
-1.764395194650831229e+02
-1.669149400637678298e+02
-1.715288553669851694e+02
-1.774362297885350017e+02
1.707736557802238053e+02
1.711420412363716537e+02
1.739594348171027320e+02
1.775575846893428889e+02
-1.787875719100550782e+02
-1.738448316567260008e+02
-1.745309050298880891e+02
1.583109350353842046e+02
-1.706365487542551591e+02
-8.385337434035332649e+01
1.776015786659074820e+02
1.800000000000000000e+02
1.773842451245781433e+02
-1.704988068484718440e+02
-1.698457334197997568e+02
1.771014232007183011e+02
1.741439864145710601e+02
1.794183369424946193e+02
1.770574795436313877e+02
1.765663696375494851e+02
1.708988757147648698e+02
-1.779649655431400959e+02
1.800000000000000000e+02
-1.699579763644705110e+02
-1.733046172230951356e+02
-1.703519546839018517e+02
-1.758935028348295759e+02
1.750428739303193026e+02
-1.763177259376947177e+02
9.958616015534428811e+01
1.752823974954383175e+02
1.750639758899160086e+02
-1.794382946674334391e+02
1.788126926842711839e+02
1.781912606775079553e+02
-1.726865113719683507e+02
9.225064089703754178e+01
-1.629853167234770410e+02
-1.778900571518667562e+02
-1.720362129392812278e+02
1.750302592718896904e+02
-1.780725041133281081e+02
-1.719121200254620021e+02
1.701864821407453974e+02
-1.686900675259797993e+02
-1.758214310311105351e+02
1.794062826037874459e+02
-1.723115522300971350e+02
-1.787097726479395305e+02
1.712122437124371856e+02
-1.797218673327036527e+02
-1.765663696375494851e+02
-1.771042380265334373e+02
-1.782259191411820893e+02
-1.793772443127936924e+02
-1.719539089925476105e+02
1.758777021882163751e+02
1.769335144988741035e+02
-1.769993385865378457e+02
1.800000000000000000e+02
1.595129858066692918e+02
4.858462919034286287e+00
1.781912606775079553e+02
-1.797046635460529558e+02
8.670388402745368239e+01
-1.779010940667964462e+02
-1.624602248872890868e+02
1.767138980209247165e+02
-1.715110561194952936e+02
1.791185960034178777e+02
1.756839724801344005e+02
1.651362083785543291e+02
-1.782465951399284450e+02
1.772592094058174439e+02
1.736914109974451321e+02
1.764236656250026556e+02
7.362645067294970147e+01
-1.713412787676330140e+02
-1.797031333326753213e+02
-1.670740008752940469e+02
-1.735301800148268114e+02
1.782642954110716289e+02
-1.787097726479395305e+02
-1.020738309349502089e+02
-1.792292512546080161e+02
8.145471810469915397e+01
-1.715730309785193413e+02
-1.709541987384092465e+02
1.747807354720117701e+02
-1.768492835867322697e+02
-1.717900985616292928e+02
1.771375947738882530e+02
-1.736292830681059911e+02
-1.733407927338631964e+02
-1.674123066183512094e+02
-1.768778695378842940e+02
-1.783476953223486987e+02
1.718698976458440200e+02
1.794355278246930538e+02
1.791275428770979943e+02
-1.748826851500273563e+02
-1.757041594887284930e+02
-1.766002858408767509e+02
-1.757910150758297902e+02
1.778900571518667562e+02
-1.791185960034178777e+02
-1.716167515190706467e+02
-1.507435758774968049e+00
9.000000000000000000e+01
-1.787875719100550782e+02
1.796984460501317358e+02
1.758510963022656597e+02
-1.726547222488358955e+02
1.779335230143557567e+02
1.734969440551182913e+02
-1.691031092446745276e+02
-1.588752808539275065e+02
-1.791319485502544637e+02
-1.780054306987581469e+02
1.736305607938876960e+02
1.730616141946637754e+02
-1.791449026037332999e+02
1.773842451245781433e+02
1.683925843242050462e+02
-1.678631755447077296e+02
1.735925597174668269e+02
1.757543892158971062e+02
-1.748750766540209440e+02
1.791275428770979943e+02
1.788496369386703293e+02
-1.746106882400266045e+02
1.794464348141176231e+02
1.652564371635292844e+02
-1.645864184624959705e+02
1.745309050298880891e+02
-1.705376777919743745e+02
1.625820292077971487e+02
1.740355128987469016e+02
-1.583598352460645060e+02
-1.770517492780672910e+02
-1.785236314901869150e+02
-1.776991749851906945e+02
1.583340412767097689e+02
-1.695686264358143660e+02
-1.745460811114087676e+02
1.767379665226032444e+02
1.800000000000000000e+02
-1.582541096624665613e+02
-1.687448960063854599e+02
-1.737227015104024304e+02
3.632950739488206793e+00
-1.795264919412650784e+02
-1.729881417255249119e+02
1.797061780653492917e+02
1.741439864145710601e+02
-1.728749836510982050e+02
1.636790362693806458e+02
-1.746990734834743080e+02
-1.772072976342867037e+02
-1.794031905487708229e+02
-1.742635046131288448e+02
-1.797046635460529558e+02
1.773842451245781433e+02
1.740754180180175297e+02
9.398431600237222483e+01
-1.755443971666736900e+02
1.212428089944928455e+00
-1.722348339815746670e+02
1.776250384842386154e+02
-1.773162248405310208e+02
1.736598082540901089e+02
-1.724815731205578118e+02
-1.705376777919743745e+02
-1.781144002292203083e+02
1.690821146395685730e+02
3.742988295687134315e+00
-1.788260704556073790e+02
-1.767547450961098434e+02
1.676524118642416568e+02
1.684709642746457234e+02
1.717610394243647818e+02
9.509479217552888386e+00
1.695625246488818334e+02
1.077676404670869346e+02
1.800000000000000000e+02
7.978602701492951610e+01
1.791001402850956197e+02
1.791533259761385182e+02
1.800000000000000000e+02
1.764064338121347930e+02
8.806319961377896277e+01
1.800000000000000000e+02
1.791319485502544637e+02
-1.695762827899340266e+02
-1.725575587573457312e+02
1.169139327907418924e+00
-1.752852454812950498e+02
1.448841240075220753e+02
-1.732789704243618019e+02
9.431062582482053358e+01
1.797271650169319344e+02
-1.791048262897889458e+02
-8.882124083008876880e+01
-1.734633663512029216e+02
-1.767210137411455833e+02
-1.782285302599659360e+02
-1.771087304037794468e+02
3.224522606519907519e+00
1.592744411344394564e+02
1.751300582837189097e+02
-1.918280325146823007e+00
-1.575394159985033298e+02
-1.668947310097812817e+02
-1.684078245897089516e+02
1.464639530156925673e+02
-1.739760069176803654e+02
1.782193575540013057e+02
8.731622484053102085e+01
-1.671317044070602265e+02
-1.754367702457621476e+02
-8.097238704928490449e+01
1.769285378829296178e+02
-1.638693014478871248e+02
1.746990734834743080e+02
-9.866413543310807199e+01
1.790954049662673242e+02
1.768519039004372644e+02
-1.783153156821037157e+02
-1.691596945456694527e+02
-1.775690916629595790e+02
1.797076771307714580e+02
-1.758150838748815943e+02
-1.739333669263948821e+02
1.005658732711315082e+02
-1.732110254255612176e+02
-1.585232090204596318e+02
1.797395664321866207e+02
1.726865113719683507e+02
-1.703902618749472140e+02
1.787875719100550782e+02
1.773021943666836933e+02
-1.758972030767579895e+02
-1.767038840274537108e+02
1.777093899573614806e+02
9.881522102322315959e+01
-8.806319961377896277e+01
-9.442128942143060044e+01
-1.751792339219073540e+02
1.755587588105672125e+02
-1.756430249941537056e+02
8.379017385281373720e+01
-1.723275884002204634e+02
-8.971352348972293100e+01
9.053545898556453153e+01
1.024975327234404858e+02
-1.767547450961098434e+02
-1.744470289669631882e+02
1.761265102756554199e+02
-1.739275435927923183e+02
1.725242626144517715e+02
1.023030188667835683e+00
1.648828323454128508e+02
-1.780908475670036353e+02
1.787381824611138939e+02
-1.790833457436147285e+02
1.712738642237012812e+02
-1.784765352083481673e+02
-1.794327335901420781e+02
9.997512672045864690e+01
1.712950428936010780e+02
-1.666965695643758636e+02
-1.746607631962624225e+02
8.390413845540417981e+01
1.715449723228225309e+02
-1.794464348141176231e+02
-8.878112476486870719e+01
-9.000000000000000000e+01
9.404720191512218719e+01
1.794490960207814396e+02
-1.743954609376099540e+02
