1.776507213525198665e+02
-1.788248667627606494e+02
1.753971317337140476e+02
-1.785159853243378905e+02
-1.784161884291380602e+02
1.789390883097357801e+02
1.800000000000000000e+02
-1.792747757009407508e+02
-1.782100893917539395e+02
1.800000000000000000e+02
1.791001402850956197e+02
-1.790546108955355749e+02
-1.785890591796172657e+02
1.795575703419605418e+02
1.788711652033393591e+02
-1.779021914138078557e+02
-1.761345388301482444e+02
9.782574516640890749e+01
-1.792222770057364016e+02
-1.784845920999778741e+02
-1.775690916629595790e+02
-1.756180821568337933e+02
-1.777889060228289395e+02
1.800000000000000000e+02
-1.765577847141026382e+02
-9.373762954341010811e+01
1.792868113649824124e+02
-1.758777021882163751e+02
-1.784925642412250397e+02
1.791574757392596098e+02
-1.787491991852345734e+02
1.800000000000000000e+02
1.787491991852345734e+02
1.773974377975002028e+02
1.787875719100550782e+02
-1.734280773456841018e+02
-1.788126926842711839e+02
-2.194167352598712206e+00
1.773369992339328576e+02
1.795284404459238488e+02
-1.797335099239415968e+02
1.800000000000000000e+02
1.800000000000000000e+02
-1.780152968878464321e+02
1.791048262897889458e+02
-1.761689486389433057e+02
1.800000000000000000e+02
1.800000000000000000e+02
-1.787212886929501963e+02
-1.784656585002992415e+02
1.783864610671188018e+02
1.765015554349778313e+02
-1.794670313773457622e+02
1.732775234881655138e+02
-1.744631176375162909e+02
-1.774104981527590894e+02
-1.773842451245781433e+02
1.781816970355481828e+02
-1.784695608179852115e+02
1.783397176310171801e+02
-1.754260787400991433e+02
-1.796952380895789361e+02
-1.731463648283497889e+02
-1.754260787400991433e+02
-1.786295489822003901e+02
-1.794382946674334391e+02
-1.772257226886992214e+02
1.800000000000000000e+02
1.712337198381616474e+02
1.790906195508008523e+02
1.744653626379858622e+02
1.771113784501570478e+02
1.720451135507493632e+02
-1.789723832135583450e+02
1.794767654178158125e+02
-1.797651825462063755e+02
-1.763165136108395359e+02
-1.735041981545823546e+02
1.739909940425054629e+02
1.737199928743002317e+02
-1.792591475906106666e+02
-1.792079429078376052e+02
1.800000000000000000e+02
1.787437149710436870e+02
1.800000000000000000e+02
-1.787653682945958735e+02
1.769552215558060198e+02
-1.796968505562858809e+02
1.797205106094552605e+02
-1.791185960034178777e+02
-1.776626941408761979e+02
-1.756893741751794948e+02
1.788711652033393591e+02
-1.776140559696112007e+02
-1.794464348141176231e+02
1.800000000000000000e+02
1.786295489822003901e+02
-1.725457011872515523e+02
1.751655936937367244e+02
-1.797804770147403701e+02
1.776386253418243939e+02
1.797572227262331808e+02
1.751354855622394950e+02
1.677352262721076102e+02
-1.789241493792087283e+02
1.749920281079597260e+02
1.800000000000000000e+02
1.771815602191518906e+02
-1.793657552855738970e+02
1.759958270592906047e+02
1.796952380895789361e+02
1.768470629922246928e+02
1.794838357702351743e+02
-1.791185960034178777e+02
-1.764076701537506722e+02
-1.791968407481897714e+02
-1.776140559696112007e+02
-1.732338251774469313e+02
1.754933931162316867e+02
-1.795144541699918648e+02
1.800000000000000000e+02
1.800000000000000000e+02
1.779454271190743384e+02
-1.742593933610480974e+02
-1.737227015104024304e+02
-1.762623704565899061e+02
-1.794861502836458556e+02
1.797761894996314709e+02
1.769285378829296178e+02
-1.793233096597206782e+02
1.752363583092738111e+02
1.793904934233248127e+02
1.753093155442651607e+02
-1.784845920999778741e+02
1.776978917075634001e+02
-1.794670313773457622e+02
-1.781297819042515584e+02
-1.775889702533887942e+02
-1.794543424065842885e+02
1.786739456232951113e+02
-1.785750257274845865e+02
-1.784088597288054245e+02
-1.766690826195499540e+02
-1.791656544244532085e+02
1.767210137411455833e+02
-1.794123715837600344e+02
-1.790206803456605087e+02
1.770157178564066385e+02
-1.743954609376099540e+02
-1.786552756112976681e+02
-1.777542574341049146e+02
-1.794490960207814396e+02
1.797582470907319134e+02
-1.749363831469699164e+02
1.753800765183395924e+02
-1.722468381254411725e+02
-1.758353273481340864e+02
1.797661409741267562e+02
1.794123715837600344e+02
-1.796128722458490472e+02
1.776140559696112007e+02
-1.778470372108995434e+02
-1.789815156522868449e+02
-1.740355128987469016e+02
-1.778067654236244550e+02
-1.791117645047602309e+02
-1.791656544244532085e+02
1.800000000000000000e+02
1.752690613762207761e+02
-1.791736758602707482e+02
1.761493611760892577e+02
-1.788876003837022211e+02
-1.773438527960428814e+02
1.800000000000000000e+02
1.741984131123529949e+02
-1.750415490805146419e+02
-1.786930986506746706e+02
1.800000000000000000e+02
1.731300076917857496e+02
1.768983359701315408e+02
-1.783634229583832678e+02
-1.790977788384698499e+02
1.800000000000000000e+02
1.800000000000000000e+02
1.800000000000000000e+02
-1.766865746002072513e+02
1.739760069176803654e+02
-1.789723832135583450e+02
1.656772800217964630e+02
-1.774104981527590894e+02
1.770297693928035017e+02
-1.791930705448976369e+02
1.741823920831072314e+02
1.770436893424963500e+02
8.901223960036018923e+01
1.797735356476588038e+02
1.795245272675521448e+02
1.780725041133281081e+02
1.773709181143613591e+02
1.758150838748815943e+02
-9.492241818713598889e+01
1.725111007983599336e+02
1.788114613907911803e+02
1.791615850255978728e+02
1.768065507267167220e+02
1.779726772994997930e+02
1.779335230143557567e+02
1.800000000000000000e+02
-1.792042764472607246e+02
1.797347436566240333e+02
1.800000000000000000e+02
1.777974018382342081e+02
-1.745881308476829759e+02
1.785311992856141785e+02
1.772618534806448167e+02
-1.783082114317355149e+02
1.789035639160069877e+02
1.797359660187408963e+02
-1.793179396068273377e+02
1.756199395449363578e+02
-1.775318820861714642e+02
-1.759958270592906047e+02
1.800000000000000000e+02
1.776978917075634001e+02
-1.789583733239900312e+02
-1.791406277563553431e+02
-1.794815003127093291e+02
-1.787811247648687072e+02
1.800000000000000000e+02
1.757946429982914367e+02
-1.786425341554694057e+02
1.749960800477596763e+02
1.763322119444685825e+02
1.729332702835989153e+02
1.800000000000000000e+02
1.778470372108995434e+02
-1.721847064532331331e+02
1.792187423383913654e+02
-1.764236656250026556e+02
8.369290806526234405e+01
-1.789723832135583450e+02
-1.778434373252852083e+02
-1.735812132697612071e+02
-1.772378716866211903e+02
1.800000000000000000e+02
1.800000000000000000e+02
-1.730405779285010226e+02
-1.785524003131435222e+02
-1.792838400545296054e+02
-1.717927835880818463e+02
-1.777760387596145506e+02
1.765663696375494851e+02
-1.726476206401076468e+02
1.774438499214217018e+02
1.768675348014319866e+02
1.800000000000000000e+02
1.768519039004372644e+02
1.708648116405898350e+02
1.774995894356231361e+02
1.776140559696112007e+02
1.781352147406610129e+02
1.711479959006105673e+02
-1.797430699754964962e+02
1.791094637466394204e+02
1.791406277563553431e+02
1.764576388078062905e+02
-1.775342410050022579e+02
-1.748301721124421704e+02
-1.743657333442326092e+02
1.732053015714830337e+02
-1.772993706626047299e+02
-1.765015554349778313e+02
-1.792292512546080161e+02
1.800000000000000000e+02
-1.730616141946637754e+02
-1.761120904391669342e+02
1.759757715317273039e+02
-1.787381824611138939e+02
1.741633714751305035e+02
-1.789583733239900312e+02
-1.780335354317042516e+02
-1.788188110866733780e+02
1.800000000000000000e+02
-1.794996129012077688e+02
1.800000000000000000e+02
-1.785185428291129313e+02
1.726476206401076468e+02
1.727140408735197923e+02
-1.791094637466394204e+02
-1.732901631922430852e+02
-1.780998890344231427e+02
-1.730405779285010226e+02
1.797177570637291524e+02
-9.779207807821843801e+01
1.705793474424553722e+02
-1.762915718428695584e+02
1.715642324866485353e+02
1.780152968878464321e+02
1.730816135933063435e+02
1.755153939904553795e+02
1.800000000000000000e+02
-1.783788540863465926e+02
-1.779361802715430372e+02
1.771087304037794468e+02
-1.728749836510982050e+02
-1.707736557802238053e+02
1.756749395652615249e+02
1.781177175569892768e+02
1.800000000000000000e+02
-1.764236656250026556e+02
1.800000000000000000e+02
1.788940412477114990e+02
-1.791083088924781350e+02
1.794670313773457622e+02
-1.764064338121347930e+02
1.766002858408767509e+02
1.735041981545823546e+02
1.758510963022656597e+02
1.800000000000000000e+02
-1.737580856525849526e+02
1.800000000000000000e+02
-1.794861502836458556e+02
1.794183369424946193e+02
1.800000000000000000e+02
