-1.615650511770780042e+02
-2.578732818281437034e+01
1.735956472736158673e+02
1.002511987508174371e+02
1.800000000000000000e+02
1.730080746533322156e+02
1.752363583092738111e+02
-8.390413845540417981e+01
1.737227015104024304e+02
-1.783977386537290215e+02
-1.753645365730973538e+02
-1.788065105760179847e+02
1.772736890060937469e+02
-1.563368592918056663e+02
-1.764862497393950491e+02
-1.733951645032460362e+02
-1.697431801583036304e+02
1.652345768900714518e+02
-1.790122396003601750e+02
1.738298249049703941e+02
-1.782816419983445542e+02
-9.113442163097700188e+01
-1.767295120768164338e+02
-1.519553130520251898e+02
1.800000000000000000e+02
9.600900595749452293e+01
-1.716492474676686015e+02
-2.629479007058385420e+01
1.051180749543747073e+00
-1.766002858408767509e+02
1.782773379283771931e+02
-1.686900675259797993e+02
1.800000000000000000e+02
1.783634229583832678e+02
1.303836479064489993e+02
-1.699920201985586914e+02
-1.783788540863465926e+02
-1.662930389959201989e+02
-1.636571174565581259e+02
1.619958383940866327e+02
-3.179830119864234472e+00
-1.789190758133393331e+02
-1.787363274483417399e+02
1.800000000000000000e+02
-1.717405620201211889e+02
1.739909940425054629e+02
1.714391104288353915e+02
-1.719267951241747880e+02
-8.428940686250037118e+01
1.755587588105672125e+02
1.698457334197997568e+02
-1.730887728809753412e+02
-1.741554341226131442e+02
-1.772736890060937469e+02
-1.750728900523509992e+02
1.800000000000000000e+02
-1.776140559696112007e+02
1.800000000000000000e+02
-1.753893506813394083e+02
1.786677801461303545e+02
-1.152372170389732986e+01
-1.667920715372208917e+02
-1.686900675259797993e+02
-1.765577847141026382e+02
-1.728065299447044652e+02
1.561939213871078280e+01
-1.780585136090856224e+02
-1.787811247648687072e+02
1.800000000000000000e+02
1.790206803456605087e+02
-1.632101696288152652e+02
-1.831873036260946108e+01
-5.885987833028266891e+00
-1.752852454812950498e+02
-1.759504182967286283e+02
-1.694481904938077150e+02
2.270284212321282169e+01
1.725685920288274815e+02
-1.451378038530851313e+02
-1.702867489750597372e+02
-1.628972710309476213e+02
-1.728749836510982050e+02
7.156505117707799002e+01
1.771375947738882530e+02
1.627185016281833612e+02
1.800000000000000000e+02
-1.728007663616323555e+02
1.765663696375494851e+02
-1.777542574341049146e+02
-1.781912606775079553e+02
1.800000000000000000e+02
9.222396124038549203e+01
1.790451587461278109e+02
-1.609249015075544378e+02
6.710944834375166579e+01
1.745881308476829759e+02
-1.584985656759521078e+02
-1.661713490277198559e+02
-1.750540334528958510e+02
-1.768697551377809134e+02
1.784088597288054245e+02
-1.785767951533669020e+02
-1.692711407019899639e+02
1.713358645668919564e+02
1.704667672099699871e+02
1.782285302599659360e+02
1.745596679689944892e+02
-1.766335393365701805e+02
1.693150875999972698e+02
1.773102296768495592e+02
1.658157057517291832e+02
1.701806993612420911e+02
-1.020947570770121047e+02
-1.763955794608243082e+02
1.794093427853533171e+02
-1.764236656250026556e+02
1.354006632557921534e+02
-1.699920201985586914e+02
1.782986453946738834e+02
-2.366314070819434789e+01
-1.705376777919743745e+02
1.800000000000000000e+02
1.716341138759674152e+02
1.763734282161203737e+02
1.782239557466412521e+02
-1.770492208909936664e+02
-1.775940294833546886e+02
1.722552894535770918e+02
2.434108993669251220e+01
-6.709836807756933474e+00
1.600620082557944670e+02
1.774886367328369374e+02
-1.699309373011105606e+02
-1.757411538778296460e+02
1.718698976458440200e+02
1.715730309785193413e+02
-1.282878287145542018e+01
-1.783788540863465926e+02
-1.665042667192041961e+02
1.257546549974442840e+01
-1.751354855622394950e+02
-1.772736890060937469e+02
-1.757493454253487926e+02
-1.613950345261976906e+02
-8.063349004298788714e+01
-1.794884441334129690e+02
-1.772550441061618756e+02
1.742894068625003570e+02
-1.578336541779175661e+02
-1.795755945806385228e+02
1.755251034937539032e+02
9.392590770368397557e+01
-1.536495387540514059e+02
1.800000000000000000e+02
-1.782100893917539395e+02
1.672424678391233499e+02
-1.621145913653411430e+00
-1.771135814561353925e+02
1.466336339989404394e+02
-1.709492783228162693e+02
-1.757411538778296460e+02
9.116913932790741626e+01
1.615650511770780042e+02
-1.788542371618248978e+02
-1.513895403340347912e+02
-1.721644748935114535e+02
-1.792257798350719327e+02
1.800000000000000000e+02
-1.728065299447044652e+02
-1.791574757392596098e+02
-1.704508660712640733e+02
-1.771936297482117766e+02
-1.486900496174655188e+02
-1.770891621738322499e+02
-1.718218710187744023e+02
1.779174347202691422e+02
-1.705376777919743745e+02
1.657274866155996733e+02
-1.690113489035060184e+02
1.694481904938077150e+02
3.182744657667310761e+01
-1.397334383305754955e+02
-1.776862775021757841e+02
-1.764236656250026556e+02
-1.747625239331874809e+02
3.652222780306335626e+00
-1.669384489166718879e+02
1.186949043793434555e+02
9.664527821027442656e+01
7.741230661835122362e+01
1.728157326075731532e+02
1.794838357702351743e+02
-1.123801350519595843e+02
-1.756430249941537056e+02
1.791987126698930126e+02
8.337922391768502450e+01
1.788465495488946431e+02
1.760548137709624541e+02
-8.843777508315760372e+01
-1.770262689175199000e+02
-1.746948903937896205e+02
-1.774169793313649279e+02
-1.745076754428725678e+02
1.766981343255650074e+02
-1.732599439020530667e+02
-1.751469036130076233e+02
1.761287437680143739e+02
1.776531257075127144e+02
-7.225532837494306193e+01
1.590342881594425819e+02
-4.528824236932539549e+00
-1.082518958370785356e+02
-8.170285503016313555e+01
8.349437335431632334e+01
1.632640041485239522e+02
-1.761287437680143739e+02
1.658276622998680523e+02
-1.625528115767178008e+02
-1.758608107442738060e+02
1.636104596659652373e+02
1.650685828218624636e+02
-1.795488614532127372e+02
-1.688571101416606837e+02
-1.707164471947386630e+02
-1.730115102700165437e+02
1.701722759888368728e+02
-1.780519149934850702e+02
1.722596588411620928e+02
-8.865737597346223708e+01
-9.719923363836764452e+01
1.788002637618786252e+02
1.735712522511701366e+02
-1.786677801461303545e+02
1.547988763545249356e+02
1.788188110866733780e+02
1.736598082540901089e+02
1.600620082557944670e+02
1.800000000000000000e+02
-1.793414568224364132e+02
1.764552335444051323e+02
-1.786251652194305848e+02
-1.795225462226904369e+02
1.607802265740861003e+02
-1.763477772196936826e+02
1.800000000000000000e+02
1.662509510165807001e+02
-3.468229258917147728e+00
-1.734537092167059882e+02
1.781221225527146430e+02
1.715449723228225309e+02
-1.746343690733601761e+02
-1.772297842027998058e+02
1.439359296849051972e+01
-1.743753719585540978e+02
-1.191676133795778014e+02
1.776140559696112007e+02
-1.398990924537877731e+02
-1.624201485733447328e+02
1.038075190162013115e+02
1.681663546938393381e+02
9.320948631779198479e+01
-1.674066700438968667e+02
-1.765466837494689116e+02
-1.716213274937844346e+02
1.800000000000000000e+02
-1.710273733851036013e+02
1.738844964337145882e+02
-8.656636963754948511e+01
-1.735765295634434437e+02
-1.788188110866733780e+02
1.777320454640941705e+02
-1.785497837090665598e+02
-1.751354855622394950e+02
-7.792078078218435344e+00
-9.804906170167450341e+01
-1.743327143217608750e+02
-1.709723870492849187e+02
1.698244891569567869e+02
-7.782854179141253326e+01
1.328789036033385571e+02
-1.772208331359279327e+02
-9.428915332881902600e+01
1.764604408314500574e+02
-1.540359314617699624e+02
1.613843079926689654e+02
5.767888897914144053e+00
1.748055710922652111e+02
1.764964683552155691e+02
-2.469155816347806365e+01
-7.523820438638627373e+00
-1.757636052009411856e+02
1.689174305369703575e+02
-1.752690613762207761e+02
5.946863053973499902e+00
1.752363583092738111e+02
-1.716656354826421875e+02
1.800000000000000000e+02
1.775940294833546886e+02
6.317801879841849910e+01
-1.768492835867322697e+02
-1.703401069215576911e+02
-1.642611985625505611e+02
1.600576154183030155e+02
1.675825542099236998e+02
-1.711041430303367008e+02
1.727367552594154461e+02
1.736598082540901089e+02
-1.654655449194598873e+02
1.735956472736158673e+02
-1.776531257075127144e+02
1.800000000000000000e+02
1.641738459238274572e+02
-1.658157057517291832e+02
-1.266456491646203233e+02
1.800000000000000000e+02
-1.764482666451795865e+02
1.767979794166778618e+02
1.781720317556950022e+02
-2.294893728092327478e+01
0.000000000000000000e+00
-1.770390638658362548e+02
-1.753800765183395924e+02
1.786573759734622513e+02
1.764236656250026556e+02
