-1.759143832200251154e+02
1.800000000000000000e+02
-1.785913712646615465e+02
-8.388449643371460240e+01
-1.781720317556950022e+02
-1.718698976458440200e+02
-1.774142056575755362e+02
-1.770792784789996119e+02
1.690949779547655396e+02
1.496763931374500203e+02
-1.728007663616323555e+02
-1.536819118603482650e+02
-1.734474453291707334e+02
6.809129517181808922e+01
-1.781523897340053963e+02
-1.758724082974882776e+02
-8.821008939175393948e+01
-1.649136459915348780e+02
1.782816419983445542e+02
-9.204540848888723303e+01
-1.741303995569853100e+02
-1.747691928244468045e+02
1.748479182977937967e+02
1.771375947738882530e+02
-1.719297678220819137e+02
1.726809806244095853e+02
-1.793969088056194607e+02
1.788982938847936452e+02
1.716167515190706467e+02
-1.716492474676686015e+02
1.772208331359279327e+02
1.748978347476418094e+02
-1.779249736385825997e+02
1.732278400338864515e+02
-1.723422903062861451e+02
-1.688869594640516993e+02
-9.396465472285612464e+01
-1.731402399944742001e+02
1.724926533330503560e+02
-1.597493664907175344e+02
-1.773775985394589156e+02
-1.762218022928384187e+02
1.600540021383990563e+02
-1.518374726256764120e+02
-1.700150397953566710e+02
-1.640546040990771246e+02
1.615650511770780042e+02
-1.472647737278923898e+02
1.614170003967336697e+02
-1.795724274931666002e+02
9.466685837143900528e+01
1.710273733851036013e+02
-1.487362683056225592e+02
-1.692157021324374284e+02
-1.620069121820262410e+02
1.800000000000000000e+02
-1.782376089763394873e+02
1.033392489033633979e+02
-1.639091836511478562e+02
-8.591438322002512962e+01
-1.459806500101735480e+02
-1.456922121552840395e+02
-1.588864999216347655e+02
-1.420832859997525475e+02
-1.392222302061426831e+02
-1.734943733543163091e+02
-1.744470289669631882e+02
1.697488012491825771e+02
-1.487680904514830331e+02
1.708583597764751119e+02
1.736598082540901089e+02
-1.766002858408767509e+02
1.007288592980100645e+02
-1.593255752391260955e+02
-1.659637565320735177e+02
-1.782239557466412521e+02
1.779174347202691422e+02
1.789087837747374010e+02
1.772208331359279327e+02
-7.873938131725627620e+00
1.476803834918198106e+02
-1.613999341139669355e+02
1.795523858291394674e+02
1.800000000000000000e+02
1.735301800148268114e+02
1.761493611760892577e+02
1.529164491356313533e+02
-1.777542574341049146e+02
1.680238675557966417e+02
1.312414443145280245e+02
-1.661849746587383834e+02
1.665221772467586732e+02
-1.770133630095248520e+02
-9.327048792318356618e+01
1.710273733851036013e+02
-1.749575489308290912e+02
1.782100893917539395e+02
1.767979794166778618e+02
-1.685304696671331044e+02
-1.706229393056956383e+02
1.466336339989404394e+02
-1.736010433726310680e+02
-1.575367875105928590e+02
-1.627185016281833612e+02
1.690113489035060184e+02
-1.595129858066692918e+02
-1.760090869015702140e+02
8.878112476486870719e+01
-1.739909940425054629e+02
1.757321066997091918e+02
1.699309373011105606e+02
1.752363583092738111e+02
1.561813495002662364e+02
-1.772993706626047299e+02
-1.704399035191136988e+02
1.527959889239303664e+02
-1.694919778597675872e+02
1.721847064532331331e+02
-1.772993706626047299e+02
1.763086140135487199e+02
1.541336432059054857e+02
8.414398641457104588e+01
1.800000000000000000e+02
-1.430394445508366630e+02
-1.709097230791776667e+02
-1.796075692906591428e+02
-1.737741709355742330e+02
1.668274465766731112e+02
-1.512849224718833909e+02
1.728114628572633649e+02
-1.659637565320735177e+02
-1.607802265740861003e+02
-1.759504182967286283e+02
1.770535526199876699e+02
1.589624889745781786e+02
-8.152885536698516944e+01
-1.712977762100532004e+02
-1.764513180260955494e+02
1.692342444552570839e+02
-1.767060350121548993e+02
-1.581985905136481847e+02
1.600962504626921827e+02
1.524254360403056126e+02
1.491331905488629275e+02
1.776626941408761979e+02
1.690771952801307236e+02
1.016336339989404394e+02
-1.399206160363639810e+02
-1.401944289077348174e+02
1.621649850573319327e+02
1.658276622998680523e+02
-1.220053832080835008e+02
-1.472647737278923898e+02
1.654833000411453554e+02
-1.484486150516865166e+02
-1.718698976458440200e+02
1.709492783228162693e+02
-1.668035368077815122e+02
1.694919778597675872e+02
-1.708376529542782976e+02
1.674210647625069441e+02
1.036269948598915391e+02
-1.693803447238448712e+02
8.181496402939454526e+01
-1.754120218759275076e+02
1.023247274341373725e+02
-1.534349488229219958e+02
9.976667939577269806e+01
-1.615650511770780042e+02
-1.686900675259797993e+02
-1.531991650530454194e+02
1.188865817669107088e+02
1.665430637692332994e+01
-1.731363080853729457e+02
1.791756571791548538e+02
-1.671756018977648637e+02
-1.367098140441415524e+02
1.678631755447077296e+02
-1.670472354866244871e+02
-1.416134604823147640e+02
1.749575489308290912e+02
-1.788147391813776039e+02
1.753893506813394083e+02
1.428957650942937789e+02
1.766050764578817507e+02
-1.541671234004858206e+02
1.748978347476418094e+02
1.795264919412650784e+02
1.733255309528824455e+02
1.750540334528958510e+02
1.721935991707642302e+02
1.754057466687335989e+02
1.752852454812950498e+02
-1.050463918321985091e+02
-1.440578881286176625e+02
1.719509382983254966e+02
-1.763255004791703584e+02
-1.725930878715047641e+02
-1.456011548636521411e+02
1.683663660010595606e+02
1.762218022928384187e+02
-1.580968219181608561e+02
-1.706184898392517653e+02
1.791384742654327624e+02
-1.778789036033385571e+02
1.769266674889266540e+02
1.095366549381283932e+02
1.781912606775079553e+02
-1.550187603937839356e+02
-1.466114864238884934e+02
1.649536081678014909e+02
-1.580088700828228809e+02
-1.721309244482094982e+02
-1.735169263071027501e+02
1.775889702533887942e+02
-1.669613434169770301e+02
7.726035320751790891e+01
1.023553598650835283e+02
-1.332285302599659076e+02
1.795264919412650784e+02
-1.677352262721076102e+02
9.805910390287095879e+01
-6.224145939893998047e+01
1.141455419604216530e+02
-1.695483670560113296e+02
-1.686046789461071569e+02
-1.757461635638808275e+02
-1.708194580423738387e+02
1.756839724801344005e+02
1.772297842027998058e+02
1.765317707410828802e+02
1.789087837747374010e+02
1.454914770123315861e+02
-1.645051514008613651e+02
-1.663423574941878655e+02
-1.794743653935423993e+02
1.674123066183512094e+02
-1.722079219217815762e+02
-1.716167515190706467e+02
1.761214754971522893e+02
1.637798063043971979e+02
-8.679051368220801521e+01
-1.607581217219756127e+02
-1.679052429229879237e+02
1.744885225839794032e+02
1.755443971666736900e+02
-9.788313931672973922e+01
1.800000000000000000e+02
1.783864610671188018e+02
1.497781617329373773e+02
8.793618027154305139e+01
-1.582945632538944096e+02
-1.791815445383113854e+02
-1.794327335901420781e+02
1.739909940425054629e+02
1.800000000000000000e+02
1.724761795613613629e+02
-1.795755945806385228e+02
-1.791873484057462633e+02
-1.726476206401076468e+02
1.733792239176850103e+02
1.794327335901420781e+02
-1.790608090542644391e+02
1.116147789427862449e+02
-1.771658889836934918e+02
1.644274564031897512e+02
1.553361852875364661e+02
-1.724673985990526432e+02
-1.748572354421157797e+02
-1.752363583092738111e+02
-1.780079064270335607e+02
1.800000000000000000e+02
-1.598803668591817200e+02
1.800000000000000000e+02
-1.604160062297517868e+02
-1.781282550347112590e+02
-1.784925642412250397e+02
1.774169793313649279e+02
1.781373790506933403e+02
-1.704633642415405745e+02
1.040362434679264823e+02
-1.625176248178784419e+02
1.800000000000000000e+02
-1.742417398356332399e+02
-1.585400392695143239e+02
-1.751354855622394950e+02
1.703401069215576911e+02
-1.773974377975002028e+02
1.751864491062934803e+02
-1.658329444773688124e+02
-1.666863676878566025e+02
1.696241550799489630e+02
-1.633007557660064037e+02
-1.776386253418243939e+02
1.677995312726192196e+02
-1.345878072585976781e+02
-1.787939512207800590e+02
-1.503269178879221784e+02
1.660683107581970148e+02
1.614207296195553170e+02
7.567728002179644875e+01
-1.769872124958166637e+02
-1.578075330951539179e+01
1.290740867126583780e+01
-1.772169792461433815e+02
1.790206803456605087e+02
1.777542574341049146e+02
6.819859051364818470e+01
5.233861647216431656e+00
-1.491391083116505172e+02
1.705376777919743745e+02
-1.780250659891180192e+02
-1.777542574341049146e+02
1.769552215558060198e+02
1.770750220508436428e+02
-1.673393770797412685e+02
-1.652564371635292844e+02
1.724761795613613629e+02
-1.717328266644893802e+02
-1.523332427077156410e+02
1.750062560141766141e+02
1.584046895510323338e+02
-1.662729034214502235e+02
1.791185960034178777e+02
