1.764339934822320970e+02
1.788258242310530761e+02
-1.776853836578035271e+02
-1.785012286817492395e+02
1.756498073239913538e+02
-1.782846197585944310e+02
1.743660989262147609e+02
1.727766921033099266e+02
1.745190607934295883e+02
1.780979144702208714e+02
-1.786840400761849423e+02
-9.500556491648711699e+01
-1.794972775070850730e+02
-1.776635096064598827e+02
-1.783340883258728411e+02
-1.788013680348496166e+02
-1.769911616403925620e+02
1.794659655017730984e+02
-8.947733588670271843e+01
-1.743051890651327653e+02
-1.792331184810451248e+02
1.734365613009512401e+02
-1.789835977405794267e+02
1.788933208502025707e+02
-1.739643912620625770e+02
-1.763613546869504773e+02
-1.738531038973723355e+02
-1.759423446464536767e+02
-1.773318047135178119e+02
-1.791737493151135538e+02
-1.797257066587586110e+02
-1.769215610027165724e+02
1.741731957934584045e+02
1.766990598090477818e+02
-1.757638918982662517e+02
-1.740487775720868626e+02
1.766449251726835428e+02
1.794278150287110520e+02
1.790882202401773782e+02
-1.744684853788499197e+02
1.785979204876307449e+02
-1.785366080192429763e+02
-1.796870715333678845e+02
-1.771832773254323854e+02
-9.175914541681845549e+01
8.590524608707860921e+01
-1.777104307858797370e+02
-1.788939572049006586e+02
-1.772995416915579199e+02
1.749685657054438082e+02
9.480293518893054738e+01
1.790066921445723267e+02
-1.698461304478843488e+02
-1.799907148655725564e+02
-1.187094862962610797e+00
1.797353562491559558e+02
4.774694472541892054e+00
1.775863837688002320e+02
1.759825034397868819e+02
1.797305654555333376e+02
-1.746146231046522530e+02
1.788768271392617351e+02
-1.776022448867064725e+02
-1.750742768544203898e+02
-1.799904371561410414e+02
1.759228244205526437e+02
1.787682912370475208e+02
1.785564102633234427e+02
-1.757190974684808964e+02
1.791846022488439303e+02
-1.797192388894530950e+02
1.770307237609022479e+02
1.797476934221166402e+02
1.788830733996194908e+02
1.612705648484850371e+02
-1.791038275812484244e+02
1.799893900278199226e+02
1.565770921313727229e+02
-1.679386996426556209e+02
1.669224559413986810e+02
-1.769164078019391582e+02
-1.703062929709254831e+02
-1.797138408413983086e+02
-1.797445385212965334e+02
-1.765793017974903307e+02
1.772625006095335323e+02
1.797575025790106054e+02
1.773628303504866608e+02
1.779528898716888818e+02
1.742776917904814695e+02
-1.731265242498234045e+02
-1.797082311551472742e+02
1.778970818572043697e+02
1.787052757753198762e+02
-1.788120089474336396e+02
-1.797519880528844567e+02
1.780848348167197344e+02
1.796914685094507149e+02
-1.797217129456404621e+02
1.797484251089617544e+02
-1.759796804815418909e+02
1.717145994508282456e+02
-1.758652767796066030e+02
1.784799281377724469e+02
-1.780258336429491521e+02
-1.747684378769760372e+02
1.738017622685395622e+02
-1.747894856654593241e+02
1.792493631614926244e+02
1.781467909936512513e+02
-1.777976578254030073e+02
-1.785716418596128676e+02
-9.910168463322283117e+01
-1.780988253890184012e+02
1.727363876669277545e+02
-1.797126517736993776e+02
-1.780181302145007578e+02
-1.719200168220378089e+02
1.740829903400502587e+02
-1.786422555706065793e+02
1.797509203002576044e+02
1.770955219689078035e+02
1.794177775374452040e+02
-1.787229454501344321e+02
1.796920355556750906e+02
-1.774188034458976517e+02
1.727158847665299106e+02
1.770307237609022479e+02
-1.785661531960908519e+02
-1.732447746366002548e+02
-1.729221203257339710e+02
-1.777636821177071909e+02
1.791693824149873251e+02
-1.787944646758904526e+02
1.797832752435051304e+02
9.059313468842815098e+01
1.743529336659758542e+02
1.797744572739329669e+02
1.794319055339300633e+02
-1.756324914120788492e+02
-1.747396707380831629e+02
-1.780310954417080040e+02
1.764037056922408624e+02
-1.786124954134338054e+02
-1.749209538925270522e+02
-1.790174676466382095e+02
1.797529288662883005e+02
-1.788300838634734760e+02
-1.776517665590909587e+02
-1.779339469634711861e+02
-1.773287873852416112e+02
1.797099715150351642e+02
1.774747646028432086e+02
1.748347342617619518e+02
1.774671985959929259e+02
-1.757868716720979876e+02
1.685393446360728262e+02
1.797217505424823685e+02
1.771269414837162515e+02
1.782587975158266431e+02
1.792593539390579451e+02
1.797529288662883005e+02
1.706891513243584768e+02
1.799889618976698671e+02
-1.709481175401685391e+02
-1.785272463213790672e+02
-1.778675623874729013e+02
-1.729869056167122210e+02
-1.749852449491398545e+02
1.732697965553535937e+02
-1.786607880539660016e+02
1.752033898199479722e+02
1.761625490563854726e+02
1.735414200797536637e+02
-1.761368552226159636e+02
1.785457754275550144e+02
1.583545004459772088e+02
-1.791558546323746555e+02
-1.786057965225431303e+02
9.112760135022983832e+01
1.777538298592448314e+02
1.780747164413327539e+02
-1.767621559269448710e+02
-1.771969925950907339e+02
1.741623822197325353e+02
1.140471604567647859e+02
1.710749764375920279e+02
-1.770673227484353163e+02
1.799876309305480788e+02
1.764116213039096976e+02
-1.779839054065420498e+02
1.797081082201780760e+02
1.789334546904809997e+02
1.797317793418321230e+02
-1.792398140904525121e+02
1.796849373878831955e+02
1.788926315751001255e+02
1.781913556478030216e+02
-8.730149914804671596e+01
1.770465437959490203e+02
1.792593539390579451e+02
-1.791118706788547286e+02
-1.796834059237020540e+02
-1.787770312859308603e+02
-1.745868411466997827e+02
1.760651417543593880e+02
1.796936145140357723e+02
-1.797269646180530742e+02
-1.764371614450556933e+02
-1.781640535684444444e+02
1.785491575703192666e+02
8.665487166806784103e+01
-1.780055414502360236e+02
1.779767532280514786e+02
1.656980192737696882e+02
1.799917093607036520e+02
1.728337372865139798e+02
-1.797467122356393645e+02
-1.781251904035891300e+02
-1.782770577714333342e+02
-1.410714882392433651e+02
8.890766834357937398e+01
-1.614631833384630113e+02
1.784637682265551177e+02
1.794726403291036263e+02
-1.792194265560180497e+02
1.695841925716576952e+02
-1.653994867256302257e+02
1.746844385464967786e+02
-1.751717665248203559e+02
1.797056862792277059e+02
-1.760582042084629961e+02
-1.774093300603015848e+02
1.739439933890403438e+02
1.714463236615836479e+02
-1.797124587400541031e+02
-1.797231556421567689e+02
1.448669876140499184e+02
1.764603192996343921e+02
-1.781469899487914859e+02
9.083851762324383117e+01
-1.797218622569066326e+02
1.720056038558830949e+02
1.770602541583538994e+02
1.788972696759414021e+02
1.727370692633590181e+02
-1.791208383207539896e+02
-1.731901134748528079e+02
-1.797231181366533121e+02
-1.795135426604856264e+02
1.781847369660579261e+02
1.745702823228121190e+02
1.762503123732818153e+02
1.789640376433917197e+02
1.792037366870525261e+02
8.663820736376294462e+01
1.797221098423962076e+02
-1.733747388851620315e+02
-1.797282110916480065e+02
-1.764858606435525701e+02
1.717515664160233086e+02
1.791069244753027192e+02
1.788431858673309591e+02
-1.797180743491417729e+02
-1.727625664443069979e+02
1.762286704528100358e+02
1.797311571042042431e+02
-1.709177980453671637e+02
1.794215318720297319e+02
1.797353562491559558e+02
-1.768444525933738305e+02
-1.741219636513662010e+02
1.727370692633590181e+02
-1.786606592185303555e+02
1.749694896596818410e+02
1.751736663655034647e+02
-1.778963322125463833e+02
-1.776310967607823841e+02
-1.773272589696371995e+02
-1.794699386161801726e+02
-1.777776154306087335e+02
-1.781077030140505997e+02
1.768866854633435821e+02
1.745063182202088399e+02
-1.769982820407013833e+02
-1.758858586522109135e+02
1.770763341973426748e+02
-1.789531651504756553e+02
1.797367973311138485e+02
-1.799904778416536999e+02
-1.547995655222956088e+02
1.620444690334194320e+02
-1.745361941381223403e+02
1.786251396504508477e+02
1.749626283733774699e+02
1.791746498815971620e+02
1.429046657905965674e+02
-9.169641744208861667e+01
-1.775968916061285654e+02
1.767160611099632206e+02
1.799901385898784270e+02
-1.786806333759796814e+02
8.260829789997062278e+01
-1.715367232828884312e+02
-1.754029552304222079e+02
-1.797580291325518829e+02
1.785117730491471661e+02
-1.790918221844437710e+02
1.794088207722716675e+02
-1.745985915373867670e+02
1.709942426695666029e+02
-1.790990624804070990e+02
1.381505772519898869e+02
1.797081082201780760e+02
1.721362799854014725e+02
1.787047488467541427e+02
1.775314318155345745e+02
1.752106077937552300e+02
1.023048208096050473e+02
8.139078661909857715e+01
-1.758801200485657148e+02
1.756561768848708596e+02
-8.974453852129654763e+01
1.676707185757027219e+02
