1.441073343122544088e+02
1.757321066997091918e+02
-1.794884441334129690e+02
1.717976457553744183e+02
1.675925814725992780e+02
1.761493611760892577e+02
-1.794838357702351743e+02
1.800000000000000000e+02
1.800000000000000000e+02
1.800000000000000000e+02
1.749575489308290912e+02
1.782642954110716289e+02
1.800000000000000000e+02
1.743327143217608750e+02
1.750540334528958510e+02
1.735006537203454400e+02
1.794884441334129690e+02
1.738844964337145882e+02
1.786881122174958989e+02
-1.793738415464648028e+02
-1.752852454812950498e+02
-1.612586595548072808e+02
-1.753225821411182608e+02
1.714692343900518665e+02
-1.698592068538872013e+02
1.776386253418243939e+02
-1.789677553084342776e+02
1.781912606775079553e+02
1.730189425931702090e+02
1.727468053872746623e+02
-1.769672973838230234e+02
-1.790530485532265459e+02
1.748055710922652111e+02
-1.747581800530204532e+02
-1.723666694127686867e+02
-1.787897058310787770e+02
1.755251034937539032e+02
-1.773245733439708545e+02
1.760396881695416198e+02
1.759143832200251154e+02
-1.765317707410828802e+02
-1.749203921399854380e+02
-1.778789036033385571e+02
-1.607581217219756127e+02
1.683497005624623455e+02
1.368240898323761314e+02
1.770185387800177921e+02
-1.742894068625003570e+02
1.692157021324374284e+02
-1.731765376009664692e+02
-1.791512357284464088e+02
-1.770792784789996119e+02
-1.675175106150455235e+02
1.800000000000000000e+02
1.678285417914125333e+02
-1.794153694792948386e+02
-1.777760387596145506e+02
1.766615294562356553e+02
-1.774632382618400186e+02
1.765761287550693339e+02
-1.615650511770780042e+02
1.800000000000000000e+02
1.253313313389163852e+02
1.800000000000000000e+02
1.790608090542644391e+02
-1.737741709355742330e+02
-1.789291755452130417e+02
-1.739909940425054629e+02
1.554722795197419316e+02
1.709285024228228451e+02
1.789488192504562676e+02
1.800000000000000000e+02
-1.524639268918428741e+02
-1.710273733851036013e+02
-1.728749836510982050e+02
1.800000000000000000e+02
1.754752315271658176e+02
1.800000000000000000e+02
-1.789488192504562676e+02
1.800000000000000000e+02
-1.590342881594425819e+02
-1.774208524997165739e+02
-1.751009075462122553e+02
1.745309050298880891e+02
-1.778789036033385571e+02
1.784925642412250397e+02
1.507086378290157427e+02
1.779249736385825997e+02
1.783750236424752416e+02
-1.775889702533887942e+02
1.769606004310730896e+02
-1.741736579704442534e+02
-1.747099187946287486e+02
-1.632442510708010275e+02
-1.774362297885350017e+02
1.769552215558060198e+02
-1.665042667192041961e+02
-1.653112132266816161e+02
-1.733792239176850103e+02
1.009540626433983306e+02
1.658576533579673082e+02
1.717028550301631356e+02
1.635513918729601812e+02
1.800000000000000000e+02
1.714444417565871106e+02
-1.789646468134550616e+02
-1.763477772196936826e+02
1.793338000298168708e+02
-1.724053566314085799e+02
1.800000000000000000e+02
8.773204546409417048e+01
1.708529196151248470e+02
-1.692711407019899639e+02
-1.777760387596145506e+02
-1.783516554951038700e+02
1.800000000000000000e+02
-1.700181707122668513e+02
-1.661028236849846564e+02
1.695085229876684139e+02
1.777760387596145506e+02
1.800000000000000000e+02
1.757108466711809740e+02
1.742321111020858666e+02
1.235461085839077811e+02
1.573801350519595701e+02
9.988798881557781328e+01
1.763861192479963620e+02
1.430112316128560224e+02
1.736983912647651493e+02
1.690987323469699390e+02
1.659637565320735177e+02
1.686900675259797993e+02
1.766580561427388716e+02
1.771375947738882530e+02
1.675825542099236998e+02
1.791117645047602309e+02
1.168163468442869259e+02
-1.776337520085442065e+02
1.756012946450044865e+02
1.790759546472272916e+02
1.722596588411620928e+02
-1.782285302599659360e+02
-1.712147012821154135e+02
1.639741325515502410e+02
1.727468053872746623e+02
1.778919046876430059e+02
-1.718019311539837020e+02
-1.744006606634794423e+02
1.800000000000000000e+02
-1.729834982552770839e+02
-1.705376777919743745e+02
1.776721849109588618e+02
1.796075692906591428e+02
-1.796021190381654264e+02
1.800000000000000000e+02
8.428940686250037118e+01
-1.721607366681945734e+02
-1.697960262782683287e+02
-1.733951645032460362e+02
1.711193408494797836e+02
-8.673174047879765425e+00
-1.711353766115892086e+02
1.714163785198860523e+02
1.659637565320735177e+02
1.800000000000000000e+02
1.751864491062934803e+02
-2.385047390807692480e+01
-1.703541557433880200e+02
1.759958270592906047e+02
-1.789677553084342776e+02
-1.748572354421157797e+02
1.794694986833262078e+02
-1.758023316428390785e+02
1.800000000000000000e+02
1.800000000000000000e+02
1.777093899573614806e+02
1.769059419410828866e+02
1.580088700828228809e+02
1.756012946450044865e+02
-1.789677553084342776e+02
-1.733161358919658994e+02
1.800000000000000000e+02
-1.680558228115536679e+02
1.787078331137500697e+02
1.641198612229247260e+02
-1.707066914006028924e+02
-1.717976457553744183e+02
-1.783276056389107396e+02
-6.686857918537253909e+01
1.800000000000000000e+02
-1.781816970355481828e+02
1.722079219217815762e+02
1.800000000000000000e+02
-1.784088597288054245e+02
1.795452811383068763e+02
1.770492208909936664e+02
1.679885216136345605e+02
1.641342921972261877e+02
-9.282215529981181135e+01
-1.753141001604973042e+02
1.782816419983445542e+02
-1.696951535312339843e+02
-1.786573759734622513e+02
1.790206803456605087e+02
-1.735956472736158673e+02
-1.719367538343027491e+02
1.736128829742354753e+02
-1.791574757392596098e+02
1.709285024228228451e+02
-1.768451571352080407e+02
9.153434149970077272e+01
-1.683106308245608318e+02
-1.666908213045995240e+02
-1.768492835867322697e+02
1.597751405688319153e+02
1.725041423602701514e+02
1.800000000000000000e+02
-1.668170348414591615e+02
-1.759858243045889594e+02
-1.745076754428725678e+02
1.790036521034950567e+02
1.800000000000000000e+02
1.727249950421107485e+02
-1.751009075462122553e+02
-1.794743653935423993e+02
-1.664462359022683415e+02
1.658542045058970018e+02
1.800000000000000000e+02
-1.444623222080256255e+02
-1.379682340298717236e+02
1.745829778861433965e+02
-1.795659493678606111e+02
1.800000000000000000e+02
-1.793969088056194607e+02
-1.740118516242245050e+02
1.409061411137705022e+02
-1.775940294833546886e+02
1.767689900996317931e+02
1.686900675259797993e+02
1.800000000000000000e+02
-1.123302714075429032e+00
-1.718057366653697784e+02
1.761493611760892577e+02
-1.710760115563685986e+02
1.747661383527835710e+02
1.708194580423738387e+02
1.800000000000000000e+02
9.214090136632310646e+01
1.738677775023207062e+02
1.643757654188131880e+02
-1.749305798673875074e+02
-7.995797636447049683e+01
9.646981998517317436e+01
1.788188110866733780e+02
-1.719330682702069168e+02
-1.785913712646615465e+02
1.737516283349617652e+02
1.800000000000000000e+02
1.774208524997165739e+02
-1.650124380289431940e+02
-1.743455791773592978e+02
1.747528610983835620e+02
-1.753225821411182608e+02
1.754260787400991433e+02
1.631683312417585228e+02
1.800000000000000000e+02
1.800000000000000000e+02
-1.764513180260955494e+02
-1.720303896056786357e+02
-1.784377750831576179e+02
1.716167515190706467e+02
1.752720121811578053e+02
-1.734180553448219939e+02
1.697860270149295161e+02
-1.755635255143426434e+02
-1.437147328748611699e+02
1.724926533330503560e+02
1.756012946450044865e+02
1.772475145997313177e+02
1.800000000000000000e+02
1.739699911917185489e+02
1.790289780689208499e+02
1.641342921972261877e+02
1.763670492605118056e+02
1.800000000000000000e+02
-1.615650511770780042e+02
-1.720198862548314764e+02
1.800000000000000000e+02
1.800000000000000000e+02
1.756749395652615249e+02
1.766335393365701805e+02
-1.790451587461278109e+02
1.640546040990771246e+02
-1.746184529478680929e+02
-1.760995062576181169e+02
1.770317659701283048e+02
1.790206803456605087e+02
1.744470289669631882e+02
9.060950657667520147e+01
-1.759555144258189046e+02
-1.709723870492849187e+02
-1.776531257075127144e+02
-1.784518423010220545e+02
-1.749043000804414021e+02
-1.740355128987469016e+02
-1.597563118545859311e+02
-1.696513159120045202e+02
1.781034816967907091e+02
-1.737655199044587846e+02
1.781960048837994179e+02
-1.628972710309476213e+02
1.265110561194952936e+02
-1.740625839005184901e+02
-1.773974377975002028e+02
-1.608443875545603419e+02
1.790206803456605087e+02
-1.723039482779834373e+02
-7.582766229986805229e+01
-1.719887683871439776e+02
-1.782901859558584761e+02
-1.704399035191136988e+02
-1.714247673601647932e+02
1.786140821491877944e+02
-1.693460974000615238e+02
