1.704874623977210319e+02
1.782567535156942142e+02
1.763358156792592979e+02
-1.554803573118092572e+02
1.751655936937367244e+02
1.139049919747988611e+02
-1.685934474160276011e+02
1.756012946450044865e+02
1.755801288611453117e+02
1.663064305533515039e+02
1.661520223808400090e+02
-1.499964671363004420e+01
-1.666754687381092310e+02
-1.616570186414541581e+02
-1.737496604222195344e+02
1.667594800848128216e+02
1.493493320429471396e+02
1.800000000000000000e+02
1.769059419410828866e+02
-1.740684730750802487e+02
1.757411538778296460e+02
-1.608443875545603419e+02
1.785004529620223650e+02
-1.733407927338631964e+02
1.616616712870301740e+02
-1.574856131719646726e+02
-1.653915330660711334e+02
-1.793969088056194607e+02
1.764064338121347930e+02
1.776626941408761979e+02
-1.700248732795413673e+02
-1.643378936546739340e+02
-1.762523550252339533e+02
1.745226312711711216e+02
-1.771518120886121039e+02
-1.699920201985586914e+02
-1.725111007983599336e+02
-1.748055710922652111e+02
-1.652947279438699866e+02
-1.740837305887367847e+02
-1.740837305887367847e+02
-1.581443331629035072e+02
-1.630091767080138538e+02
-1.663222238851611223e+02
-1.782576998338573731e+02
1.790857832395510059e+02
-1.767713521303643915e+02
-1.730101149559990006e+02
-1.680110382278621159e+02
-1.786800543060782331e+02
-1.711646267865505138e+02
-1.772257226886992214e+02
-1.776015786659074820e+02
1.775224011315543180e+02
1.767905136822080294e+02
-1.791094637466394204e+02
-1.648355391002615704e+02
-1.767713521303643915e+02
1.710406270928276626e+02
-1.750679125717351496e+02
-1.784377750831576179e+02
-1.690037274191125789e+02
-1.760090869015702140e+02
-1.616514700851695352e+02
-1.707736557802238053e+02
1.711533483119588652e+02
-1.786163130326314956e+02
-1.772736890060937469e+02
1.738953151230711285e+02
1.744813058849437652e+02
1.782193575540013057e+02
1.722223621098706872e+02
-1.703462139114634510e+02
1.731269700616585396e+02
1.785534443134260982e+02
1.712324187554470427e+02
1.722826302411972108e+02
-1.724906689261826784e+02
1.800000000000000000e+02
-1.713412787676330140e+02
-1.610992420943129844e+02
-1.770940790003466532e+02
-1.627185016281833612e+02
-1.605026264073646587e+02
-1.735925597174668269e+02
-1.730080746533322156e+02
1.790079644340113987e+02
1.660351086490026944e+02
1.758724082974882776e+02
1.774208524997165739e+02
1.629579871292163205e+02
1.667769323472986684e+02
-1.734280773456841018e+02
-1.574229730099685298e+02
1.800000000000000000e+02
1.764785466230777899e+02
1.677576688011255897e+02
8.939690880561947495e+01
1.742894068625003570e+02
1.770262689175199000e+02
-1.743775993729102822e+02
1.680957342845082678e+02
1.656889587373935910e+02
-1.788821754176138938e+02
-1.676260453719459917e+02
1.661057532166066721e+02
-1.730470425318260936e+02
1.764964683552155691e+02
-1.783555967353049141e+02
-1.746266022604061163e+02
1.751943987565310294e+02
-1.692711407019899639e+02
1.708858249452087819e+02
1.702001513311323606e+02
-1.725041423602701514e+02
-1.601209256461421546e+02
-1.751695800417100486e+02
1.664118708101159996e+02
1.740938588862294978e+02
1.794031905487708229e+02
1.783070215623710908e+02
-1.557990284088415081e+02
-1.757531573929765329e+02
-1.456456633449603260e+02
-1.780250659891180192e+02
-1.734969440551182913e+02
1.779752349184389573e+02
1.710629681907416568e+02
1.728176592284915216e+02
1.756711249328095903e+02
-1.740938588862294978e+02
-1.781720317556950022e+02
1.705873705631338453e+02
1.713338820825664754e+02
1.718698976458440200e+02
1.772736890060937469e+02
1.632720360794326950e+02
1.634356325872815603e+02
1.777320454640941705e+02
1.779361802715430372e+02
1.768675348014319866e+02
-1.760156839976278036e+02
-1.711193408494797836e+02
1.715730309785193413e+02
1.783235289531932608e+02
-1.788542371618248978e+02
-1.620024150445987345e+02
1.790330744283557181e+02
1.747047870633828666e+02
-1.791854229502402802e+02
-1.797046635460529558e+02
1.707273982227997067e+02
1.767038840274537108e+02
1.726942404666891662e+02
1.748602426210094052e+02
-1.785311992856141785e+02
1.749993554024415516e+02
1.668835638746085408e+02
1.640165843438658158e+02
-1.710123627017915169e+02
-1.708789740054679953e+02
-1.695922886875099493e+02
-1.000743327301027676e+02
1.685223730403922389e+02
1.710735920732606701e+02
-1.704874623977210319e+02
-1.722881075873411021e+02
-1.764236656250026556e+02
1.785959727808957211e+02
1.702091034469164299e+02
1.757411538778296460e+02
-1.786615570789762728e+02
1.637611583703077258e+02
-1.773438527960428814e+02
-1.770185387800177921e+02
1.662136820113280749e+02
-1.781939747023987479e+02
-1.775633517531898633e+02
-1.667769323472986684e+02
-1.717927835880818463e+02
1.501500532104682293e+02
-1.598026601534174915e+02
-1.748871502201175190e+02
-1.751415370809657190e+02
1.730132954633330939e+02
-1.704068657372696691e+02
-1.615650511770780042e+02
-1.724409330189587877e+02
-1.670803972782273377e+02
1.794952044314441650e+02
1.800000000000000000e+02
1.733605294811063402e+02
-1.601002024408562079e+02
1.800000000000000000e+02
-1.742894068625003570e+02
1.764604408314500574e+02
-1.690723978440276767e+02
-5.876284162399620925e-01
-1.689657909967497460e+02
-1.694792156861256274e+02
-1.527764056453584089e+02
1.738999400396783415e+02
-1.725813499398865360e+02
-1.733407927338631964e+02
-1.699607452128476552e+02
-1.704967522421394506e+02
-1.649315118405077953e+02
-1.766865746002072513e+02
-1.703761679181081092e+02
1.753718624622676714e+02
-1.782816419983445542e+02
-1.682118167008923706e+02
1.697198712948054151e+02
-1.652032377549426769e+02
1.728007663616323555e+02
-1.713665801726362474e+02
-1.671317044070602265e+02
1.388682040383217213e+02
-1.788367937547588724e+02
-1.749820203613654428e+02
1.748330510803322682e+02
1.705376777919743745e+02
-1.770185387800177921e+02
1.797031333326753213e+02
-1.726569918829931680e+02
-1.730727818739908344e+02
-1.749137782903653715e+02
1.791449026037332999e+02
1.575572466347056491e+02
-1.640137077609024061e+02
-1.673717780826095805e+02
1.780817196748531899e+02
-1.742030313809300139e+02
-1.742894068625003570e+02
1.777207739785733054e+02
-1.726400458411680461e+02
1.774438499214217018e+02
-1.706806786086404770e+02
-1.727419698923487772e+02
1.784991439127065576e+02
-1.414830736928972499e+02
1.759958270592906047e+02
-1.797177570637291524e+02
1.739275435927923183e+02
1.715110561194952936e+02
-1.751415370809657190e+02
-1.602328313232083588e+02
1.684148737751449403e+02
1.791491351352697166e+02
-1.685759326579989192e+02
-1.718272351224455008e+02
1.748826851500273563e+02
-1.715836256121842780e+02
-7.955680593650305354e+01
-1.640222701411591402e+02
1.612270269011404480e+02
1.751095979419461628e+02
-1.740059070508915227e+02
-1.615650511770780042e+02
1.800000000000000000e+02
1.640952971174573634e+02
-1.705376777919743745e+02
-1.791140534061457572e+02
1.671419098270018253e+02
1.648520762691826747e+02
-1.657453492817733434e+02
1.609065079995143890e+02
-1.791696845137419984e+02
1.739784098609566740e+02
-1.772592094058174439e+02
-1.745018372750190281e+02
-1.782730122495123624e+02
-1.783316625517066996e+02
-1.748330510803322682e+02
1.797163598442421915e+02
1.743405181598375293e+02
-1.756839724801344005e+02
-1.714108735449305527e+02
-1.728749836510982050e+02
1.789488192504562676e+02
-1.747261040426482452e+02
1.758150838748815943e+02
-1.742030313809300139e+02
-1.711193408494797836e+02
-1.774983771857182262e+02
-1.711381355936024420e+02
-1.591323795945808115e+02
1.733255309528824455e+02
1.719106195860470052e+02
1.800000000000000000e+02
1.800000000000000000e+02
-1.796952380895789361e+02
1.750428739303193026e+02
1.730189425931702090e+02
1.645682766353699549e+02
-1.794327335901420781e+02
-1.603259014277493577e+02
1.642075964711427218e+02
-1.769434195518505533e+02
1.785093681647376798e+02
-1.743485051185023735e+02
1.463877799526290175e+02
1.635051089949377570e+02
1.720424747730828585e+02
-1.706852202457102408e+02
-1.778886693744239835e+02
-1.624464551736601550e+02
-1.730189425931702090e+02
-1.676775033624474247e+02
-1.752130008790499858e+02
-1.615650511770780042e+02
-1.735925597174668269e+02
1.724804296748105230e+02
7.543972438064312769e+01
-1.764964683552155691e+02
1.714391104288353915e+02
-1.696439737507299981e+02
-1.771844433157887693e+02
1.115186093173923183e+02
1.752527660349172720e+02
1.800000000000000000e+02
-1.697198712948054151e+02
1.768040619864040934e+02
-1.714815772979852397e+02
