-1.735712522511701366e+02
-1.797106298365594057e+02
1.767547450961098434e+02
1.761120904391669342e+02
1.772865905549666934e+02
-1.694152918250390485e+02
-1.782259191411820893e+02
1.773574547059352824e+02
-1.760548137709624541e+02
1.784518423010220545e+02
-1.781352147406610129e+02
1.795165027891097509e+02
1.703990592410289651e+02
-1.749960800477596763e+02
-1.797135234897229452e+02
1.779010940667964462e+02
1.800000000000000000e+02
1.797383772543051919e+02
-1.789993021221411595e+02
1.675925814725992780e+02
-1.755801288611453117e+02
1.800000000000000000e+02
1.788542371618248978e+02
-1.738533743403533265e+02
-1.773021943666836933e+02
-1.455538736982695411e+02
1.779441112149953312e+02
-1.749401311537359049e+02
1.782285302599659360e+02
1.800000000000000000e+02
-1.797419126486638277e+02
-1.795123881170750906e+02
-1.732599439020530667e+02
-1.778789036033385571e+02
-1.786588722202828308e+02
-1.742072035049678504e+02
-1.773615081745888062e+02
1.779132227244292324e+02
1.800000000000000000e+02
1.741303995569853100e+02
1.789488192504562676e+02
1.785729981324853384e+02
-1.771760397107576352e+02
-1.699630975460364937e+02
-1.782901859558584761e+02
1.782491458134571758e+02
-1.782642954110716289e+02
-1.764964683552155691e+02
-1.698113719915465083e+02
-1.772970559621852829e+02
1.463906307016633264e+02
-1.779335230143557567e+02
-1.754139011038291471e+02
-1.776583545378008466e+02
-1.735545819637403326e+02
-1.734398035994287000e+02
-1.758078063721247020e+02
1.794743653935423993e+02
1.766050764578817507e+02
-1.795123881170750906e+02
-1.767905136822080294e+02
1.800000000000000000e+02
1.765317707410828802e+02
9.319458946511043962e+01
1.775633517531898633e+02
-1.785461045348911284e+02
1.729052508323889867e+02
1.731231692625632093e+02
-1.792124787443291041e+02
1.717841255848969126e+02
1.719092221280104127e+02
-1.745596679689944892e+02
1.740938588862294978e+02
1.717241071729248176e+02
1.735712522511701366e+02
1.800000000000000000e+02
-1.758150838748815943e+02
-1.765053610727466662e+02
-1.765317707410828802e+02
1.800000000000000000e+02
-9.204540848888723303e+01
-1.773085899842216122e+02
1.765716314411450298e+02
-1.748055710922652111e+02
-1.748278391749034597e+02
-1.732756469068903584e+02
-1.692711407019899639e+02
1.781177175569892768e+02
-1.741736579704442534e+02
1.786196459265555632e+02
-1.744213637446066230e+02
1.800000000000000000e+02
-1.771612121589946298e+02
-1.745596679689944892e+02
1.743863949704769141e+02
-1.731182763693630591e+02
-1.723115522300971350e+02
-1.732243438306010148e+02
-1.763477772196936826e+02
-1.773866537246907740e+02
1.800000000000000000e+02
-1.768575042229272469e+02
-1.787039365019828949e+02
5.846305207051778474e-01
1.780998890344231427e+02
1.749960800477596763e+02
4.320804954984468260e+00
-4.830419958289940752e+00
1.797258596062667664e+02
1.772736890060937469e+02
1.782414714395609110e+02
-1.767210137411455833e+02
1.727630779740320008e+02
-1.788367937547588724e+02
1.800000000000000000e+02
-1.794464348141176231e+02
-1.786921043983362267e+02
-1.667293561235963466e+02
1.800000000000000000e+02
1.718698976458440200e+02
-1.723867782340333861e+02
-1.709605171966448722e+02
-1.751172404361669521e+02
-1.696409475119162948e+02
-1.721998121158183039e+02
-1.748315320236617083e+02
-1.782773379283771931e+02
-1.791854229502402802e+02
-1.734492735288993117e+02
1.753436536511039492e+02
-1.797498016798024594e+02
-1.731944195581352233e+02
-1.767754773934801165e+02
1.772880165325550479e+02
-1.681377151596661861e+02
-1.769872124958166637e+02
-1.769552215558060198e+02
-1.643778997372891126e+02
-1.788126926842711839e+02
1.561861764403991515e+02
-1.794382946674334391e+02
1.795284404459238488e+02
-9.524713890161643803e+01
-1.766335393365701805e+02
-1.791094637466394204e+02
1.795936537666909771e+02
-1.705376777919743745e+02
-1.733627047607997724e+02
-1.758295634751578973e+02
-1.686408866114379066e+02
-1.785311992856141785e+02
-1.772378716866211903e+02
-1.751894138056343593e+02
-1.768201698801357509e+02
-1.694873728300786411e+02
1.720151337847434263e+02
-1.797015871800051343e+02
1.794153694792948386e+02
-1.794517317636958182e+02
1.797744272303659727e+02
1.790451587461278109e+02
-1.758591139964801471e+02
-1.732169511447988555e+02
-1.785959727808957211e+02
-1.750862012376252608e+02
-1.771886264054734852e+02
1.671957339347132461e+02
1.791615850255978728e+02
-1.797120839334428979e+02
-1.752852454812950498e+02
-1.721553039004704146e+02
1.800000000000000000e+02
-1.772880165325550479e+02
-1.706091634436065192e+02
-1.761859251657096479e+02
1.797310077063035294e+02
1.779000954823548284e+02
-1.768675348014319866e+02
-1.768040619864040934e+02
-1.702797840519391457e+02
-1.774324026708122233e+02
1.503851883536535752e+02
2.646241080650134414e+00
1.800000000000000000e+02
-1.751864491062934803e+02
-1.785236314901869150e+02
1.779441112149953312e+02
-1.635040115218114352e+02
-1.732464259644690117e+02
1.743429292939316611e+02
1.800000000000000000e+02
-1.793817242204833065e+02
-1.790906195508008523e+02
-1.733900561063700252e+02
-1.722596588411620928e+02
1.773438527960428814e+02
0.000000000000000000e+00
-1.786800543060782331e+02
-1.777195146753181234e+02
1.794123715837600344e+02
-1.730616141946637754e+02
-1.792257798350719327e+02
-1.748572354421157797e+02
-1.738746280598002727e+02
-1.743383148997150442e+02
-1.794382946674334391e+02
1.798157698326249658e+02
-1.797106298365594057e+02
1.791185960034178777e+02
1.739497641771012297e+02
-1.784925642412250397e+02
1.737580856525849526e+02
1.800000000000000000e+02
-1.793904934233248127e+02
1.765491568062488454e+02
1.780908475670036353e+02
-1.778067654236244550e+02
-1.722906669199660996e+02
-1.782986453946738834e+02
-1.687477671837283140e+02
1.685815529218008919e+02
9.027154194568451828e+01
-1.781438419525511279e+02
-1.621304517003467822e+02
-1.687388298797498294e+02
-8.504287393031930264e+01
-1.708111639226412422e+02
-1.707889734591833530e+02
-1.603259014277493577e+02
-1.686301973497419056e+02
-1.758403577062873637e+02
1.777652011412611444e+02
1.785855767885978480e+02
1.739322893709238258e+02
-1.779335230143557567e+02
-1.780347394280794902e+02
-1.730080746533322156e+02
-1.738533743403533265e+02
-1.789390883097357801e+02
1.759555144258189046e+02
-1.748521151758637018e+02
1.785159853243378905e+02
-1.715730309785193413e+02
-1.711702553320909317e+02
-1.688019732030460034e+02
8.940006611974605732e+01
-1.752852454812950498e+02
-1.793464643193221946e+02
-1.771959170048777423e+02
-1.737965520983081831e+02
1.800000000000000000e+02
-1.780347394280794902e+02
1.751354855622394950e+02
1.778690471128950890e+02
1.725479225565953243e+02
1.791615850255978728e+02
-1.784656585002992415e+02
1.740170434971839484e+02
-1.735359256806231656e+02
-1.785236314901869150e+02
1.797821463749028510e+02
-1.760858627813875614e+02
-1.783864610671188018e+02
1.752823974954383175e+02
-1.779010940667964462e+02
1.759622893790228773e+02
-1.772854227309989597e+02
-1.757858214772659551e+02
1.778225022073263801e+02
-1.776531257075127144e+02
1.800000000000000000e+02
1.800000000000000000e+02
-1.749078848755010540e+02
1.702267735128206141e+02
7.852237304039223886e+01
1.738448316567260008e+02
1.766690826195499540e+02
-1.736846654236859422e+02
1.758818102960112242e+02
1.794093427853533171e+02
-9.029841281999487990e+01
-1.782730122495123624e+02
-1.777542574341049146e+02
1.772378716866211903e+02
-1.773842451245781433e+02
1.760858627813875614e+02
-1.661555943626840133e+02
-1.753050857207489628e+02
1.741781962500001555e+02
1.717872198107141344e+02
-1.675645584974723477e+02
-1.771087304037794468e+02
-1.773200260598920863e+02
-1.791449026037332999e+02
-1.687493185695048794e+02
-1.792222770057364016e+02
-1.777002005782080118e+02
-1.723493490446406042e+02
-1.663286928678041647e+02
-1.613391819942584675e+02
-1.708461905461556682e+02
-1.667462843735046363e+02
-1.515043613817550181e+02
-1.766865746002072513e+02
-1.736364317643577806e+02
-1.779854012121294318e+02
-1.710028565789349386e+02
-1.741792757544749577e+02
-1.779299693469588988e+02
-1.766514051855431262e+02
1.715730309785193413e+02
-1.711353766115892086e+02
-1.723718503314192958e+02
1.655524092851597118e+02
-7.057846649881076573e+00
-1.787437149710436870e+02
1.679432374661673748e+02
-1.735041981545823546e+02
1.673124786261300301e+02
-1.782816419983445542e+02
-1.005627631670644284e+01
-1.744653626379858622e+02
-1.745731875014271850e+02
-1.777093899573614806e+02
