9.157655005518373059e+01
1.649695694765667326e+02
-1.781816970355481828e+02
1.767905136822080294e+02
8.893908830973576585e+01
-4.085616779974876600e+00
-9.000000000000000000e+01
1.606079314892183447e+02
-1.766822188316651818e+02
-1.706285717346139563e+01
-9.781529354676688115e+01
-1.761493611760892577e+02
1.733951645032460362e+02
1.800000000000000000e+02
9.081845546168861461e+01
8.880651057601797049e+01
-1.774551956201869132e+02
1.783053529314628349e+02
-9.590614111377050222e+01
-8.632550047917034419e+01
-1.766335393365701805e+02
-1.778252558853899643e+02
-1.712538377374447975e+02
0.000000000000000000e+00
1.747261040426482452e+02
-1.780908475670036353e+02
-1.793904934233248127e+02
-1.784198275271999989e+02
9.212109639666145711e+01
1.618698130874990682e+02
9.091910478371424631e+01
1.800000000000000000e+02
9.096286362563621708e+01
8.508821182749400691e+01
-4.620527214307648678e-01
1.169139327907418924e+00
1.566890649646158238e+02
1.800000000000000000e+02
9.320948631779198479e+01
-1.793904934233248127e+02
1.562224916842398059e+00
9.351375026060497930e+01
-1.746441749571448270e+02
-1.786780243404630255e+02
-1.790684434019225364e+02
2.068408026794680765e+01
8.942127443439224521e+01
1.731986851760184436e+02
-1.751147974318826925e+02
1.800000000000000000e+02
-1.737741709355742330e+02
9.247420446817045558e+01
-9.428915332881902600e+01
-1.631913083737931345e+02
-1.716341138759674152e+02
5.729386976834859313e-01
9.303939956892692464e+01
1.745076754428725678e+02
-1.743405181598375293e+02
9.206381972845696282e+01
-1.714391104288353915e+02
-1.794884441334129690e+02
1.760275040592493383e+02
-1.758553762588957170e+02
-1.724053566314085799e+02
1.047745502750465789e+02
1.479946167919165134e+02
-1.714163785198860523e+02
1.651865358811953399e+02
1.792151753970080961e+02
1.733951645032460362e+02
-1.681517337615855752e+02
1.142009715911585062e+02
-5.161346048231475692e+01
-1.702475750583462286e+02
-1.762359651350942897e+02
-1.755153939904553795e+02
-1.780113621435259290e+02
-1.778141991932244252e+02
1.758487147335783334e+02
-1.678762617522106098e+02
1.800000000000000000e+02
1.581063268582715864e+02
1.776862775021757841e+02
1.714954207591212025e+02
-1.792461516669292223e+02
1.696466799560705567e+02
1.711193408494797836e+02
-1.743753719585540978e+02
-1.721260618682743768e+02
-1.709334972601838274e+02
-1.541063530057719788e+02
-1.727249950421107485e+02
-9.000000000000000000e+01
-8.418437347050875985e+01
-7.006746343806048571e+01
1.748055710922652111e+02
-1.706979452887011917e+02
1.536578884741195452e+02
-1.778789036033385571e+02
9.886462338841079145e+01
1.678631755447077296e+02
-7.289727103094763550e+01
9.476364169072617472e+01
-1.429071627029584590e+02
-1.615650511770780042e+02
9.902761295071510972e+01
6.633685929180565211e+01
1.778183585964485189e+02
1.725497509313438229e+02
1.721260618682743768e+02
-1.742894068625003570e+02
-1.780908475670036353e+02
1.235304696671330902e+02
1.800000000000000000e+02
1.800000000000000000e+02
-1.778789036033385571e+02
-1.787363274483417399e+02
9.119348942398204372e+01
1.740355128987469016e+02
1.800000000000000000e+02
-1.758403577062873637e+02
1.683778320364304477e+02
2.361374658175619867e+00
-1.532039187060265419e+02
-8.360560223477241948e+01
-1.711702553320909317e+02
1.794543424065842885e+02
1.510399433060496506e+02
1.787939512207800590e+02
-9.628156128486702769e+00
-1.713748168218295405e+02
-1.788065105760179847e+02
1.787635923971438672e+02
-1.762915718428695584e+02
1.759143832200251154e+02
2.346874292487286517e+00
1.796799151762183442e+02
1.761859251657096479e+02
9.298663699047517639e+01
1.800000000000000000e+02
-1.781960048837994179e+02
-1.784518423010220545e+02
-1.684951846737411927e+02
8.614936117608924349e+01
-1.640546040990771246e+02
1.600620082557944670e+02
1.647100086417760281e+02
-1.750540334528958510e+02
-1.795452811383068763e+02
1.631683312417585228e+02
1.777275502672170830e+02
-1.739909940425054629e+02
-1.699506514118751284e+02
1.782642954110716289e+02
1.382704879231835662e+02
4.422911428550350799e+00
9.576788889791414761e+01
1.776940332760049728e+02
-1.790451587461278109e+02
1.800000000000000000e+02
-1.765761287550693339e+02
-1.775318820861714642e+02
-1.757461635638808275e+02
-1.783053529314628349e+02
-1.794153694792948386e+02
-1.790451587461278109e+02
9.776516601842534726e+01
-1.626459753637386996e+02
-1.787363274483417399e+02
-9.286240522611174697e+01
1.800000000000000000e+02
-1.686900675259797993e+02
1.266341138759674152e+02
-1.773735943617092516e+02
-1.698592068538872013e+02
4.666858371438996400e+00
1.563093105971726118e+02
-9.000000000000000000e+01
-1.522414593989399805e+02
1.457326645566557772e+02
1.673301857350503496e+02
1.800000000000000000e+02
-2.337305859123819829e+00
9.991275144672383135e+01
1.604480048267594157e+02
-1.763670492605118056e+02
-1.751009075462122553e+02
-1.667594800848128216e+02
7.352379359892359467e+00
-1.756676860168115013e+02
-1.677352262721076102e+02
-1.775633517531898633e+02
-1.782285302599659360e+02
-1.782510539554457694e+02
-1.681356095487188895e+02
1.794929709390852395e+02
1.690459373566016552e+02
-1.745881308476829759e+02
-1.736598082540901089e+02
1.691498953702026142e+02
1.794212744343922452e+02
-9.052085637450196032e+01
1.735064746874607238e+02
-1.779904461869788577e+02
1.758553762588957170e+02
1.790122396003601750e+02
1.714391104288353915e+02
-1.739458081058851633e+02
-1.685304696671331044e+02
-1.785497837090665598e+02
-1.790530485532265459e+02
8.783892051177363669e+01
1.800000000000000000e+02
-1.793904934233248127e+02
1.771170365474604580e+02
1.800000000000000000e+02
-1.739909940425054629e+02
1.783939970107177544e+02
1.735704588928388858e+00
-7.199233638367645405e+00
9.001755122561306166e+00
1.770185387800177921e+02
-1.725191138204763206e+02
-1.476193222934307698e+02
1.800000000000000000e+02
1.742894068625003570e+02
1.153196869103096418e+02
1.719455855536182582e+02
1.717927835880818463e+02
4.677417858881749879e+00
-1.818302964451833592e+00
-1.784234499448162694e+02
9.000000000000000000e+01
-1.614130733385140957e+02
9.684277341263094740e+01
1.800000000000000000e+02
-8.795459151111276697e+01
1.739623174785771198e+02
8.181219798809550525e+01
-1.724053566314085799e+02
-8.826429541107161469e+01
5.389311759973408833e+00
-8.742085249971658811e+01
-1.710546181664610685e+02
-1.756012946450044865e+02
9.083637532542242354e+01
-8.880659150520244793e+00
-1.788766972859245641e+02
-1.746441749571448270e+02
-5.672664098579344172e-01
1.752755483028291223e+02
-1.775940294833546886e+02
-1.761859251657096479e+02
4.474896506246097694e+00
1.779904461869788577e+02
1.794838357702351743e+02
1.692711407019899639e+02
1.639741325515502410e+02
-3.044778444193984690e+00
-1.590012809656130059e+02
-1.751634165542646997e+02
-1.702724214485984078e+02
-1.762482709294740459e+02
1.775889702533887942e+02
-1.778983456723287304e+02
1.704554744344418680e+02
-1.675350671579350319e+02
-1.691917690596802117e+02
-1.722348339815746670e+02
-1.713691982114515611e+02
-1.795060831013812503e+02
-1.778389205117736367e+02
1.703878852456340951e+02
-1.720424747730828585e+02
-1.560375110254218214e+02
1.783153156821037157e+02
1.575205656028968804e+02
-1.775459683254729271e+02
-1.742485979096340145e+02
-1.450079798014413370e+02
-1.775889702533887942e+02
-1.769552215558060198e+02
-1.431301023541559800e+02
-9.421417852273404492e+01
1.610123759121298406e+02
-1.410541918941148367e+02
1.603079787612634846e+02
-1.795144541699918648e+02
-7.106099573975994588e+01
1.800000000000000000e+02
-5.417022113856609700e+00
-1.764604408314500574e+02
-1.788876003837022211e+02
1.800000000000000000e+02
1.475674427535406608e+02
1.763861192479963620e+02
-1.763955794608243082e+02
-1.727367552594154461e+02
1.743362937419794321e+02
1.800000000000000000e+02
1.401173148499726437e+02
-1.769552215558060198e+02
-8.582956347515789730e+01
-1.677995312726192196e+02
-1.728749836510982050e+02
-8.443190929176633830e+00
-1.790906195508008523e+02
-1.663902681041878111e+02
-1.679777233138164831e+02
1.787811247648687072e+02
1.708376529542782976e+02
-1.307946429982914367e+02
-1.778983456723287304e+02
-1.708064177513869311e+02
1.400538260500643730e+02
9.050258166672104210e+01
-1.633007557660064037e+02
-1.783316625517066996e+02
-1.747099187946287486e+02
1.708194580423738387e+02
1.800000000000000000e+02
-1.742127570359685080e+02
-1.701806993612420911e+02
