-1.747435850585547712e+02
-1.752154703118349914e+02
1.765549135367597842e+02
-1.776756170290518639e+02
1.670694485330572547e+02
1.713412787676330140e+02
-1.537680600668433897e+02
-1.775889702533887942e+02
1.742593933610480974e+02
1.763086140135487199e+02
1.625765890464469123e+02
-9.410649716517042407e+01
1.632542494616799047e+02
1.722826302411972108e+02
-1.721644748935114535e+02
-1.727367552594154461e+02
1.732040559839810498e+02
1.778676315634459968e+02
1.777974018382342081e+02
-1.790491200140635044e+02
1.523909499455507159e+02
1.520205256115198438e+02
1.469761324442033583e+02
-1.525743473330880704e+02
1.684078245897089516e+02
-1.786229628062272639e+02
-1.571148787085835750e+02
1.704230099407063506e+02
1.779726772994997930e+02
-1.588999162515335684e+02
-1.608979894477613755e+02
1.755787105785693996e+02
-1.736263606341225056e+02
-1.773735943617092516e+02
-1.774362297885350017e+02
-1.783235289531932608e+02
-1.035165681087913185e+02
-1.341020205613981773e+02
1.385987681168083157e+02
1.765834118082286750e+02
-1.601915086464861133e+02
1.778886693744239835e+02
-1.736328201357313219e+02
1.794327335901420781e+02
-1.478691746726689757e+02
1.768636416316674058e+02
1.671572459560555615e+02
1.656447410118466337e+02
1.658931952629269233e+02
-1.791892647807376306e+02
1.743405181598375293e+02
1.800000000000000000e+02
-1.544731442030016808e+02
-1.790411643387504910e+02
1.601094178700395787e+02
-1.780335354317042516e+02
1.541871477870165279e+02
-1.797383772543051919e+02
-1.523666198832585223e+02
-1.614873093258545111e+02
1.788929729543192479e+02
1.617481041629214644e+02
-1.791406277563553431e+02
1.789087837747374010e+02
-1.533112000315155399e+02
-1.755834843317723823e+02
1.785461045348911284e+02
1.740531369460264841e+02
-1.786615570789762728e+02
1.756676860168115013e+02
-1.527263799008152034e+02
1.786306405590927966e+02
-1.791094637466394204e+02
-1.755095480788836824e+02
-1.706900598250139751e+02
-1.585603585837638150e+02
1.700872485532761686e+02
1.680091650209607508e+02
-1.754077879890802194e+02
1.759304775396897753e+02
1.654148317272570239e+02
1.439067441837797503e+02
1.751354855622394950e+02
-1.309717363335148548e+02
1.695977532348956629e+02
1.797191405853166088e+02
1.766822188316651818e+02
1.725429448597647024e+02
-1.797218673327036527e+02
-1.571219419718818529e+02
-1.773493103165781974e+02
-1.655717732782142946e+02
1.624489271634555223e+02
-1.789087837747374010e+02
-1.551828691275731558e+02
1.659637565320735177e+02
1.642358045687000185e+02
-1.495742161980387550e+02
-1.158829907839053419e+02
-1.636552103307886625e+02
-1.557583242715464280e+02
-1.784845920999778741e+02
1.749868862449641824e+02
1.772592094058174439e+02
-1.778183585964485189e+02
-1.651243179983612208e+02
1.617573181718765625e+02
1.748330510803322682e+02
-1.499986815044943000e+02
1.794153694792948386e+02
1.742894068625003570e+02
9.000000000000000000e+01
-3.962210676467933013e+00
-1.574391217636313911e+02
1.748688347171036810e+02
1.790906195508008523e+02
1.783711750594742682e+02
1.664216551110211810e+02
1.132945632538944238e+02
1.775804907833436630e+02
1.763588147420986729e+02
1.656113884068675759e+02
-1.794270613023165311e+02
1.754487387268603698e+02
-1.697488012491825771e+02
-1.623835066387666188e+02
-1.776264041977633497e+02
-1.717872198107141344e+02
1.800000000000000000e+02
-1.491723377001319761e+02
1.777974018382342081e+02
-1.794743653935423993e+02
-1.524471884232821992e+02
-1.791736758602707482e+02
1.530939065440631452e+02
1.568014094863518153e+02
1.658901116118164509e+02
1.625528115767178008e+02
-1.752570651314706254e+02
1.773322337195536704e+02
-1.715823428229868455e+02
-1.392998628201920894e+02
1.645051514008613651e+02
-1.712977762100532004e+02
-1.751731412188770491e+02
1.773120310343964263e+02
-1.193577535427912721e+02
1.793562542858246331e+02
1.754998862915793438e+02
-1.578684950246496896e+02
-1.424314079711725185e+02
-1.790857832395510059e+02
1.535603223197851435e+02
1.618472941133488519e+02
-1.540510087313212466e+02
1.629794743884801562e+02
1.606736753267022664e+02
1.619220296078102592e+02
1.776015786659074820e+02
-1.794031905487708229e+02
8.755758468934291727e+01
1.759350526922573010e+02
-1.425238204386386087e+02
1.745484489012872586e+02
1.762810060268419647e+02
-1.591110195025509313e+02
-1.788248667627606494e+02
1.791094637466394204e+02
1.761265102756554199e+02
1.791319485502544637e+02
-1.459228047198692764e+02
-1.581428010672942435e+02
1.800000000000000000e+02
1.794093427853533171e+02
1.724906689261826784e+02
-1.764421481338819149e+02
-1.609940158039632081e+02
1.760032965246811045e+02
1.797076771307714580e+02
1.795692127829913716e+02
-1.547828361031206157e+02
9.180873932249205893e+01
-1.440475719999006969e+02
-1.782414714395609110e+02
-1.793285958171500170e+02
-1.706306149035125088e+02
-1.524823751821215581e+02
-7.880795991004193013e+01
-1.730616141946637754e+02
1.694432552442817723e+02
-1.753498151501137556e+02
-1.785311992856141785e+02
-1.384045182994887284e+02
1.797120839334428979e+02
1.673624201775482163e+02
-1.534349488229219958e+02
-1.435912254322276453e+02
7.197724391848031189e+01
1.760995062576181169e+02
1.688417770907085753e+02
-1.770940790003466532e+02
1.683741013566913978e+02
1.800000000000000000e+02
1.646667152069464635e+02
1.458516827274298144e+01
1.729834982552770839e+02
-1.505844011669044562e+02
-1.553026276623561728e+02
1.677352262721076102e+02
1.773369992339328576e+02
-1.371949311232041850e+02
-1.426668042618141783e+02
-1.756676860168115013e+02
1.777093899573614806e+02
-1.658505239136547971e+02
1.774983771857182262e+02
9.172698775048763764e+01
1.678847581975421406e+02
-1.709982448774387080e+02
-1.637611583703077258e+02
1.785004529620223650e+02
1.598552371329364803e+02
1.769606004310730896e+02
1.711581854398083351e+02
-2.005647371388609823e+00
1.560673836919085034e+02
1.779441112149953312e+02
-1.794355278246930538e+02
-1.751354855622394950e+02
1.673414906912023525e+02
-1.669018492052812519e+02
-1.745124429399087660e+02
-1.623719806321803674e+02
-1.766822188316651818e+02
-1.585232090204596318e+02
-1.706650015368617801e+02
1.714009112892225346e+02
-1.508191939475001391e+02
-1.797205106094552605e+02
1.777974018382342081e+02
1.794543424065842885e+02
1.596871737297926188e+02
1.677995312726192196e+02
1.668274465766731112e+02
7.815792388467222906e+01
1.748602426210094052e+02
-1.788929729543192479e+02
-1.614721893791125638e+02
-1.728749836510982050e+02
1.599918953210853942e+02
-1.785236314901869150e+02
-1.463099324740202292e+02
1.572327371938894771e+02
1.764407331787167834e+02
1.779649655431400959e+02
1.611881106974808517e+02
1.616527934967162423e+02
1.787039365019828949e+02
1.704201079579879661e+02
1.773226513762578804e+02
1.778900571518667562e+02
-1.609249015075544378e+02
1.614721893791125638e+02
-1.610295921915134727e+02
-1.161567746230529963e+02
1.764049903389908991e+02
1.791185960034178777e+02
1.710418676371377273e+02
-1.591357778535780199e+02
1.169478680607598307e+02
1.631660691793208571e+02
1.612837320980664515e+02
-1.710951790096779348e+02
1.800000000000000000e+02
1.733225978219587660e+02
-1.701806993612420911e+02
1.789351453065410453e+02
1.498913408641932108e+02
1.785004529620223650e+02
-1.411080383181826221e+02
1.755153939904553795e+02
-1.476854142916587875e+02
1.767713521303643915e+02
-1.476525565005579779e+02
-1.454516329439886988e+02
1.758510963022656597e+02
-1.511225987777172008e+02
1.732574133932872371e+02
1.495344550805401411e+02
-1.664736054059449941e+02
1.791776290200018309e+02
1.591714442097931794e+02
1.561940564815423045e+02
1.636264506729497157e+02
1.725975244179756771e+02
9.686642980249771995e+01
-1.481204031529772749e+02
1.755813795330108462e+02
-1.560856385063438267e+02
8.461629832318824640e+01
-1.636489218079925081e+02
1.758510963022656597e+02
1.800000000000000000e+02
1.797968243285336030e+02
1.546939940300972864e+02
-1.767295120768164338e+02
1.592814600955109370e+02
1.774081332947650083e+02
1.751559996249193318e+02
-1.485571929295356313e+02
1.539704078084865273e+02
1.560634484521303591e+02
1.643806078612892350e+02
-1.769285378829296178e+02
-1.794299115550011265e+02
1.794093427853533171e+02
-1.698668900855302013e+02
-1.523540246362613289e+02
-1.536600784286157761e+02
-1.566822916132449279e+02
-1.634742036100743690e+02
-1.776264041977633497e+02
-1.786800543060782331e+02
-1.457230564102631263e+02
