1.764604408314500574e+02
1.800000000000000000e+02
1.763358156792592979e+02
1.775889702533887942e+02
1.755558938783473195e+02
1.732756469068903584e+02
1.628755103865275089e+02
1.794212744343922452e+02
1.797359660187408963e+02
1.753800765183395924e+02
1.750540334528958510e+02
-1.741736579704442534e+02
1.755801288611453117e+02
-1.751695800417100486e+02
9.000000000000000000e+01
-1.769872124958166637e+02
1.692796197537502394e+02
-1.746717652180201696e+02
1.783153156821037157e+02
1.669641632299337175e+02
1.787811247648687072e+02
1.800000000000000000e+02
-1.777207739785733054e+02
1.800000000000000000e+02
1.789139541739936021e+02
1.800000000000000000e+02
-1.782020681430994955e+02
-1.728421869863842062e+02
1.779441112149953312e+02
1.800000000000000000e+02
1.780585136090856224e+02
-1.738844964337145882e+02
-1.791930705448976369e+02
1.754860115419987210e+02
9.611550356628541181e+01
1.794062826037874459e+02
-1.797232109478222526e+02
1.800000000000000000e+02
-1.797191405853166088e+02
1.791001402850956197e+02
1.775633517531898633e+02
-1.727299313546265864e+02
9.241102974661123426e+01
-1.794241824067550510e+02
-1.796984460501317358e+02
1.795225462226904369e+02
1.800000000000000000e+02
1.800000000000000000e+02
-1.749078848755010540e+02
-1.710123627017915169e+02
1.776467031338916911e+02
-1.785820771685488637e+02
1.760353452771438754e+02
1.795017883873863695e+02
1.766193677366828183e+02
1.800000000000000000e+02
8.761405596961118647e+01
1.800000000000000000e+02
-1.735956472736158673e+02
1.761171014396363148e+02
-1.794270613023165311e+02
-1.728421869863842062e+02
-1.794464348141176231e+02
1.784088597288054245e+02
1.719908597029627799e+02
1.787381824611138939e+02
1.769872124958166637e+02
-1.751611011990767111e+02
1.743732542848592573e+02
-1.773709181143613591e+02
-1.714444417565871106e+02
1.787097726479395305e+02
-1.777974018382342081e+02
1.800000000000000000e+02
1.800000000000000000e+02
1.769872124958166637e+02
-1.797163598442421915e+02
-1.791574757392596098e+02
1.800000000000000000e+02
-1.740531369460264841e+02
-1.793179396068273377e+02
1.791854229502402802e+02
-1.776040845496782481e+02
1.773021943666836933e+02
-1.736305607938876960e+02
-1.786295489822003901e+02
-1.792897581229393893e+02
-9.000000000000000000e+01
-1.797149487224161817e+02
-1.797076771307714580e+02
-1.792151753970080961e+02
-1.718698976458440200e+02
1.752363583092738111e+02
1.797191405853166088e+02
1.797371771667634732e+02
-1.723422903062861451e+02
-1.794719432510998445e+02
-1.755635255143426434e+02
1.771375947738882530e+02
1.797335099239415968e+02
-1.665689711293183564e+02
1.769377129145999561e+02
-1.796629698901421932e+02
-1.750062560141766141e+02
1.790906195508008523e+02
1.791930705448976369e+02
1.789241493792087283e+02
9.148401467566210954e+01
1.778676315634459968e+02
-1.744724598483438456e+02
-1.795434695859009366e+02
1.780250659891180192e+02
1.787875719100550782e+02
1.797322646612977906e+02
-8.642366562500265559e+01
1.772736890060937469e+02
-1.773842451245781433e+02
1.794212744343922452e+02
1.791892647807376306e+02
1.800000000000000000e+02
1.775224011315543180e+02
-1.788876003837022211e+02
1.777093899573614806e+02
-1.786861069755020708e+02
1.800000000000000000e+02
1.694608162713717832e+02
1.790206803456605087e+02
1.800000000000000000e+02
-1.713665801726362474e+02
-1.783788540863465926e+02
1.736887894248673661e+02
-1.741140121669717473e+02
1.788876003837022211e+02
1.785913712646615465e+02
-1.778490568724839989e+02
-1.787862879422461901e+02
1.795103044068708016e+02
1.786800543060782331e+02
-9.000000000000000000e+01
-1.718698976458440200e+02
1.774886367328369374e+02
1.744546826911379753e+02
1.758403577062873637e+02
1.782465951399284450e+02
-1.766514051855431262e+02
1.797135234897229452e+02
1.749401311537359049e+02
1.762245341757102040e+02
-1.797232109478222526e+02
1.797258596062667664e+02
1.791406277563553431e+02
-1.756236496105158551e+02
-1.780817196748531899e+02
1.792326916849103213e+02
-1.788163713072713108e+02
-1.772208331359279327e+02
-1.789733038199421173e+02
-1.763255004791703584e+02
1.800000000000000000e+02
1.783070215623710908e+02
1.719908597029627799e+02
-1.779174347202691422e+02
-1.773245733439708545e+02
-1.766661493384634127e+02
1.780631996137789486e+02
-1.748521151758637018e+02
-1.717452514766104059e+02
-1.748602426210094052e+02
1.781088452983146340e+02
1.756405921556551846e+02
1.761062924449028628e+02
1.758078063721247020e+02
1.800000000000000000e+02
1.800000000000000000e+02
1.800000000000000000e+02
9.252611691161955321e+01
1.789769698113321681e+02
1.791815445383113854e+02
-9.025808735133620075e+01
1.749649153205433265e+02
1.795082028120540940e+02
1.795103044068708016e+02
1.796968505562858809e+02
1.797135234897229452e+02
-1.769434195518505533e+02
-1.783711750594742682e+02
-1.722482208457032868e+02
-1.790977788384698499e+02
1.778789036033385571e+02
-1.794694986833262078e+02
-1.793439701259182755e+02
1.739909940425054629e+02
1.793969088056194607e+02
1.754487387268603698e+02
1.763915311474336534e+02
1.722482208457032868e+02
1.800000000000000000e+02
-1.729115243218539888e+02
1.800000000000000000e+02
-1.778886693744239835e+02
-1.717900985616292928e+02
1.789583733239900312e+02
1.776626941408761979e+02
-1.748750766540209440e+02
1.790954049662673242e+02
-1.797061780653492917e+02
-1.791363099554004350e+02
1.800000000000000000e+02
1.715410875998294387e+02
1.800000000000000000e+02
-1.729396880612123653e+02
1.761663234629119188e+02
-1.792838400545296054e+02
1.787964841906949687e+02
-1.765074068391439539e+02
-9.119348942398204372e+01
1.716341138759674152e+02
1.792717030469235624e+02
1.790906195508008523e+02
9.000000000000000000e+01
8.493638314696991642e+01
1.741932730944684238e+02
-1.693196661343900757e+02
-1.780335354317042516e+02
1.800000000000000000e+02
1.794743653935423993e+02
1.753331416285610089e+02
-1.791776290200018309e+02
1.792868113649824124e+02
1.797000248376961054e+02
1.797191405853166088e+02
1.790906195508008523e+02
1.770297693928035017e+02
-1.781265069864000736e+02
1.715288553669851694e+02
-1.735925597174668269e+02
-1.784656585002992415e+02
-8.413039955698529582e+01
-1.794952044314441650e+02
-1.789439761940024596e+02
-1.794517317636958182e+02
-1.782259191411820893e+02
1.800000000000000000e+02
-1.761308154236346013e+02
-1.778079302797755759e+02
1.800000000000000000e+02
-1.789583733239900312e+02
1.764395194650831229e+02
-1.764421481338819149e+02
1.789390883097357801e+02
-9.519442890773480315e+01
1.800000000000000000e+02
-1.765663696375494851e+02
1.776250384842386154e+02
-1.754057466687335989e+02
1.677790806680695823e+02
-1.788766972859245641e+02
1.790036521034950567e+02
-1.794719432510998445e+02
1.800000000000000000e+02
-1.791968407481897714e+02
1.791319485502544637e+02
1.778252558853899643e+02
-1.794410345191678573e+02
-1.770133630095248520e+02
-1.783070215623710908e+02
-1.785820771685488637e+02
1.797106298365594057e+02
-1.792187423383913654e+02
1.738844964337145882e+02
1.719509382983254966e+02
-1.746290053044643003e+02
1.731665627090907549e+02
1.719313737805284745e+02
1.800000000000000000e+02
1.556781067722763794e+02
1.738081657151579407e+02
8.819126067750794107e+01
1.753093155442651607e+02
-1.780585136090856224e+02
1.777974018382342081e+02
1.795082028120540940e+02
1.758591139964801471e+02
1.796984460501317358e+02
-1.741687335373224244e+02
1.789139541739936021e+02
-1.779441112149953312e+02
1.778160497723237086e+02
-8.195390899254761052e+01
1.780165233054906935e+02
-8.096703030102891319e+01
-1.794929709390852395e+02
1.717087285083089228e+02
-1.723566219285204397e+02
1.789536180929018485e+02
1.800000000000000000e+02
1.800000000000000000e+02
-1.767295120768164338e+02
1.700872485532761686e+02
1.780908475670036353e+02
1.738746280598002727e+02
1.795575703419605418e+02
1.787811247648687072e+02
1.682748879848349191e+02
1.794062826037874459e+02
-1.701233988257861824e+02
-1.754711757630674640e+02
1.785159853243378905e+02
-1.786800543060782331e+02
-1.761465195463979398e+02
1.770980895311163579e+02
-1.727676212917223495e+02
1.775762286558864389e+02
-1.742436617388766251e+02
1.756839724801344005e+02
1.797430699754964962e+02
-1.797000248376961054e+02
-9.159853709267596855e+01
1.797163598442421915e+02
1.783070215623710908e+02
1.770003446935039904e+02
1.757740018220415550e+02
-1.723694457746172191e+02
-1.752823974954383175e+02
