1.673578476721101538e+02
-1.704633642415405745e+02
1.724053566314085799e+02
-1.791512357284464088e+02
-1.782773379283771931e+02
-1.710273733851036013e+02
1.800000000000000000e+02
-1.787174729172898253e+02
-1.769552215558060198e+02
-1.787811247648687072e+02
1.800000000000000000e+02
1.800000000000000000e+02
-1.720106732336031143e+02
-1.711870983622555968e+02
1.800000000000000000e+02
-1.787939512207800590e+02
1.733455749539934061e+02
-1.734633663512029216e+02
1.730470425318260936e+02
-1.754260787400991433e+02
1.737516283349617652e+02
1.800000000000000000e+02
-1.794153694792948386e+02
1.651735200296443224e+02
1.800000000000000000e+02
1.668659776936036963e+02
1.800000000000000000e+02
1.782239557466412521e+02
-1.781034816967907091e+02
-1.721935991707642302e+02
1.606556707278788565e+02
1.703519546839018517e+02
-1.782816419983445542e+02
-1.725497509313438229e+02
1.787078331137500697e+02
-1.769266674889266540e+02
8.548601154199874941e+01
-1.713393963291702278e+02
-1.724673985990526432e+02
-1.723549867283292940e+02
-1.719367538343027491e+02
1.717142029760462663e+02
1.714954207591212025e+02
1.739909940425054629e+02
-8.881881108667336377e+01
1.800000000000000000e+02
1.800000000000000000e+02
-1.764236656250026556e+02
-1.763477772196936826e+02
1.626994728080550203e+02
1.720792600983589296e+02
1.800000000000000000e+02
-1.773162248405310208e+02
-1.737175079118386236e+02
-1.677352262721076102e+02
1.783153156821037157e+02
-1.772550441061618756e+02
1.800000000000000000e+02
-1.587907738657771972e+02
1.748521151758637018e+02
1.800000000000000000e+02
-1.691314746598312979e+02
-1.766002858408767509e+02
-1.637611583703077258e+02
1.678377964803181612e+02
5.729386976834859313e-01
-1.737580856525849526e+02
-1.745794047162376614e+02
1.780250659891180192e+02
8.274680538727467649e+01
-1.671249984403875146e+02
-1.580565938291150587e+02
-1.690841175683069366e+02
1.794437477729193233e+02
-1.791449026037332999e+02
-2.834111016306513520e+00
-1.570871716032283700e+02
-1.696409475119162948e+02
-1.730189425931702090e+02
1.738844964337145882e+02
-1.768492835867322697e+02
-1.794929709390852395e+02
-1.782773379283771931e+02
-1.662509510165807001e+02
-1.788188110866733780e+02
-1.685841604755929950e+02
1.771975484801332072e+02
-1.703624618870690597e+02
-1.767295120768164338e+02
1.758403577062873637e+02
-1.686900675259797993e+02
-1.658789995236124355e+02
-1.717142029760462663e+02
8.883086067209258374e+01
-1.674711922908484780e+02
-1.695625246488818334e+02
1.365911402711945755e+02
1.758818102960112242e+02
3.352447324857696032e+01
1.779726772994997930e+02
-1.709492783228162693e+02
-1.653432488842395855e+02
1.760548137709624541e+02
-1.748479182977937967e+02
-1.786251652194305848e+02
-1.646730821120778216e+02
-1.795558555668880558e+02
1.740194004752365515e+02
1.730390369737514504e+02
-1.739275435927923183e+02
1.800000000000000000e+02
1.662729034214502235e+02
1.800000000000000000e+02
1.665904041329059169e+02
1.759143832200251154e+02
1.783476953223486987e+02
1.537772384697451367e+00
1.786980473274211363e+02
1.755328409386107182e+02
-1.747528610983835620e+02
-1.534349488229219958e+02
1.194155988330955580e+02
-1.722881075873411021e+02
1.784925642412250397e+02
-1.570871716032283700e+02
1.800000000000000000e+02
1.800000000000000000e+02
-1.790833457436147285e+02
-8.574115387782966025e+01
-1.596768631703370431e+02
1.598765489222570295e+02
1.733674853848615385e+02
-1.681517337615855752e+02
-1.738677775023207062e+02
1.754260787400991433e+02
-1.714692343900518665e+02
1.770133630095248520e+02
-1.678789845474142339e+02
1.750882118274940069e+02
1.800000000000000000e+02
-1.778183585964485189e+02
1.752720121811578053e+02
-1.786573759734622513e+02
-1.792151753970080961e+02
1.794437477729193233e+02
1.625820292077971487e+02
-1.732338251774469313e+02
-1.682470677493358551e+02
1.712249442555203416e+02
9.773359809902285633e+01
-1.795452811383068763e+02
1.746990734834743080e+02
-1.692157021324374284e+02
8.829744667909066536e+00
9.835075253233141268e+01
-1.708698235177213292e+02
1.800000000000000000e+02
-1.741736579704442534e+02
-1.457288592980100361e+02
-1.713571974199954582e+02
1.621399059293209461e+02
-1.732901631922430852e+02
1.708529196151248470e+02
1.800000000000000000e+02
1.795488614532127372e+02
1.714692343900518665e+02
-1.783939970107177544e+02
-1.636982916556926284e+02
1.670573757342054364e+02
-2.191486632719172434e+01
-1.795264919412650784e+02
-1.714391104288353915e+02
1.800000000000000000e+02
-1.597273143866901250e+02
1.795692127829913716e+02
-1.781523897340053963e+02
-1.550187603937839356e+02
1.772736890060937469e+02
-1.726319489283778239e+02
1.376025622024997972e+02
-1.788147391813776039e+02
-1.722552894535770918e+02
-1.667920715372208917e+02
-1.795060831013812503e+02
-1.652373830307055584e+02
1.781373790506933403e+02
1.778789036033385571e+02
-1.777974018382342081e+02
9.000000000000000000e+01
-1.742007823709016066e+02
9.536635758459411250e+00
1.670053832080834866e+02
-1.719829069263446684e+02
-1.772736890060937469e+02
-1.789583733239900312e+02
1.738298249049703941e+02
1.730765510851894646e+02
1.587671077045815764e+02
1.767295120768164338e+02
1.097326894996610065e+02
-1.506728205095432145e+02
-1.638426601354120749e+02
1.755153939904553795e+02
-1.697386252827656108e+02
-1.790289780689208499e+02
-1.747528610983835620e+02
-1.778789036033385571e+02
1.693803447238448712e+02
-1.677352262721076102e+02
-1.697709917126404662e+02
1.777974018382342081e+02
1.739041384554041940e+02
1.695922886875099493e+02
-1.676446401349165001e+02
-1.672756443145776473e+02
1.774791720922898435e+02
1.753800765183395924e+02
1.003048464687660299e+02
1.760090869015702140e+02
-1.722129820453675393e+02
1.770891621738322499e+02
-1.534349488229219958e+02
-1.582758084985861728e+02
-1.714391104288353915e+02
-1.741340288582734672e+02
-6.759459111663466047e+01
1.778590986336768935e+02
-1.095217302759202056e+02
1.680558228115536679e+02
-1.597273143866901250e+02
1.745596679689944892e+02
-2.272449732782934717e+00
1.692611028990945385e+02
1.718698976458440200e+02
1.749483106562375667e+02
-1.441623470457217024e+02
1.800000000000000000e+02
1.071027289690523645e+02
1.673741631210926926e+02
-1.734633663512029216e+02
1.758818102960112242e+02
1.697174649707265814e+02
-1.618962369654933866e+02
-1.631561914482725797e+02
-1.646383836881513503e+02
-1.724385715723330463e+02
1.793634064240364978e+02
1.765466837494689116e+02
1.366846843178963127e+02
1.763670492605118056e+02
1.753800765183395924e+02
-1.763734282161203737e+02
1.779833761253769069e+02
1.744400527366904612e+02
-1.794270613023165311e+02
1.728065299447044652e+02
1.790684434019225364e+02
-1.544861295724657566e+02
-1.612113780178315494e+02
1.792701569359759048e+02
-1.675295382783311311e+02
1.734633663512029216e+02
-1.784792303388562402e+02
1.778307424102714833e+02
-1.690113489035060184e+02
1.733161358919658994e+02
-1.757411538778296460e+02
-1.732338251774469313e+02
-1.547988763545249356e+02
-1.713268259521202310e+02
-1.768492835867322697e+02
1.638107937429730612e+02
-1.686900675259797993e+02
-1.739623174785771198e+02
1.775633517531898633e+02
-1.055498041697015879e+02
-1.769413024259041833e+02
-1.691359400779122950e+02
8.461068824002659028e+01
1.159533757023642124e+02
-1.169139327907418924e+00
1.602276494674285914e+02
-1.694126786817628556e+02
1.672756443145776473e+02
-1.729716037610504031e+02
1.800000000000000000e+02
-1.745829778861433965e+02
-1.619276778510404995e+02
-1.704698721674000694e+02
-1.770185387800177921e+02
1.738170698340517504e+02
1.762138879646184364e+02
-1.668567838908082024e+02
1.218875235131297696e+00
1.697960262782683287e+02
-1.725041423602701514e+02
-1.608443875545603419e+02
-1.681113419603720445e+02
1.756384273549794273e+02
1.778789036033385571e+02
1.775804907833436630e+02
-1.736598082540901089e+02
-1.584286928087454100e+02
-1.485125306357860211e+02
1.712538377374447975e+02
-1.678762617522106098e+02
1.800000000000000000e+02
1.800000000000000000e+02
-1.696026664775636732e+02
-1.782100893917539395e+02
9.277916686407208147e+01
-1.014271015939451388e+02
1.741736579704442534e+02
-2.011963314081830134e+01
1.789677553084342776e+02
-1.791449026037332999e+02
-1.795488614532127372e+02
1.716492474676686015e+02
-9.000000000000000000e+01
-1.650049208708240087e+02
-1.721339316271031237e+02
1.800000000000000000e+02
9.712501634890179503e+01
-1.702724214485984078e+02
