-1.707480137762909465e+02
-1.636591943688533490e+02
-1.783153156821037157e+02
1.797106298365594057e+02
1.796193027485732614e+02
-1.713711439369751020e+02
-1.721742548335911067e+02
1.769552215558060198e+02
-1.767602997038978856e+02
1.791533259761385182e+02
-9.091421676044899414e+01
-1.770980895311163579e+02
1.788876003837022211e+02
-1.010271323050607180e+02
1.790371363743637971e+02
1.753937021493581483e+02
1.718272351224455008e+02
-1.003533200439294433e+02
1.800000000000000000e+02
1.661057532166066721e+02
1.800000000000000000e+02
-1.782730122495123624e+02
1.764604408314500574e+02
1.768075273870680064e+02
-1.688490748314948746e+02
-1.739760069176803654e+02
1.784724745577870806e+02
-1.746801060821931628e+02
-1.775762286558864389e+02
1.694481904938077150e+02
1.648561350979213103e+02
-1.747303469173082249e+02
1.773266523664131853e+02
-1.780817196748531899e+02
-1.755834843317723823e+02
1.800000000000000000e+02
1.800000000000000000e+02
-1.795626361324792697e+02
-1.788484811060362460e+02
1.797717311698465892e+02
1.752979445766837898e+02
-1.791319485502544637e+02
-1.789190758133393331e+02
-9.693838580533622462e+01
-1.727718100900221714e+02
-1.764064338121347930e+02
1.721082975717642967e+02
1.689407036329336051e+02
1.777974018382342081e+02
-1.744631176375162909e+02
1.732656306398938284e+02
1.767713521303643915e+02
1.762027521195615805e+02
-1.742894068625003570e+02
1.791491351352697166e+02
1.800000000000000000e+02
1.744724598483438456e+02
-1.772072976342867037e+02
1.686301973497419056e+02
1.671851058918907711e+02
1.743150770128943634e+02
1.717976457553744183e+02
1.774995894356231361e+02
-9.550547785797834877e+01
1.748978347476418094e+02
-1.789341549724384208e+02
-1.795817900585028895e+02
-9.825474852338960829e+01
1.795165027891097509e+02
1.700441862959922332e+02
-1.742656720753273305e+02
-1.735359256806231656e+02
1.759464457681685872e+02
1.800000000000000000e+02
1.644020384153400300e+02
1.768983359701315408e+02
1.650304491972015342e+02
1.747528610983835620e+02
1.800000000000000000e+02
8.952054860120344415e+01
-1.797046635460529558e+02
1.704428957783293299e+02
-1.785082595646272807e+02
1.689526494617355752e+02
1.780165233054906935e+02
1.800000000000000000e+02
-1.793069396972887546e+02
-1.734492735288993117e+02
-9.127303002005670862e+01
1.629622322043743736e+02
1.739229602971046802e+02
1.657047943202543934e+02
1.759314203231546117e+02
-1.776888685472385987e+02
1.800000000000000000e+02
1.800000000000000000e+02
1.774886367328369374e+02
-1.776140559696112007e+02
1.683284217817636375e+02
-1.760206175473217911e+02
9.096692557164431037e+01
-1.771087304037794468e+02
1.660947180857489229e+02
1.788484811060362460e+02
-1.779954659678941198e+02
1.766335393365701805e+02
1.728007663616323555e+02
-1.789583733239900312e+02
1.642488263365469834e+02
1.687965651347706739e+02
-1.718301916372917333e+02
1.781438419525511279e+02
1.742593933610480974e+02
1.754860115419987210e+02
-1.782259191411820893e+02
1.782708412558407076e+02
1.577008597760692510e+02
1.722223621098706872e+02
1.668462918055231228e+02
1.794093427853533171e+02
-1.787811247648687072e+02
1.766203162166773382e+02
-1.747261040426482452e+02
1.792461516669292223e+02
1.728749836510982050e+02
-1.765960829595702819e+02
-1.677842808658691354e+02
-1.789291755452130417e+02
1.778524145717015017e+02
-1.785236314901869150e+02
1.671957339347132461e+02
1.720730733173103886e+02
-1.782938217055530004e+02
1.619335077024157101e+02
-1.778524145717015017e+02
-1.733605294811063402e+02
-9.097102193107917856e+01
1.727676212917223495e+02
1.778900571518667562e+02
1.783634229583832678e+02
1.786552756112976681e+02
1.602648361619611421e+02
1.603148924181577399e+02
1.660831225666987336e+02
-1.736855823322045183e+02
1.689174305369703575e+02
1.337455483773184710e+02
-1.784925642412250397e+02
1.723880624032850903e+02
1.779954659678941198e+02
1.794517317636958182e+02
1.714391104288353915e+02
1.655559642755077618e+02
1.769713014216594331e+02
1.778252558853899643e+02
1.724761795613613629e+02
-1.741984131123529949e+02
1.766270486009048346e+00
-1.757411538778296460e+02
1.633755218560350215e+02
1.712717035864176864e+02
-1.732387614899627977e+02
-1.713136454187633433e+02
-1.727042432213908114e+02
1.772736890060937469e+02
-1.751655936937367244e+02
-9.631121057513263395e+01
-1.795103044068708016e+02
-1.689407036329336051e+02
1.769872124958166637e+02
1.726389223284220691e+02
1.759717363335148548e+02
-1.784234499448162694e+02
1.693507803407550796e+02
-1.785082595646272807e+02
-1.787155564781992325e+02
1.544600124352861030e+02
1.741140121669717473e+02
-1.775917835588718106e+02
-1.760627748351759294e+02
1.791815445383113854e+02
-1.692868769772089763e+02
1.751894138056343593e+02
1.789993021221411595e+02
1.783634229583832678e+02
1.763217612780066190e+02
-1.770029574197163242e+02
1.675295382783311311e+02
1.791230922585693577e+02
1.791968407481897714e+02
1.762435474521959407e+02
1.794437477729193233e+02
1.786800543060782331e+02
1.790248468569074589e+02
-1.778676315634459968e+02
1.608955149490903409e+02
1.712977762100532004e+02
-1.718698976458440200e+02
-1.757636052009411856e+02
1.760638338873100111e+02
1.797015871800051343e+02
1.748055710922652111e+02
1.773974377975002028e+02
1.725685920288274815e+02
-1.718698976458440200e+02
-1.655297058999341289e+02
1.791001402850956197e+02
-1.775212108914216742e+02
-1.797091609776494749e+02
1.794031905487708229e+02
1.704457103275982490e+02
-1.786861069755020708e+02
-1.765873206484131401e+02
1.705376777919743745e+02
-1.724906689261826784e+02
-1.739333669263948821e+02
-1.716167515190706467e+02
-1.704428957783293299e+02
-1.783700721146158514e+02
1.757439732745163496e+02
-1.678450583027777725e+02
-1.787811247648687072e+02
1.782730122495123624e+02
1.767877902398907679e+02
-1.797322646612977906e+02
-8.587770218821636092e+01
-1.767877902398907679e+02
1.685223730403922389e+02
-1.780443186024771194e+02
-1.767295120768164338e+02
-1.772434431284634968e+02
-1.737131066382635254e+02
-1.788821754176138938e+02
1.785159853243378905e+02
-1.683925843242050462e+02
-1.735411836212813341e+02
1.746517277885686497e+02
-1.795993367442078466e+02
1.736929080652623441e+02
-1.771375947738882530e+02
1.706075506591810722e+02
1.794308553479033606e+02
1.629398859576473910e+02
1.581985905136481847e+02
1.767754773934801165e+02
-1.773537589193498718e+02
-1.765873206484131401e+02
1.786921043983362267e+02
1.721103821917201913e+02
-1.728090885915796093e+02
-1.762155200905120864e+02
1.782901859558584761e+02
1.764087409627944965e+02
-1.786800543060782331e+02
-1.711193408494797836e+02
-1.752363583092738111e+02
1.780585136090856224e+02
-1.745337949612642774e+02
1.800000000000000000e+02
1.800000000000000000e+02
-1.011509251685051538e+02
-1.766335393365701805e+02
-7.957235527392739760e-01
1.758150838748815943e+02
-1.762394892942430431e+02
-1.765317707410828802e+02
-1.789488192504562676e+02
9.000000000000000000e+01
1.718272351224455008e+02
1.731689940506484788e+02
1.742290637784256546e+02
1.649315118405077953e+02
1.800000000000000000e+02
1.792005758866824578e+02
8.660507645788172226e+01
-1.770574795436313877e+02
1.657499673021964099e+02
1.640938209167127297e+02
1.794382946674334391e+02
-1.784161884291380602e+02
1.711193408494797836e+02
1.739333669263948821e+02
-1.797245416438647680e+02
-1.773438527960428814e+02
-1.774983771857182262e+02
-1.719908597029627799e+02
-1.779174347202691422e+02
1.800000000000000000e+02
-1.797931569292226754e+02
-1.733832621020891622e+02
1.721288180631689784e+02
1.774861897638222672e+02
-1.765398167710135624e+02
-1.704138398446557119e+02
-1.716341138759674152e+02
-1.783788540863465926e+02
-1.788308606720925980e+02
-1.737580856525849526e+02
-1.764552335444051323e+02
-1.781912606775079553e+02
-1.789390883097357801e+02
-1.741932730944684238e+02
-1.714391104288353915e+02
-2.250738810094130926e+01
1.780998890344231427e+02
-1.789815156522868449e+02
-1.769552215558060198e+02
1.757830571708314267e+02
1.713665801726362474e+02
1.777867718236041981e+02
-1.779079337205198499e+02
1.800000000000000000e+02
-1.774324026708122233e+02
1.754367702457621476e+02
-1.765142088168778685e+02
1.687965651347706739e+02
1.701233988257861824e+02
-1.785607103721175974e+02
1.776015786659074820e+02
1.788588007444128891e+02
-1.699768183470944791e+02
1.737616673103607070e+02
1.616555657613572521e+02
-1.783750236424752416e+02
