-1.772865905549666934e+02
1.773021943666836933e+02
-1.791815445383113854e+02
1.760443545196158368e+02
-1.727630779740320008e+02
-1.738746280598002727e+02
1.770792784789996119e+02
1.763838861038452706e+02
-1.773855704034045573e+02
-1.695085229876684139e+02
1.788982938847936452e+02
1.762359651350942897e+02
-1.789488192504562676e+02
1.794743653935423993e+02
1.791854229502402802e+02
-8.865737597346223708e+01
-1.779752349184389573e+02
-1.760548137709624541e+02
-1.769552215558060198e+02
1.748055710922652111e+02
1.800000000000000000e+02
-1.671476569336090563e+02
1.794153694792948386e+02
1.800000000000000000e+02
1.800000000000000000e+02
1.772606642780814354e+02
1.729063270722129175e+02
1.800000000000000000e+02
-1.779079337205198499e+02
1.794719432510998445e+02
-1.730887728809753412e+02
-1.744631176375162909e+02
-1.773842451245781433e+02
1.800000000000000000e+02
-1.772592094058174439e+02
1.791140534061457572e+02
-1.746742593752322819e+02
1.776507213525198665e+02
1.758150838748815943e+02
-1.785185428291129313e+02
-1.742894068625003570e+02
-1.769059419410828866e+02
1.791736758602707482e+02
-1.797177570637291524e+02
1.752560340569595496e+02
1.797359660187408963e+02
-1.778789036033385571e+02
-1.791968407481897714e+02
1.774738830883804610e+02
1.795082028120540940e+02
-1.712538377374447975e+02
1.768865612519427941e+02
1.769581578433816276e+02
1.781177175569892768e+02
1.800000000000000000e+02
-1.787914075679731525e+02
-1.743162936646155288e+02
-1.792461516669292223e+02
-1.779120161672766471e+02
1.771798275275515095e+02
1.776573879935017430e+02
-1.782717723495014468e+02
-1.794719432510998445e+02
-1.791968407481897714e+02
1.791776290200018309e+02
1.788484811060362460e+02
1.757881465099114280e+02
-1.742593933610480974e+02
-1.745309050298880891e+02
-1.784448404949328619e+02
1.800000000000000000e+02
1.767138980209247165e+02
-1.794437477729193233e+02
1.776264041977633497e+02
-1.778286882090851861e+02
1.796952380895789361e+02
1.777974018382342081e+02
1.800000000000000000e+02
1.794791436254980397e+02
-1.789536180929018485e+02
-1.787591302248692102e+02
1.800000000000000000e+02
-1.796952380895789361e+02
1.800000000000000000e+02
-1.776626941408761979e+02
-1.779649655431400959e+02
1.775459683254729271e+02
-1.721847064532331331e+02
-1.753498151501137556e+02
1.796984460501317358e+02
-1.767689900996317931e+02
1.727311150783524738e+02
1.771612121589946298e+02
-1.784925642412250397e+02
1.797106298365594057e+02
-1.517557489291989725e+02
-1.711581854398083351e+02
-1.775804907833436630e+02
-1.771633398988745398e+02
1.797442169692607479e+02
-1.792151753970080961e+02
-1.788308606720925980e+02
-1.797347436566240333e+02
1.761663234629119188e+02
-1.738746280598002727e+02
-1.771087304037794468e+02
-1.779954659678941198e+02
1.772475145997313177e+02
-1.797015871800051343e+02
1.795284404459238488e+02
-1.767905136822080294e+02
1.782567535156942142e+02
-1.743162936646155288e+02
1.762635406418217201e+02
1.709212421340110382e+02
-1.751864491062934803e+02
-1.767449786116042389e+02
-1.758752333938576271e+02
-1.741792757544749577e+02
-1.797000248376961054e+02
8.975722272623318077e+01
-1.723867782340333861e+02
1.790036521034950567e+02
1.800000000000000000e+02
-1.698057630067858668e+02
-1.764076701537506722e+02
-1.763861192479963620e+02
-1.773266523664131853e+02
1.757740018220415550e+02
-1.734398035994287000e+02
1.791406277563553431e+02
1.752130008790499858e+02
1.800000000000000000e+02
-1.794000661197460431e+02
-1.794270613023165311e+02
1.790164780808609066e+02
1.794031905487708229e+02
-1.736929080652623441e+02
1.793969088056194607e+02
-1.730540323792371851e+02
-1.775889702533887942e+02
-1.742635046131288448e+02
1.789769698113321681e+02
1.794062826037874459e+02
1.800000000000000000e+02
1.727886515524263018e+02
-1.797939009626158793e+02
-1.788260704556073790e+02
-1.767649849422154489e+02
-1.769434195518505533e+02
1.779361802715430372e+02
1.715993174636820982e+02
1.797031333326753213e+02
1.751415370809657190e+02
-1.768819109979546909e+02
1.684215794278826195e+02
-1.729476939921588041e+02
1.770792784789996119e+02
1.754260787400991433e+02
1.756236496105158551e+02
-1.760858627813875614e+02
-1.772951240142643599e+02
1.779992143833314344e+02
-1.795185341941616457e+02
8.977963270387682826e+01
1.800000000000000000e+02
1.779726772994997930e+02
1.800000000000000000e+02
-1.797149487224161817e+02
1.789430022232151316e+02
1.794694986833262078e+02
1.754860115419987210e+02
-1.775224011315543180e+02
-1.768470629922246928e+02
-1.757439732745163496e+02
-1.746678411183404478e+02
-1.786084733474521897e+02
1.767210137411455833e+02
1.800000000000000000e+02
1.748278391749034597e+02
-1.700248732795413673e+02
-1.747341596882208989e+02
-1.751731412188770491e+02
1.723275884002204634e+02
-1.789241493792087283e+02
-1.739333669263948821e+02
1.765015554349778313e+02
1.800000000000000000e+02
1.779079337205198499e+02
-1.775633517531898633e+02
-1.785056664087334752e+02
-1.784088597288054245e+02
-1.735984637598502900e+02
1.752001638860953108e+02
-1.656889587373935910e+02
-1.773757799722179413e+02
-1.746586053256882280e+02
-1.750540334528958510e+02
-1.778389205117736367e+02
1.666754687381092310e+02
1.786084733474521897e+02
1.757727813346732546e+02
1.797245416438647680e+02
1.788876003837022211e+02
1.788002637618786252e+02
1.763632111188030933e+02
1.770003446935039904e+02
1.782285302599659360e+02
1.800000000000000000e+02
-1.797177570637291524e+02
1.761406559261067741e+02
-1.779010940667964462e+02
-1.726476206401076468e+02
1.789190758133393331e+02
-1.716026974133102669e+02
1.800000000000000000e+02
-1.786163130326314956e+02
1.769581578433816276e+02
-1.763714678445635968e+02
1.758990183023153975e+02
-1.751516952316051174e+02
1.743455791773592978e+02
1.800000000000000000e+02
-1.775575846893428889e+02
1.779854012121294318e+02
-1.792461516669292223e+02
-1.716026974133102669e+02
-1.764064338121347930e+02
1.794861502836458556e+02
1.789488192504562676e+02
-1.794815003127093291e+02
-1.766785242366539705e+02
-1.778690471128950890e+02
1.773245733439708545e+02
1.770492208909936664e+02
1.735108336040724453e+02
1.797770603488024790e+02
1.715344024460183903e+02
-1.787269699799433056e+02
-1.721959014080561019e+02
1.800000000000000000e+02
-1.758487147335783334e+02
-1.716808033505002697e+02
1.790036521034950567e+02
1.790857832395510059e+02
1.800000000000000000e+02
1.779954659678941198e+02
-1.700618760277751278e+02
1.751240137875378196e+02
1.794569283062762111e+02
-1.788188110866733780e+02
-1.783788540863465926e+02
1.782491458134571758e+02
-1.797297388935058677e+02
-1.726193636411591967e+02
1.800000000000000000e+02
-1.769335144988741035e+02
1.762570117043128732e+02
1.800000000000000000e+02
1.776015786659074820e+02
1.792623268625678179e+02
1.771518120886121039e+02
-1.783788540863465926e+02
-1.793389241884145804e+02
-1.730656510987304557e+02
-1.797371771667634732e+02
1.778490568724839989e+02
-1.794241824067550510e+02
-1.748278391749034597e+02
-1.742109911548276671e+02
-1.785890591796172657e+02
-1.740584802062472534e+02
1.796952380895789361e+02
1.800000000000000000e+02
-1.778900571518667562e+02
-1.715410875998294387e+02
-1.797347436566240333e+02
1.791319485502544637e+02
1.800000000000000000e+02
-1.689704687760195441e+02
1.772519118199462582e+02
-1.779268498511536052e+02
-1.794031905487708229e+02
-1.790857832395510059e+02
1.800000000000000000e+02
1.760995062576181169e+02
-1.744101310401722174e+02
1.787939512207800590e+02
-9.791551242302658409e+01
-1.736263606341225056e+02
-1.711932073055646981e+02
1.797076771307714580e+02
1.736317358508915163e+02
-1.733951645032460362e+02
-1.752798630689564447e+02
1.751655936937367244e+02
1.780054306987581469e+02
-1.715410875998294387e+02
-1.784234499448162694e+02
1.800000000000000000e+02
-1.766865746002072513e+02
-1.771375947738882530e+02
-1.706616050237640252e+02
1.741303995569853100e+02
-1.772378716866211903e+02
-1.758078063721247020e+02
-1.791696845137419984e+02
-1.777093899573614806e+02
1.733071246421659168e+02
1.733367703778793611e+02
-1.789630855354699008e+02
-1.788876003837022211e+02
-1.781352147406610129e+02
-1.714420348765417828e+02
-1.774208524997165739e+02
1.797120839334428979e+02
-1.526589811961330270e+02
1.785311992856141785e+02
1.740475405620324523e+02
1.735630793991446694e+02
-1.778875887297708971e+02
-1.791574757392596098e+02
-1.767905136822080294e+02
-1.797135234897229452e+02
