1.800000000000000000e+02
1.741439864145710601e+02
1.714560810892009783e+02
1.800000000000000000e+02
-1.733057708681068334e+02
1.772993706626047299e+02
1.729421533501189288e+02
1.737655199044587846e+02
1.724053566314085799e+02
1.719952711427071677e+02
9.504245106917092301e+01
1.725111007983599336e+02
-1.785820771685488637e+02
1.699607452128476552e+02
1.748259103812628439e+02
1.748301721124421704e+02
-1.733951645032460362e+02
1.655960094670626859e+02
1.736278886030675039e+02
1.775804907833436630e+02
-1.786552756112976681e+02
-1.787759174778237821e+02
1.719509382983254966e+02
-1.491740435372717277e+00
1.778286882090851861e+02
1.784925642412250397e+02
1.800000000000000000e+02
1.706553280979003091e+02
1.784587813562761198e+02
-1.795322897399614988e+02
1.758403577062873637e+02
-1.754860115419987210e+02
-1.794543424065842885e+02
-1.794861502836458556e+02
1.740658345404510783e+02
1.784088597288054245e+02
-1.760377893235320812e+02
1.779545915111127954e+02
1.719539089925476105e+02
1.747261040426482452e+02
1.764076701537506722e+02
-1.784448404949328619e+02
1.800000000000000000e+02
-1.778183585964485189e+02
1.800000000000000000e+02
1.797540968767293066e+02
-1.797232109478222526e+02
1.784448404949328619e+02
1.733407927338631964e+02
1.764552335444051323e+02
1.800000000000000000e+02
1.788766972859245641e+02
1.742348654420276262e+02
-1.794907175950224882e+02
1.784587813562761198e+02
1.716674399036258194e+02
-1.789439761940024596e+02
1.707333927592408145e+02
1.794355278246930538e+02
1.800000000000000000e+02
-1.735812132697612071e+02
1.742373671134015467e+02
-1.748826851500273563e+02
-1.796984460501317358e+02
9.723692202596801337e+01
-5.999338802539502247e-01
-1.797540968767293066e+02
1.791815445383113854e+02
1.752582102454809387e+02
1.754662088540154343e+02
-1.759324804334198689e+02
-1.776784694101672812e+02
-1.709670303010288990e+02
-1.797091609776494749e+02
1.794996129012077688e+02
1.755587588105672125e+02
1.795039450396047584e+02
1.684709642746457234e+02
-1.770643265535788373e+02
-1.797245416438647680e+02
1.788248667627606494e+02
-1.788711652033393591e+02
1.712977762100532004e+02
1.800000000000000000e+02
1.750927001577118745e+02
1.726039234402873603e+02
1.758150838748815943e+02
-6.775656169399012718e+00
1.745719028138892952e+02
1.761171014396363148e+02
1.795082028120540940e+02
1.727594098703550003e+02
-1.748572354421157797e+02
1.731689940506484788e+02
-1.769471174852075706e+02
1.800000000000000000e+02
1.800000000000000000e+02
1.742894068625003570e+02
1.780987635353855865e+02
1.776467031338916911e+02
1.717574796484811372e+02
1.736598082540901089e+02
1.797046635460529558e+02
1.794327335901420781e+02
1.664936445874176343e+02
1.789439761940024596e+02
1.733605294811063402e+02
-1.788308606720925980e+02
-1.769197898633541683e+02
1.794270613023165311e+02
-5.846305207051778474e-01
-1.759324804334198689e+02
1.764909734113834361e+02
-1.733255309528824455e+02
1.658986477197432237e+02
1.791615850255978728e+02
1.800000000000000000e+02
1.783555967353049141e+02
1.797000248376961054e+02
-1.777394980888587384e+02
-1.773974377975002028e+02
1.776862775021757841e+02
2.968666673246940779e-01
-1.794327335901420781e+02
1.791363099554004350e+02
1.800000000000000000e+02
-1.764049903389908991e+02
-1.783711750594742682e+02
-1.794815003127093291e+02
1.797149487224161817e+02
-1.775804907833436630e+02
1.800000000000000000e+02
1.714308581201623554e+02
-1.690113489035060184e+02
1.781912606775079553e+02
1.797091609776494749e+02
-1.753707650522024153e+02
1.775212108914216742e+02
-1.704890396207093772e+02
-1.675873518468823988e+02
-1.797284580543154675e+02
-1.763632111188030933e+02
1.794299115550011265e+02
1.800000000000000000e+02
1.800000000000000000e+02
-1.779079337205198499e+02
1.285809017299818002e+01
1.774983771857182262e+02
-1.756599792740355781e+02
-1.749730321839350040e+02
-1.704030755818532725e+02
-1.767038840274537108e+02
1.795379472785692485e+02
1.768054105348895746e+02
-1.797530369625737592e+02
1.800000000000000000e+02
1.741984131123529949e+02
-1.712950428936010780e+02
-1.766661493384634127e+02
-1.737496604222195344e+02
-1.086045826006400317e+00
-1.763714678445635968e+02
-1.735108336040724453e+02
-1.797015871800051343e+02
1.764909734113834361e+02
-1.775342410050022579e+02
1.734294416283591147e+02
1.797015871800051343e+02
-1.686900675259797993e+02
1.720249602700071136e+02
-1.786095987359559842e+02
-1.784845920999778741e+02
-1.720767407166213445e+02
-1.737843641002973527e+02
1.797371771667634732e+02
1.758777021882163751e+02
1.791615850255978728e+02
1.757411538778296460e+02
1.755787105785693996e+02
-1.764421481338819149e+02
1.714069834589695063e+02
1.741030364897891900e+02
1.797508894848470788e+02
1.800000000000000000e+02
1.713136454187633433e+02
1.787269699799433056e+02
1.722596588411620928e+02
1.783555967353049141e+02
1.797218673327036527e+02
1.770940790003466532e+02
1.800000000000000000e+02
1.740837305887367847e+02
-1.779943526286114093e+02
-1.769713014216594331e+02
1.734294416283591147e+02
-1.749662130437999679e+02
1.732040559839810498e+02
1.786163130326314956e+02
-1.761465195463979398e+02
-1.796968505562858809e+02
1.753093155442651607e+02
1.800000000000000000e+02
1.797135234897229452e+02
-1.779441112149953312e+02
-1.791275428770979943e+02
-1.756430249941537056e+02
-1.786489349172803429e+02
-1.680706778227616667e+02
-1.699920201985586914e+02
-1.784925642412250397e+02
-1.789190758133393331e+02
-1.757740018220415550e+02
1.794838357702351743e+02
-1.773842451245781433e+02
1.774551956201869132e+02
1.770940790003466532e+02
1.794355278246930538e+02
1.755813795330108462e+02
-1.788065105760179847e+02
1.797091609776494749e+02
-1.791491351352697166e+02
-1.782901859558584761e+02
1.800000000000000000e+02
1.800000000000000000e+02
1.745473780121874654e+02
1.731872191406475849e+02
-1.750062560141766141e+02
1.750607844578738082e+02
1.781523897340053963e+02
1.800000000000000000e+02
1.775633517531898633e+02
1.783939970107177544e+02
-1.782193575540013057e+02
1.800000000000000000e+02
-1.724815731205578118e+02
1.800000000000000000e+02
1.794645410144354685e+02
-1.791615850255978728e+02
1.781066141542537196e+02
1.774983771857182262e+02
-1.710273733851036013e+02
8.739743779750018859e+01
1.697458353220958145e+02
1.777760387596145506e+02
-1.768919690650001826e+02
-1.768201698801357509e+02
-1.794694986833262078e+02
1.800000000000000000e+02
1.770980895311163579e+02
-1.791230922585693577e+02
-1.636264506729497157e+02
-1.778590986336768935e+02
-1.775212108914216742e+02
1.734083900649688417e+02
1.790371363743637971e+02
1.778676315634459968e+02
-1.793969088056194607e+02
1.800000000000000000e+02
-1.766499236024985464e+02
-1.779752349184389573e+02
1.789087837747374010e+02
-1.760740922963160244e+02
-1.793969088056194607e+02
-1.688453402610716978e+02
1.794464348141176231e+02
1.800000000000000000e+02
-1.791968407481897714e+02
1.800000000000000000e+02
-1.797076771307714580e+02
1.779441112149953312e+02
1.791094637466394204e+02
1.794594898128693501e+02
-1.794299115550011265e+02
-1.770980895311163579e+02
-1.773313654306557225e+02
-1.771798275275515095e+02
1.694152918250390485e+02
1.770185387800177921e+02
-1.747819828764249053e+02
-1.780419325707659652e+02
-1.725685920288274815e+02
-1.683312259996310445e+02
1.752594894261088427e+02
-1.731788476352156465e+02
1.762686030008395619e+02
-1.620874906140367386e+02
-1.791363099554004350e+02
-1.622743162050724948e+02
-1.724969126089503959e+02
1.788308606720925980e+02
-1.730250704840038622e+02
-1.744631176375162909e+02
8.881881108667336377e+01
-1.776140559696112007e+02
1.776140559696112007e+02
1.775889702533887942e+02
1.800000000000000000e+02
1.788065105760179847e+02
1.794410345191678573e+02
1.771232349296994357e+02
1.790857832395510059e+02
1.672671898687908367e+02
-1.770492208909936664e+02
1.784088597288054245e+02
-1.794031905487708229e+02
1.800000000000000000e+02
-1.793937180844826571e+02
1.706685894747062093e+02
1.786028189727036306e+02
1.800000000000000000e+02
-1.792778225384551831e+02
1.785679038158353649e+02
-1.779441112149953312e+02
1.761171014396363148e+02
-1.738147450844176660e+02
-1.770574795436313877e+02
-1.731363080853729457e+02
1.800000000000000000e+02
-1.730132954633330939e+02
-1.735041981545823546e+02
1.800000000000000000e+02
1.765167285310023431e+02
-1.767547450961098434e+02
-1.717142029760462663e+02
