1.788065105760179847e+02
-1.777974018382342081e+02
1.769552215558060198e+02
1.756749395652615249e+02
1.726735933398304610e+02
1.796327243926619133e+02
-1.715288553669851694e+02
-1.692711407019899639e+02
-1.755328409386107182e+02
-1.558092384825161503e+01
1.800000000000000000e+02
9.588598783302828110e+01
1.722129820453675393e+02
1.772736890060937469e+02
-1.784656585002992415e+02
-1.776829376141286616e+02
-1.756012946450044865e+02
1.800000000000000000e+02
-1.781373790506933403e+02
1.800000000000000000e+02
-1.770492208909936664e+02
-1.764236656250026556e+02
1.712538377374447975e+02
-8.268098062440957108e+01
-1.758487147335783334e+02
1.759504182967286283e+02
1.703878852456340951e+02
-1.697386252827656108e+02
1.800000000000000000e+02
-1.735064746874607238e+02
1.714692343900518665e+02
-1.794645410144354685e+02
1.800000000000000000e+02
-1.779249736385825997e+02
-1.790206803456605087e+02
1.619853060817947608e+02
9.180116051572237268e+01
-1.773369992339328576e+02
-1.755704407010223633e+02
1.771901918639297264e+02
-1.734180553448219939e+02
-1.789860212772147179e+02
1.800000000000000000e+02
-1.708194580423738387e+02
-1.737843641002973527e+02
1.788542371618248978e+02
1.779833761253769069e+02
1.777974018382342081e+02
-1.669384489166718879e+02
1.759143832200251154e+02
1.775318820861714642e+02
-1.794212744343922452e+02
-1.766050764578817507e+02
-1.745794047162376614e+02
-1.608011527161479819e+02
-1.771936297482117766e+02
-1.789949139947458150e+02
1.750658356594399550e+02
8.711437551950366398e+00
-1.795103044068708016e+02
8.718444331578876927e+01
8.197759635267250644e+01
-1.727468053872746623e+02
-1.776626941408761979e+02
1.800000000000000000e+02
1.726476206401076468e+02
1.754260787400991433e+02
1.800000000000000000e+02
-1.685934474160276011e+02
-1.721260618682743768e+02
-1.752720121811578053e+02
9.264254529406471761e+01
1.749305798673875074e+02
1.751009075462122553e+02
-1.104870141933307082e+02
1.749575489308290912e+02
-1.742373671134015467e+02
-1.745164095555355743e+02
-1.768697551377809134e+02
-9.000000000000000000e+01
-1.794543424065842885e+02
1.783476953223486987e+02
1.750658356594399550e+02
-9.283878784100538439e+01
1.458294232948407654e+01
-1.032405199151872068e+02
8.251911382047633481e+01
-1.719455855536182582e+02
-1.680558228115536679e+02
-1.728749836510982050e+02
-1.716625555611532832e+02
9.218164140355146685e+01
-1.697348595397862994e+02
-1.731572265873690526e+02
-1.723835379807065351e+02
-1.785767951533669020e+02
-1.086101647278273390e+02
-1.712977762100532004e+02
9.050258166672104210e+01
1.750106374303578036e+02
1.740938588862294978e+02
-1.746290053044643003e+02
-9.309405805891711339e+01
-1.773735943617092516e+02
-1.725930878715047641e+02
-1.583109350353842046e+02
1.795185341941616457e+02
-8.701853878001780629e+01
-1.718698976458440200e+02
1.672212668115939778e+02
-1.767754773934801165e+02
8.766269414087618372e+01
9.646981998517317436e+01
1.694873728300786411e+02
1.529044475062482036e+02
1.666512728867126327e+02
1.379249779491563856e+02
-1.706184898392517653e+02
-1.485948363340749836e+02
1.087257878452725777e+02
1.781759101676238970e+02
1.800000000000000000e+02
-1.778983456723287304e+02
1.622767633831136891e+02
-1.608870262663266999e+02
-1.784377750831576179e+02
-1.684951846737411927e+02
1.725685920288274815e+02
-1.751147974318826925e+02
5.787500155961247827e+01
-1.608209919741892975e+02
-1.703112134396332067e+02
-1.712147012821154135e+02
-1.737580856525849526e+02
-1.695085229876684139e+02
-1.728749836510982050e+02
7.877110817846127588e+01
1.800000000000000000e+02
-1.715524727520915462e+02
-1.676849815207256142e+02
-1.694481904938077150e+02
7.376115837030772582e+01
-1.613784206335124338e+02
-1.728007663616323555e+02
-1.753195563817467075e+02
-1.783153156821037157e+02
1.786780243404630255e+02
1.739410122760216666e+02
-8.888760038370220684e+01
-1.712147012821154135e+02
-1.788542371618248978e+02
-6.343494882292200998e+01
-1.746290053044643003e+02
-1.791048262897889458e+02
1.791815445383113854e+02
-1.770185387800177921e+02
1.778389205117736367e+02
1.150835940061909213e+02
7.969515353123397006e+01
-1.030791237800668227e+02
-9.476364169072617472e+01
1.745309050298880891e+02
1.752363583092738111e+02
-1.706979452887011917e+02
1.657354877019201069e+02
1.700737544933483036e+02
-1.763861192479963620e+02
1.721466866980217958e+02
1.675350671579350319e+02
2.458157448256868349e+01
1.800000000000000000e+02
1.763861192479963620e+02
-1.778789036033385571e+02
1.742894068625003570e+02
1.766822188316651818e+02
-1.752363583092738111e+02
1.041842942482708168e+02
-1.088860873697093012e+02
-9.000000000000000000e+01
1.656064070315094909e+02
-1.746290053044643003e+02
1.757858214772659551e+02
1.800000000000000000e+02
1.580175617968813810e+02
-9.357633437499735862e+01
1.640546040990771246e+02
1.745794047162376614e+02
1.766335393365701805e+02
1.541336432059054857e+02
-1.568014094863518153e+02
1.639091836511478562e+02
1.626759104600290300e+02
-1.761539699099526217e+02
-7.324425107080101327e+01
8.318564711059025285e+01
-1.786468080462203147e+02
1.005277861199635510e+02
7.675948008481279317e+01
-1.544765754989319930e+02
-1.764513180260955494e+02
1.781816970355481828e+02
1.733255309528824455e+02
-1.704633642415405745e+02
-1.529044475062482036e+02
9.554531730886203889e+01
-1.587203955723045965e+02
-1.655792268724890164e+02
-1.608910142790934970e+02
1.759432621387051370e+02
-1.513895403340347912e+02
1.787078331137500697e+02
1.785311992856141785e+02
1.792411598757314550e+02
1.685728984060548612e+02
-1.648904248776595409e+02
1.729332702835989153e+02
-1.719297678220819137e+02
8.840885972880542454e+01
-9.050258166672104210e+01
1.018643904512811389e+02
-1.370601110237231239e+02
-1.350000000000000000e+02
-1.435490768204186907e+02
-1.763861192479963620e+02
2.309062789025682960e+00
1.607347356908199743e+02
-1.791048262897889458e+02
-9.170135460532613081e+01
-1.745829778861433965e+02
-1.744278021960361968e+02
-8.795459151111276697e+01
-1.729264623250386421e+02
-1.777630209365622989e+02
-1.754711757630674640e+02
1.276004053401128999e+02
1.662930389959201989e+02
3.857125225117014367e+01
-1.792309753174219509e+02
1.029074086712658413e+02
9.912289620537846702e+01
-1.709097230791776667e+02
-8.897696981133216809e+01
-1.734054849677719972e+02
6.710944834375166579e+01
-1.040362434679264823e+02
1.719241036651617094e+02
-7.584236735032274623e+01
-1.794791436254980397e+02
1.782285302599659360e+02
-1.755328409386107182e+02
-8.438241940987317946e+01
1.786441400238933284e+02
-1.654257838019612734e+02
-8.193306827020690264e+01
-1.724053566314085799e+02
-1.662392148882087497e+02
-1.747261040426482452e+02
1.800000000000000000e+02
-1.644501958302984121e+02
-1.518374726256764120e+02
-1.429355503700888335e+02
-1.384777865197981725e+02
-1.675295382783311311e+02
-1.721309244482094982e+02
-1.757001371798079390e+02
1.621213034041586525e+02
-1.636639571102815296e+02
1.782642954110716289e+02
1.249920201985586772e+02
1.778183585964485189e+02
-1.763380644244802227e+02
-1.722164404735346181e+02
1.536311664788159419e+02
1.800000000000000000e+02
-8.857973445360094900e+01
1.731182763693630591e+02
-1.781816970355481828e+02
1.800000000000000000e+02
1.800000000000000000e+02
-1.710273733851036013e+02
-1.718698976458440200e+02
1.775633517531898633e+02
1.676375075842857143e+02
1.800000000000000000e+02
9.076389846093000813e+01
-1.608443875545603419e+02
7.174810416292145021e+01
-1.001755108430432131e+02
-1.484957332807958323e+02
1.724053566314085799e+02
-1.562796044276954035e+02
-1.654655449194598873e+02
-1.663902681041878111e+02
1.782986453946738834e+02
1.760995062576181169e+02
1.715288553669851694e+02
1.750302592718896904e+02
-1.771087304037794468e+02
-1.680848529287349606e+02
-1.320219793480502517e+02
1.634429286243633612e+02
1.534349488229219958e+02
-1.764862497393950491e+02
-1.701341930569156489e+02
-8.925107821717617185e+01
1.800000000000000000e+02
1.789087837747374010e+02
1.715524727520915462e+02
8.068291393087378083e+01
1.702175929681927187e+02
1.763477772196936826e+02
1.746607631962624225e+02
1.717976457553744183e+02
-1.694873728300786411e+02
-1.708376529542782976e+02
-1.749575489308290912e+02
-1.763477772196936826e+02
-1.681663546938393381e+02
-1.689510943283452775e+02
1.723666694127686867e+02
1.794743653935423993e+02
1.800000000000000000e+02
-1.720198862548314764e+02
-1.585323485609010277e+02
