1.731986851760184436e+02
-1.720198862548314764e+02
-1.746948903937896205e+02
1.765761287550693339e+02
1.759143832200251154e+02
-1.709723870492849187e+02
-1.722079219217815762e+02
1.739041384554041940e+02
-1.717241071729248176e+02
-1.649910863233413352e+02
1.715910882673993001e+02
-1.659637565320735177e+02
1.800000000000000000e+02
1.800000000000000000e+02
-1.608663567940945143e+02
1.800000000000000000e+02
-1.775104470780008512e+02
1.736056022347724195e+02
-9.476364169072617472e+01
-9.408561677997488459e+01
1.709982448774387080e+02
1.762218022928384187e+02
-1.630507757661785604e+02
-1.643806078612892350e+02
-1.622390880750625115e+02
1.723160181702660338e+02
1.736598082540901089e+02
-1.651600608380870767e+02
1.725284408234076352e+02
1.745309050298880891e+02
1.748978347476418094e+02
-9.796961039432136431e+01
1.743405181598375293e+02
-9.431602751986562794e+01
1.036097318958122031e+02
-1.766890584853885571e+02
1.793904934233248127e+02
1.728194645022798284e+02
-1.615650511770780042e+02
1.725930878715047641e+02
1.746990734834743080e+02
1.761859251657096479e+02
1.710760115563685986e+02
1.783397176310171801e+02
-1.791185960034178777e+02
-1.692157021324374284e+02
-1.775633517531898633e+02
1.718698976458440200e+02
-1.795523858291394674e+02
-1.650685828218624636e+02
-1.731572265873690526e+02
8.682016988013576508e+01
1.800000000000000000e+02
-1.717405620201211889e+02
-1.789949139947458150e+02
-9.303556912505557364e+01
-1.702996080560542111e+02
1.734801982483430152e+02
1.757108466711809740e+02
-1.789390883097357801e+02
1.800000000000000000e+02
-1.795787150958314271e+02
-1.778141991932244252e+02
-1.786980473274211363e+02
-1.757636052009411856e+02
-1.746106882400266045e+02
-1.783634229583832678e+02
1.800000000000000000e+02
-1.783476953223486987e+02
-1.362730300200567228e+02
-1.751559996249193318e+02
1.728065299447044652e+02
1.741932730944684238e+02
1.800000000000000000e+02
-1.755153939904553795e+02
-1.656772800217964630e+02
-1.752690613762207761e+02
1.742894068625003570e+02
1.749575489308290912e+02
1.800000000000000000e+02
9.594686305397350168e+01
-1.783316625517066996e+02
1.800000000000000000e+02
1.761120904391669342e+02
-1.735504652961577392e+02
-1.728749836510982050e+02
1.713843518158358847e+02
-1.650124380289431940e+02
-1.742454346688978148e+02
-9.593741609948150995e+01
1.776140559696112007e+02
-1.718698976458440200e+02
1.405529710330368118e+02
-1.790530485532265459e+02
1.626459753637386996e+02
-1.783634229583832678e+02
-1.775853434791492305e+02
-1.782510539554457694e+02
1.794382946674334391e+02
1.756676860168115013e+02
1.784518423010220545e+02
1.751354855622394950e+02
1.772951240142643599e+02
1.789949139947458150e+02
1.534349488229219958e+02
-1.794791436254980397e+02
-1.638278409842174597e+02
1.760353452771438754e+02
1.741736579704442534e+02
-1.733951645032460362e+02
-1.749868862449641824e+02
1.785679038158353649e+02
-1.788065105760179847e+02
1.706900598250139751e+02
-1.706229393056956383e+02
-1.759555144258189046e+02
1.800000000000000000e+02
1.760548137709624541e+02
1.778630891462427428e+02
1.761214754971522893e+02
1.800000000000000000e+02
-1.686046789461071569e+02
-1.766890584853885571e+02
1.800000000000000000e+02
-1.756430249941537056e+02
-1.496678249037000512e+02
1.769552215558060198e+02
6.982934658814960471e+01
1.726476206401076468e+02
1.633930194213830021e+02
1.651065270411584152e+02
-1.733547217897256019e+02
1.800000000000000000e+02
1.783316625517066996e+02
-1.618962369654933866e+02
-1.785679038158353649e+02
-1.780908475670036353e+02
1.772736890060937469e+02
1.791253232288786705e+02
1.766981343255650074e+02
-1.647448812969422249e+02
-1.639989771461540045e+02
1.800000000000000000e+02
1.669924423399362112e+01
1.794270613023165311e+02
-1.722348339815746670e+02
-1.790977788384698499e+02
-1.712977762100532004e+02
1.773493103165781974e+02
-1.716167515190706467e+02
1.609940158039632081e+02
1.745596679689944892e+02
-1.730727818739908344e+02
1.554098828338039766e+02
-1.795592719272389957e+02
-1.788426669318704967e+02
-1.795558555668880558e+02
-1.730080746533322156e+02
-1.765466837494689116e+02
1.728114628572633649e+02
-1.685788137250007424e+02
1.800000000000000000e+02
1.651065270411584152e+02
1.606556707278788565e+02
1.640546040990771246e+02
-1.728749836510982050e+02
-1.738677775023207062e+02
1.748055710922652111e+02
1.658576533579673082e+02
-1.780250659891180192e+02
-1.634311708204009506e+02
-1.784925642412250397e+02
1.755251034937539032e+02
-1.752363583092738111e+02
1.772072976342867037e+02
1.794743653935423993e+02
1.716070748126075216e+02
1.776531257075127144e+02
1.800000000000000000e+02
8.695522155580601975e+01
1.727697573607484287e+02
1.735411836212813341e+02
1.030386565830229699e+02
1.766002858408767509e+02
-1.757001371798079390e+02
1.754752315271658176e+02
1.751864491062934803e+02
1.782285302599659360e+02
1.757411538778296460e+02
-1.226477372789240228e+01
1.675026450502571862e+01
-1.771375947738882530e+02
-1.660790396350792548e+02
1.754260787400991433e+02
1.530041616059133958e+02
9.111239961629779316e+01
-1.727367552594154461e+02
-1.787811247648687072e+02
1.717028550301631356e+02
-1.151383118448701204e+01
-1.652308014697083820e+02
1.728749836510982050e+02
1.723493490446406042e+02
1.800000000000000000e+02
1.800000000000000000e+02
1.639741325515502410e+02
-1.796021190381654264e+02
-1.785436413656603065e+02
1.728749836510982050e+02
-1.729296551798424275e+02
8.396231747857711980e+01
-1.782285302599659360e+02
1.774438499214217018e+02
6.277298489597554543e+00
1.653581154587666333e+02
1.079125093859632614e+02
1.732639887858806560e+02
1.800000000000000000e+02
-1.772519118199462582e+02
-1.779174347202691422e+02
1.706229393056956383e+02
-1.771135814561353925e+02
-1.695625246488818334e+02
-1.782465951399284450e+02
1.628972710309476213e+02
1.711193408494797836e+02
1.422243156940453446e+02
1.602011236454750644e+02
1.646498635075755885e+02
1.795379472785692485e+02
-1.781066141542537196e+02
1.779904461869788577e+02
1.612586595548072808e+02
-1.640546040990771246e+02
1.753645365730973538e+02
1.544184707420611176e+02
1.718698976458440200e+02
1.574126894686342837e+02
-1.740150476848845926e+02
1.713691982114515611e+02
-1.718698976458440200e+02
-1.750540334528958510e+02
-1.781221225527146430e+02
1.789488192504562676e+02
1.784234499448162694e+02
1.761120904391669342e+02
-1.539144002217185800e+02
-1.793904934233248127e+02
1.739623174785771198e+02
-1.714954207591212025e+02
1.748055710922652111e+02
1.737175079118386236e+02
-1.730080746533322156e+02
-1.703718438715133061e+02
-1.742072035049678504e+02
1.800000000000000000e+02
1.759958270592906047e+02
-1.747323028719557669e+02
1.536623118339125824e+02
1.736095046853530448e+02
1.722348339815746670e+02
-1.747099187946287486e+02
1.689174305369703575e+02
1.783316625517066996e+02
-1.073189384315147379e+02
1.758023316428390785e+02
1.789190758133393331e+02
-1.774886367328369374e+02
-1.777093899573614806e+02
1.734943733543163091e+02
-1.765761287550693339e+02
-1.779361802715430372e+02
1.474356283647073518e+01
1.651735200296443224e+02
1.742894068625003570e+02
-1.784088597288054245e+02
-1.768201698801357509e+02
1.766981343255650074e+02
1.766335393365701805e+02
1.800000000000000000e+02
-1.795264919412650784e+02
1.740938588862294978e+02
-1.655933148435631210e+02
-1.789949139947458150e+02
-1.700872485532761686e+02
1.800000000000000000e+02
1.775318820861714642e+02
-1.708194580423738387e+02
1.750540334528958510e+02
1.706144817399569433e+02
-1.477243556854223812e+02
-6.842773412630940300e+00
-1.681901170429717638e+02
-1.698379168059992423e+02
-1.777320454640941705e+02
1.687893668711233488e+02
1.782285302599659360e+02
1.775736641683976416e+02
1.684861688155129968e+02
1.778183585964485189e+02
1.715183942059706510e+02
7.834970056246234549e+01
1.700222873798494447e+02
-1.795103044068708016e+02
-1.568014094863518153e+02
1.728114628572633649e+02
-1.688785398051096536e+02
1.771844433157887693e+02
1.734537092167059882e+02
1.763380644244802227e+02
1.472315009212301788e+02
1.761120904391669342e+02
8.409385888622949778e+01
-9.289126959622056745e+01
-1.781066141542537196e+02
-1.771936297482117766e+02
-1.780585136090856224e+02
1.777760387596145506e+02
-1.794594898128693501e+02
1.742894068625003570e+02
1.754978105079590307e+02
1.767905136822080294e+02
1.613843079926689654e+02
1.800000000000000000e+02
