1.713691982114515611e+02
-1.702563587129628502e+02
1.764964683552155691e+02
-1.750062560141766141e+02
-1.794270613023165311e+02
-1.747581800530204532e+02
1.682176748655376741e+02
1.776337520085442065e+02
-1.776140559696112007e+02
-1.740531369460264841e+02
1.714163785198860523e+02
-1.699089427611110921e+02
1.758023316428390785e+02
9.213691085375724299e+01
1.772993706626047299e+02
1.710505419157911149e+02
-1.775804907833436630e+02
1.666075022462489130e+02
-1.761120904391669342e+02
1.655297058999341289e+02
-1.750540334528958510e+02
-1.688869594640516993e+02
-1.017251120151650809e+02
-1.775940294833546886e+02
-1.763217612780066190e+02
-1.707889734591833530e+02
-1.786360724683970886e+02
6.965589874408161108e+01
-1.677352262721076102e+02
1.800000000000000000e+02
-1.726319489283778239e+02
1.638986976008415866e+02
-1.588752808539275065e+02
-1.713268259521202310e+02
-1.657354877019201069e+02
-1.757636052009411856e+02
0.000000000000000000e+00
-3.394923542118278625e+00
-1.780908475670036353e+02
-1.795264919412650784e+02
1.718698976458440200e+02
1.779690857631468930e+02
-1.563179122754615662e+02
-1.794437477729193233e+02
-1.792205136788815310e+02
1.709465613378262105e+02
-1.700872485532761686e+02
-1.072234361911314551e+02
1.794743653935423993e+02
1.705376777919743745e+02
1.659637565320735177e+02
1.437750557444796868e+02
-1.534349488229219958e+02
-1.674123066183512094e+02
1.430112316128560224e+02
1.757321066997091918e+02
1.800000000000000000e+02
9.871974650623732828e+01
-1.795724274931666002e+02
1.796048629574925144e+02
-1.764552335444051323e+02
-1.785311992856141785e+02
1.800000000000000000e+02
1.773974377975002028e+02
-1.780079064270335607e+02
-1.750540334528958510e+02
-6.368735150521116850e+01
1.800000000000000000e+02
1.800000000000000000e+02
-1.780585136090856224e+02
-1.705376777919743745e+02
1.043002774491855860e+02
1.776140559696112007e+02
-1.708194580423738387e+02
-1.607802265740861003e+02
-1.769644308749444406e+02
1.679052429229879237e+02
-1.689135869883403700e+02
1.748895824389687732e+02
-1.600540021383990563e+02
1.800000000000000000e+02
-1.790906195508008523e+02
1.784234499448162694e+02
1.757636052009411856e+02
1.794437477729193233e+02
1.796128722458490472e+02
-1.721847064532331331e+02
1.760740922963160244e+02
-1.741439864145710601e+02
1.800000000000000000e+02
1.752001638860953108e+02
1.789190758133393331e+02
1.739623174785771198e+02
1.712538377374447975e+02
-1.783634229583832678e+02
-1.089876240878701736e+02
1.521258286862049580e+01
-1.551258460858723538e+02
-1.591284029302678675e+02
-1.791185960034178777e+02
1.742321111020858666e+02
-1.794031905487708229e+02
-1.676446401349165001e+02
1.800000000000000000e+02
1.750062560141766141e+02
-1.765053610727466662e+02
8.939049342332481274e+01
1.358184554616886146e+02
1.463099324740202292e+02
-1.738844964337145882e+02
1.745309050298880891e+02
-1.786360724683970886e+02
-1.789860212772147179e+02
1.727697573607484287e+02
1.735301800148268114e+02
-1.717405620201211889e+02
1.644190761517483850e+02
1.615650511770780042e+02
-1.777974018382342081e+02
-1.513050956206565729e+02
-1.770961811349037305e+02
-1.763477772196936826e+02
-1.778590986336768935e+02
7.800916502096075078e+01
-1.785311992856141785e+02
1.775633517531898633e+02
-1.704667672099699871e+02
1.716823507558936228e+02
-1.627075506001223175e+02
-1.789949139947458150e+02
1.795659493678606111e+02
-1.735301800148268114e+02
-1.732338251774469313e+02
1.521759036157467335e+02
1.755251034937539032e+02
-8.143911042883540574e+01
-1.720025265281961708e+02
1.789291755452130417e+02
1.709492783228162693e+02
1.761120904391669342e+02
-1.753893506813394083e+02
1.756430249941537056e+02
1.771375947738882530e+02
1.778789036033385571e+02
1.800000000000000000e+02
-1.762786867352502611e+02
-7.258030107651238794e+00
1.795523858291394674e+02
-1.788065105760179847e+02
1.736598082540901089e+02
1.785056664087334752e+02
-1.751009075462122553e+02
1.571412381201343749e+02
7.742106476250694413e+01
-8.518644910629348033e+01
1.679052429229879237e+02
1.543964553531926498e+01
1.800000000000000000e+02
-1.789488192504562676e+02
-9.987421575013543773e+00
1.749078848755010540e+02
-1.788542371618248978e+02
9.000000000000000000e+01
-9.309940174986037320e+00
-1.786251652194305848e+02
-1.708194580423738387e+02
-1.782642954110716289e+02
-1.670053832080834866e+02
1.774169793313649279e+02
-9.727500495788926571e+01
1.271042349057062353e+02
-1.693150875999972698e+02
3.076271953423891858e+01
8.695522155580601975e+01
-1.767754773934801165e+02
1.770068679940209222e+02
1.720928372970415410e+02
1.765526131481348102e+02
-4.891824886406737249e+01
-1.699920201985586914e+02
1.800000000000000000e+02
8.247617956136137707e+01
1.791319485502544637e+02
1.782285302599659360e+02
1.800000000000000000e+02
1.788618229925118328e+02
1.792257798350719327e+02
-1.763588147420986729e+02
9.000000000000000000e+01
-5.658341860468706841e+01
1.800000000000000000e+02
-1.728749836510982050e+02
-1.561398248086576643e+02
1.800000000000000000e+02
1.800000000000000000e+02
-1.700222873798494447e+02
9.107082445478695831e+01
1.777093899573614806e+02
1.118014094863518153e+02
-1.794382946674334391e+02
1.800000000000000000e+02
1.718698976458440200e+02
-1.766580561427388716e+02
-1.778094261359617860e+02
1.746926731506688384e+02
1.800000000000000000e+02
-1.723331957381858217e+02
-1.753645365730973538e+02
1.740938588862294978e+02
1.760275040592493383e+02
1.800000000000000000e+02
1.771135814561353925e+02
1.779726772994997930e+02
9.000000000000000000e+01
1.778114174395967950e+02
1.760206175473217911e+02
1.800000000000000000e+02
-1.654833000411453554e+02
1.796154703404154986e+02
-1.729906157433787541e+02
-1.795659493678606111e+02
5.389311759973408833e+00
-1.640546040990771246e+02
-1.785913712646615465e+02
1.759504182967286283e+02
1.800000000000000000e+02
1.669208762199332057e+02
-1.717028550301631356e+02
-9.705230600784119588e+01
2.361374658175619867e+00
7.322877618136958233e+01
-1.778307424102714833e+02
1.800000000000000000e+02
1.784088597288054245e+02
-7.190609345593684054e+01
1.186571174565581401e+02
-1.767427780593330624e+02
-1.756347422649720613e+02
1.293693172423647582e+02
-1.788426669318704967e+02
1.789583733239900312e+02
1.766335393365701805e+02
1.069492242338214396e+02
1.761859251657096479e+02
1.690113489035060184e+02
1.698379168059992423e+02
1.637726389564845135e+02
8.873632744834173991e+01
1.769413024259041833e+02
1.787939512207800590e+02
1.767905136822080294e+02
1.800000000000000000e+02
-1.750497277657082407e+02
9.546909497011193935e+01
1.772475145997313177e+02
1.733255309528824455e+02
1.790036521034950567e+02
-1.784792303388562402e+02
-9.937209270857908905e+01
1.800000000000000000e+02
-5.851253063578602820e+01
-8.133586456689194222e+01
1.786360724683970886e+02
-1.710505419157911149e+02
-1.644190761517483850e+02
-1.769695231541394094e+02
1.612113780178315494e+02
-1.382704879231835662e+02
-1.625820292077971487e+02
-1.637798063043971979e+02
-1.753800765183395924e+02
1.785405506450077269e+02
1.800000000000000000e+02
-1.783316625517066996e+02
-1.573406479599941576e+02
1.763477772196936826e+02
1.718019311539837020e+02
-1.384566191720419965e+02
1.605296979905330659e+02
1.628670038496568679e+02
1.557185399044890630e+02
-8.171420297604626626e+01
-2.323015843305065786e+01
-1.666908213045995240e+02
1.750540334528958510e+02
1.458043945975392433e+02
1.757026133360583060e+02
8.793618027154305139e+01
1.730470425318260936e+02
-1.761214754971522893e+02
-1.725041423602701514e+02
-1.782816419983445542e+02
1.792461516669292223e+02
1.705376777919743745e+02
1.800000000000000000e+02
1.800000000000000000e+02
1.565186093173923041e+02
-1.773493103165781974e+02
-1.795103044068708016e+02
1.726139568487327551e+02
1.539246444160512510e+02
1.714163785198860523e+02
-1.782376089763394873e+02
1.732278400338864515e+02
1.539704078084865273e+02
-1.600674634380604857e+02
-1.548851651138554359e+02
1.729421533501189288e+02
-1.739176633067179409e+02
1.576198649480404299e+02
1.759143832200251154e+02
1.571663458220824623e+02
1.653355385115889078e+02
-1.677352262721076102e+02
1.771658889836934918e+02
-1.794791436254980397e+02
-1.793969088056194607e+02
-1.782465951399284450e+02
-1.767295120768164338e+02
1.692420329116100106e+02
-1.734801982483430152e+02
-1.707273982227997067e+02
-1.682935632708466756e+02
1.729332702835989153e+02
