1.697130977146476312e+02
-1.780419325707659652e+02
-1.785461045348911284e+02
1.701975032847547595e+02
-1.769285378829296178e+02
1.782100893917539395e+02
1.741030364897891900e+02
-1.761663234629119188e+02
1.750302592718896904e+02
1.701469197958251982e+02
-1.764964683552155691e+02
1.786921043983362267e+02
1.791363099554004350e+02
-1.632215450613836083e+02
-1.647448812969422249e+02
1.791275428770979943e+02
-1.797322646612977906e+02
1.727367552594154461e+02
-1.776264041977633497e+02
-1.710148002495773198e+02
-1.617320937927588886e+02
-1.787811247648687072e+02
9.000000000000000000e+01
-1.738081657151579407e+02
1.690158726711736392e+02
-1.601094178700395787e+02
-1.678069655244930232e+02
1.769606004310730896e+02
1.403743773723243748e+02
-1.653791260113683563e+02
1.766514051855431262e+02
1.728194645022798284e+02
-1.674123066183512094e+02
1.670446807187342131e+02
1.744213637446066230e+02
1.765433808279580035e+02
1.717028550301631356e+02
-1.713593935861760542e+02
-1.746000265766749635e+02
-1.678285417914125333e+02
1.748055710922652111e+02
1.680328976234150389e+02
1.739458081058851633e+02
1.735359256806231656e+02
-1.776909372109743117e+02
1.685788137250007424e+02
8.058737056313385949e+01
-1.779752349184389573e+02
-1.726569918829931680e+02
1.735216354202271134e+02
-1.717028550301631356e+02
-1.755443971666736900e+02
-1.598457888431544518e+02
1.777974018382342081e+02
-1.714009112892225346e+02
-1.572327371938894771e+02
-1.749785389577981789e+02
1.601447856306789674e+02
1.718698976458440200e+02
-1.750428739303193026e+02
1.770492208909936664e+02
1.760858627813875614e+02
1.631178697220159961e+02
1.737580856525849526e+02
-1.645080144719919701e+02
1.800000000000000000e+02
1.721709234899403782e+02
-1.729881417255249119e+02
-1.544023278382181275e+02
1.794743653935423993e+02
1.791449026037332999e+02
-1.749078848755010540e+02
-1.782554901584111064e+02
-1.623091103799666826e+02
-1.697458353220958145e+02
-1.737175079118386236e+02
-1.786800543060782331e+02
1.758510963022656597e+02
-1.691359400779122950e+02
1.690113489035060184e+02
-1.724436559435605432e+02
-1.536989828041811279e+02
-1.782554901584111064e+02
-1.794183369424946193e+02
1.773866537246907740e+02
1.800000000000000000e+02
1.699064786384774379e+02
-1.696951535312339843e+02
8.220792192178156199e+01
-1.341512357284464088e+02
1.791968407481897714e+02
-1.708282709698340511e+02
-1.750679125717351496e+02
1.668907918018457224e+02
1.576937949450923497e+02
1.797419126486638277e+02
1.725429448597647024e+02
-1.742593933610480974e+02
-1.760443545196158368e+02
1.771232349296994357e+02
1.730528282310403085e+02
-1.777974018382342081e+02
6.963839672461385533e+01
-1.685110187978407907e+02
-1.744724598483438456e+02
1.762523550252339533e+02
1.727718100900221714e+02
1.681356095487188895e+02
1.788188110866733780e+02
1.710028565789349386e+02
1.524265497049103146e+01
-1.702001513311323606e+02
1.650304491972015342e+02
1.759527980848778270e+02
-1.789241493792087283e+02
-1.691249417520058671e+02
1.733303801576876708e+02
-1.734721589921149985e+02
1.770262689175199000e+02
-1.609065079995143890e+02
-7.675948008481279317e+01
1.672076979728590800e+02
1.748479182977937967e+02
7.993931020467704229e+01
-1.689174305369703575e+02
1.675825542099236998e+02
1.686332828275123177e+02
1.777207739785733054e+02
-1.637747246388217945e+02
-1.634956386182449819e+02
1.698925731234683951e+02
1.742622653299436024e+02
1.761120904391669342e+02
-1.767038840274537108e+02
-1.712977762100532004e+02
-1.757184637649293961e+02
-1.635271082852633810e+02
-1.750607844578738082e+02
-1.698113719915465083e+02
1.786615570789762728e+02
-1.719539089925476105e+02
1.557309554728265937e+02
-1.779786350596440059e+02
1.567676862533342899e+02
-1.743624571155401384e+02
1.628792987042117772e+02
1.782642954110716289e+02
-1.715730309785193413e+02
-1.797031333326753213e+02
1.750062560141766141e+02
-1.730048077027419993e+02
1.797163598442421915e+02
-1.779992143833314344e+02
1.744910503017839574e+02
1.733979197703520185e+02
1.780817196748531899e+02
1.800000000000000000e+02
1.624890965298506842e+02
1.702894307339865350e+02
1.768778695378842940e+02
1.742348654420276262e+02
-1.753718624622676714e+02
-1.767038840274537108e+02
1.679648432269205500e+02
1.714842175956499375e+02
1.779268498511536052e+02
-1.783634229583832678e+02
-1.704428957783293299e+02
-1.712977762100532004e+02
-1.753776297583157486e+02
1.677604001630681694e+02
1.745337949612642774e+02
-1.711353766115892086e+02
1.783711750594742682e+02
-1.701864821407453974e+02
-1.716408466349861328e+02
7.857289840605487541e+01
-1.744349011650883483e+02
1.787546357332316518e+02
2.682489420068993269e+01
-1.776626941408761979e+02
1.573801350519595701e+02
1.755443971666736900e+02
-1.767845160082518134e+02
-1.585145566829365862e+02
-1.684762782961026915e+02
1.685445239452624833e+02
8.773949808885872415e+01
-1.764604408314500574e+02
-1.630028203979097725e+02
-1.791140534061457572e+02
-1.461005700215053196e+02
1.722348339815746670e+02
-1.793206352445347704e+02
-1.796968505562858809e+02
-9.029533645394704422e+01
1.760638338873100111e+02
-1.785004529620223650e+02
-1.734969440551182913e+02
1.737076344362318707e+02
1.773120310343964263e+02
-1.550007305691796091e+02
-1.779174347202691422e+02
1.683540257515167866e+02
-1.740355128987469016e+02
1.741736579704442534e+02
1.753567274168811423e+02
-1.760931836158965780e+02
1.643460772072053828e+02
-1.796952380895789361e+02
1.718379423900869938e+02
-1.771245463160147722e+02
1.497006607257968653e+02
-1.758295634751578973e+02
-1.765557974853467158e+02
-1.782414714395609110e+02
-1.096538240580533028e+02
1.711016869355374013e+02
-1.713218311147592487e+02
1.765663696375494851e+02
1.641760790679785487e+02
1.682935632708466756e+02
-9.701650174472291610e+01
1.170215815911770392e+02
-1.730132954633330939e+02
-1.098097836034914110e+02
-1.712538377374447975e+02
-1.763477772196936826e+02
-1.730727818739908344e+02
-1.725457011872515523e+02
-1.630245005320702489e+02
1.639439234006015624e+02
-1.760353452771438754e+02
1.720362129392812278e+02
1.649315118405077953e+02
-1.698657487126043293e+02
1.729620592368153211e+02
-1.696439737507299981e+02
-1.545731258304101914e+02
1.657232719861973749e+02
-1.724053566314085799e+02
1.756364886083380838e+02
-1.696409475119162948e+02
1.722348339815746670e+02
6.709836807756933474e+00
-1.654952267228034941e+02
-9.282017247244849045e+01
-1.764576388078062905e+02
1.663222238851611223e+02
-1.764064338121347930e+02
7.945524112499323621e+01
-1.342510782171761718e+02
-1.728211595433867558e+02
-1.642913621709842573e+02
-1.675350671579350319e+02
1.737256654429181992e+02
1.715110561194952936e+02
1.782491458134571758e+02
-1.687493185695048794e+02
1.692711407019899639e+02
-1.612882621249002568e+02
1.566822916132449279e+02
1.776507213525198665e+02
1.766981343255650074e+02
1.739153061347312530e+02
-1.732583027064557655e+02
-1.574726594438991469e+02
1.095922818910515275e+02
-1.660295381099591339e+02
-1.404325398673771019e+02
6.304782106877106429e+01
-1.714842175956499375e+02
-1.692868769772089763e+02
-1.614804193634249998e+02
1.689234502658317183e+02
1.699768183470944791e+02
1.615650511770780042e+02
-1.782730122495123624e+02
-1.545988113245860234e+02
1.749427514674408712e+02
1.789723832135583450e+02
1.656997225508144140e+02
-1.788655783690230123e+02
1.675925814725992780e+02
-1.725562835908829697e+02
-1.789630855354699008e+02
1.786095987359559842e+02
-1.791696845137419984e+02
-6.702727866917133781e+01
1.800000000000000000e+02
-1.753286219646504662e+02
-1.793969088056194607e+02
-1.757439732745163496e+02
1.788367937547588724e+02
1.701701076653625648e+02
-1.710273733851036013e+02
-1.755328409386107182e+02
-1.736328201357313219e+02
1.743775993729102822e+02
-1.756236496105158551e+02
1.780908475670036353e+02
-1.744349011650883483e+02
1.754580043197332770e+02
-1.668753627515890514e+02
1.430717563666733554e+02
1.680238675557966417e+02
1.782554901584111064e+02
1.792292512546080161e+02
-1.758353273481340864e+02
1.733057708681068334e+02
-1.778389205117736367e+02
8.190555151772800002e+01
1.790164780808609066e+02
-1.780987635353855865e+02
-1.716026974133102669e+02
1.767905136822080294e+02
1.780631996137789486e+02
-1.712766193583170207e+02
1.775459683254729271e+02
1.770492208909936664e+02
1.770767970680218184e+02
1.746529183997006385e+02
8.886557836902299812e+01
-1.743693172423647582e+02
