-1.782376089763394873e+02
1.738709192350320052e+02
-3.150716413267740990e+00
-1.788766972859245641e+02
-1.794031905487708229e+02
1.800000000000000000e+02
-1.729332702835989153e+02
8.292965517984241330e+01
-1.750062560141766141e+02
-2.579147500283417660e+00
1.751354855622394950e+02
1.800000000000000000e+02
1.800000000000000000e+02
-1.784377750831576179e+02
1.800000000000000000e+02
1.731765376009664692e+02
1.800000000000000000e+02
-1.773974377975002028e+02
-1.702475750583462286e+02
-1.740625839005184901e+02
9.138591785081219143e+01
1.738844964337145882e+02
9.238594403038882774e+01
-1.735411836212813341e+02
-1.716009053521475494e+02
1.773775985394589156e+02
-1.774886367328369374e+02
-1.007288592980100645e+02
1.800000000000000000e+02
-1.794929709390852395e+02
-1.783028438103997360e+02
1.776531257075127144e+02
1.732338251774469313e+02
-1.787939512207800590e+02
-1.790036521034950567e+02
1.769606004310730896e+02
-1.730189425931702090e+02
-1.783476953223486987e+02
-1.727058036914591526e+02
1.800000000000000000e+02
-1.735301800148268114e+02
-1.757411538778296460e+02
1.792309753174219509e+02
1.784656585002992415e+02
1.800000000000000000e+02
1.744470289669631882e+02
1.719509382983254966e+02
-1.736598082540901089e+02
-1.764236656250026556e+02
1.788308606720925980e+02
-1.730887728809753412e+02
1.733455749539934061e+02
1.800000000000000000e+02
-1.790684434019225364e+02
2.101654327671293565e+00
1.725685920288274815e+02
-1.691144729453412765e+02
-1.790289780689208499e+02
1.786573759734622513e+02
-1.788308606720925980e+02
1.753331416285610089e+02
1.729210783953877808e+02
9.101397872278531054e+01
-1.776531257075127144e+02
1.776337520085442065e+02
-1.748826851500273563e+02
1.738999400396783415e+02
-1.678762617522106098e+02
1.800000000000000000e+02
1.783977386537290215e+02
-1.763322119444685825e+02
-1.714391104288353915e+02
-5.042451069170913236e+00
-1.791319485502544637e+02
1.800000000000000000e+02
-1.753225821411182608e+02
1.780585136090856224e+02
1.800000000000000000e+02
-1.607357416474638967e+01
-1.739382112112713799e+02
1.794327335901420781e+02
1.800000000000000000e+02
1.789677553084342776e+02
-1.698379168059992423e+02
-1.781720317556950022e+02
-1.757321066997091918e+02
1.743269778600746918e+02
-1.754462320208413644e+02
-9.000000000000000000e+01
1.629622322043743736e+02
1.736128829742354753e+02
1.788387580916860031e+02
-1.750728900523509992e+02
1.759504182967286283e+02
-9.946232220802562551e+01
1.729421533501189288e+02
-1.785056664087334752e+02
1.794153694792948386e+02
-1.782510539554457694e+02
1.718698976458440200e+02
-1.794490960207814396e+02
1.761859251657096479e+02
1.668835638746085408e+02
1.800000000000000000e+02
-1.739909940425054629e+02
-1.716129676213405162e+02
-1.791449026037332999e+02
-1.702867489750597372e+02
-1.781221225527146430e+02
1.742513365827122414e+02
1.800000000000000000e+02
-1.786028189727036306e+02
1.793904934233248127e+02
1.727367552594154461e+02
1.632016282186947080e+02
1.746441749571448270e+02
1.795965152649412460e+02
1.791815445383113854e+02
1.767602997038978856e+02
1.788876003837022211e+02
-1.702382252249577448e+02
-1.775529513576763918e+02
1.743753719585540978e+02
-1.776140559696112007e+02
1.784925642412250397e+02
8.758897025338876574e+01
1.800000000000000000e+02
-1.752363583092738111e+02
-1.769872124958166637e+02
-1.751559996249193318e+02
1.778141991932244252e+02
-1.788982938847936452e+02
1.800000000000000000e+02
-1.646591092359950892e+02
-1.775104470780008512e+02
1.706229393056956383e+02
-1.751864491062934803e+02
1.746106882400266045e+02
8.549781050795903070e+01
1.763670492605118056e+02
1.800000000000000000e+02
-1.663730051401084893e+02
1.721260618682743768e+02
1.800000000000000000e+02
-1.676849815207256142e+02
-1.733951645032460362e+02
-1.794543424065842885e+02
1.748826851500273563e+02
3.399714159123258916e+00
1.800000000000000000e+02
1.783153156821037157e+02
1.766335393365701805e+02
1.773493103165781974e+02
1.800000000000000000e+02
-1.790608090542644391e+02
-1.759555144258189046e+02
-1.742321111020858666e+02
-1.744400527366904612e+02
-1.740194004752365515e+02
1.663902681041878111e+02
1.764604408314500574e+02
-1.766981343255650074e+02
-1.790906195508008523e+02
-1.731986851760184436e+02
1.764236656250026556e+02
-1.775889702533887942e+02
9.171835800165546004e+01
1.800000000000000000e+02
1.730189425931702090e+02
-1.787724211678654456e+02
1.781034816967907091e+02
-1.784656585002992415e+02
1.800000000000000000e+02
1.800000000000000000e+02
-1.782642954110716289e+02
1.740938588862294978e+02
-1.783977386537290215e+02
-1.773974377975002028e+02
1.771728754218387394e+02
-1.581985905136481847e+02
1.800000000000000000e+02
1.741736579704442534e+02
8.842344994481626941e+01
-1.769552215558060198e+02
1.796255231132771826e+02
1.676309384740744974e+02
-1.706184898392517653e+02
-8.853119928561417851e+01
1.739667469937992905e+02
1.800000000000000000e+02
-1.790608090542644391e+02
-1.772519118199462582e+02
-1.753893506813394083e+02
-1.796048629574925144e+02
1.800000000000000000e+02
1.800000000000000000e+02
-1.771658889836934918e+02
-1.761575468720851347e+02
-9.000000000000000000e+01
-1.642075964711427218e+02
-1.793179396068273377e+02
1.523540246362613289e+02
-1.751286089684759020e+02
1.699920201985586914e+02
9.152076966114375978e+01
-1.777974018382342081e+02
1.780519149934850702e+02
1.633930194213830021e+02
-1.743824194098731937e+02
1.800000000000000000e+02
1.785185428291129313e+02
-1.790759546472272916e+02
-1.775940294833546886e+02
-1.742373671134015467e+02
-1.790451587461278109e+02
-1.698379168059992423e+02
-1.789488192504562676e+02
1.700493733120484023e+02
1.778789036033385571e+02
-1.764785466230777899e+02
-1.765167285310023431e+02
-1.774922982729337662e+02
-1.758295634751578973e+02
1.729987324425046609e+02
-1.735504652961577392e+02
1.785679038158353649e+02
1.749801463579804590e+02
-1.491391083116505172e+02
-1.787174729172898253e+02
3.794367014189791720e-01
-1.731363080853729457e+02
-1.794031905487708229e+02
-1.796303549381529763e+02
-1.617711502144621249e+02
-1.717976457553744183e+02
1.793904934233248127e+02
-1.710273733851036013e+02
1.800000000000000000e+02
-1.649621840964177579e+02
-1.749427514674408712e+02
1.782285302599659360e+02
-1.787981669355478971e+02
1.794382946674334391e+02
-1.707644409068340963e+02
-1.786112834104486922e+02
-1.757205364697547907e+02
1.775973905310139571e+02
1.777974018382342081e+02
1.776909372109743117e+02
1.761493611760892577e+02
-1.757321066997091918e+02
-1.782285302599659360e+02
-1.777974018382342081e+02
-1.760353452771438754e+02
-1.732901631922430852e+02
-1.678631755447077296e+02
-1.777974018382342081e+02
1.760090869015702140e+02
-1.748414482193939534e+02
-1.782642954110716289e+02
-1.785056664087334752e+02
-1.751864491062934803e+02
1.760740922963160244e+02
0.000000000000000000e+00
-1.789291755452130417e+02
1.783276056389107396e+02
-1.776862775021757841e+02
1.770068679940209222e+02
-1.769644308749444406e+02
-1.770792784789996119e+02
1.696241550799489630e+02
1.788876003837022211e+02
-1.788228551140179263e+02
-9.216107948822637752e+01
1.679827481574355375e+02
-1.794838357702351743e+02
1.744546826911379753e+02
1.800000000000000000e+02
1.515141639102330657e+02
1.762482709294740459e+02
-1.765972302289382583e+02
-1.758023316428390785e+02
-1.757515454706387175e+02
-1.513895403340347912e+02
1.746854543300552507e+02
1.722781741998690279e+02
1.786140821491877944e+02
1.800000000000000000e+02
-1.784234499448162694e+02
1.738999400396783415e+02
1.740625839005184901e+02
1.759555144258189046e+02
1.789258300016273893e+02
-1.693150875999972698e+02
1.722129820453675393e+02
1.768492835867322697e+02
-1.636389225446536955e+02
-1.741843734705087741e+02
1.800000000000000000e+02
1.770390638658362548e+02
-1.665413153913849840e+02
1.686900675259797993e+02
1.761627378826723600e+02
1.684004047788836544e+02
-1.794694986833262078e+02
1.720198862548314764e+02
1.708194580423738387e+02
1.800000000000000000e+02
-1.782773379283771931e+02
1.649910863233413352e+02
-1.759858243045889594e+02
-4.763641690726178268e+00
-1.745164095555355743e+02
1.780908475670036353e+02
1.785185428291129313e+02
1.735301800148268114e+02
-1.766661493384634127e+02
-1.771612121589946298e+02
-1.773735943617092516e+02
1.775736641683976416e+02
1.781816970355481828e+02
-1.785024122609824815e+02
1.685304696671331044e+02
1.800000000000000000e+02
