1.788982938847936452e+02
1.745361571867633756e+02
1.790206803456605087e+02
1.788766972859245641e+02
1.800000000000000000e+02
1.800000000000000000e+02
1.794694986833262078e+02
1.800000000000000000e+02
1.794327335901420781e+02
-1.711420412363716537e+02
-1.751009075462122553e+02
1.764236656250026556e+02
9.093804491991415162e-01
1.708033441083711068e+02
1.764236656250026556e+02
1.751747830728901931e+02
1.778307424102714833e+02
-1.782100893917539395e+02
-1.721847064532331331e+02
1.783999752848522462e+02
1.800000000000000000e+02
1.779361802715430372e+02
1.760740922963160244e+02
-1.792607406445921470e+02
1.800000000000000000e+02
1.790289780689208499e+02
1.794594898128693501e+02
-1.757636052009411856e+02
-1.753758486715709353e+02
-1.754752315271658176e+02
-1.794123715837600344e+02
1.800000000000000000e+02
-1.741736579704442534e+02
-1.781816970355481828e+02
-1.728749836510982050e+02
-1.781066141542537196e+02
1.740428688852917958e+02
-1.740625839005184901e+02
1.800000000000000000e+02
1.738730669945059333e+02
-1.779174347202691422e+02
-1.672756443145776473e+02
1.696951535312339843e+02
-1.670619436828135633e+02
1.756839724801344005e+02
1.754260787400991433e+02
-1.693210528034648803e+02
1.777974018382342081e+02
1.754752315271658176e+02
1.725546751528531786e+02
1.757858214772659551e+02
1.786468080462203147e+02
-1.693236443173042005e+02
1.714827698916930956e+02
1.755704407010223633e+02
1.758608107442738060e+02
1.764862497393950491e+02
-1.770185387800177921e+02
1.800000000000000000e+02
1.797135234897229452e+02
-1.786881122174958989e+02
1.671012488958355391e+02
1.702867489750597372e+02
-1.032244691565731065e+00
1.778141991932244252e+02
1.792654789657451886e+02
1.714391104288353915e+02
1.800000000000000000e+02
-1.699309373011105606e+02
-1.686185372516401912e+02
1.800000000000000000e+02
-1.745076754428725678e+02
1.650378447456734534e+02
1.733386983602298415e+02
1.745881308476829759e+02
1.764552335444051323e+02
-1.712538377374447975e+02
-1.791319485502544637e+02
1.764964683552155691e+02
-1.716943237944440170e+02
1.789993021221411595e+02
-1.755251034937539032e+02
1.795060831013812503e+02
1.775997855391433689e+02
1.800000000000000000e+02
1.778789036033385571e+02
1.709605171966448722e+02
1.748895824389687732e+02
1.795379472785692485e+02
-1.786360724683970886e+02
1.800000000000000000e+02
-1.733386983602298415e+02
1.749575489308290912e+02
-1.768377022478606193e+02
1.791384742654327624e+02
-1.785405506450077269e+02
1.763670492605118056e+02
1.751115990518752312e+02
1.719829069263446684e+02
-1.744910503017839574e+02
-1.782642954110716289e+02
1.743938340485334209e+02
1.671419098270018253e+02
1.748718089581471702e+02
-1.743246441148308747e+02
-1.789087837747374010e+02
-1.722664019009771437e+02
1.738298249049703941e+02
1.774949071327586125e+02
1.692420329116100106e+02
1.784845920999778741e+02
1.703401069215576911e+02
-1.757241588873710612e+02
1.785004529620223650e+02
-1.774362297885350017e+02
-1.784198275271999989e+02
-1.717241071729248176e+02
-1.779079337205198499e+02
1.770390638658362548e+02
1.782239557466412521e+02
1.736158360604875384e+02
1.800000000000000000e+02
1.788465495488946431e+02
1.725685920288274815e+02
1.782239557466412521e+02
-1.788766972859245641e+02
1.769059419410828866e+02
1.730470425318260936e+02
1.790065311437174103e+02
1.736056022347724195e+02
1.758228930310978058e+02
-1.782100893917539395e+02
-1.789830219692808271e+02
-1.793489396197705048e+02
-1.761859251657096479e+02
1.718698976458440200e+02
1.701060793302646061e+02
1.776531257075127144e+02
1.787811247648687072e+02
1.725191138204763206e+02
1.718698976458440200e+02
1.693543366550396740e+02
1.701722759888368728e+02
-1.772208331359279327e+02
1.755153939904553795e+02
1.719509382983254966e+02
-1.796021190381654264e+02
-1.758752333938576271e+02
1.800000000000000000e+02
-1.771612121589946298e+02
1.678163434140126071e+02
1.644454287299255952e+02
-1.719455855536182582e+02
1.793634064240364978e+02
1.789390883097357801e+02
-1.793969088056194607e+02
1.800000000000000000e+02
1.800000000000000000e+02
1.764236656250026556e+02
1.719908597029627799e+02
-1.763255004791703584e+02
1.721998121158183039e+02
1.667452874223552328e+02
-1.797135234897229452e+02
1.693150875999972698e+02
-1.796781169846012745e+02
1.751559996249193318e+02
1.800000000000000000e+02
-1.724053566314085799e+02
1.773458044865933800e+02
1.789390883097357801e+02
-1.736128829742354753e+02
-1.761859251657096479e+02
1.792411598757314550e+02
1.752798630689564447e+02
1.789723832135583450e+02
1.752001638860953108e+02
-1.772297842027998058e+02
1.738408369708569126e+02
1.762218022928384187e+02
1.778590986336768935e+02
1.794437477729193233e+02
-1.720792600983589296e+02
1.773281354067274265e+02
-1.758724082974882776e+02
1.732204320548500505e+02
1.751286089684759020e+02
-1.796869114249793427e+02
1.800000000000000000e+02
1.710909999880583712e+02
1.763915311474336534e+02
-1.730977788192087701e+02
1.752098692776367841e+02
1.800000000000000000e+02
1.785679038158353649e+02
-1.741554341226131442e+02
-1.783397176310171801e+02
1.786028189727036306e+02
1.705376777919743745e+02
-1.750302592718896904e+02
1.800000000000000000e+02
1.791636246745775907e+02
-1.747376046004048931e+02
-1.795659493678606111e+02
1.748414482193939534e+02
1.732714879062313287e+02
-1.788228551140179263e+02
1.719367538343027491e+02
1.719121200254620021e+02
-1.791776290200018309e+02
1.732204320548500505e+02
-1.623655389233410062e+02
1.720628119993770611e+02
-1.748055710922652111e+02
1.754622274920933762e+02
-1.696111421845303937e+02
-1.788387580916860031e+02
-1.787363274483417399e+02
1.642752542772525999e+02
1.734633663512029216e+02
1.772208331359279327e+02
-1.795017883873863695e+02
1.730698665033368115e+02
1.724053566314085799e+02
1.800000000000000000e+02
-1.796834519527269833e+02
1.666863676878566025e+02
1.771728754218387394e+02
-1.777974018382342081e+02
-1.743594505678431972e+02
1.740118516242245050e+02
1.720106732336031143e+02
1.730656510987304557e+02
-1.689765440362568825e+02
-1.742894068625003570e+02
1.745076754428725678e+02
1.783788540863465926e+02
1.723758074955481732e+02
1.717732775358918502e+02
1.720198862548314764e+02
-1.676752725658626559e+02
-1.784306451952510315e+02
1.746569442414248385e+02
1.756012946450044865e+02
8.146923439005186651e+01
-1.785217273433111416e+02
-1.794212744343922452e+02
-1.684653793463552915e+02
1.790122396003601750e+02
1.724567737096011228e+02
-1.789646468134550616e+02
-1.790906195508008523e+02
-1.782321729441439402e+02
1.604536322666581327e+02
-1.688636905688182708e+02
-1.719330682702069168e+02
1.726319489283778239e+02
-1.775633517531898633e+02
1.800000000000000000e+02
1.682543665747120656e+02
1.782321729441439402e+02
1.767295120768164338e+02
1.736158360604875384e+02
1.781642252594542981e+02
1.756347422649720613e+02
1.784925642412250397e+02
1.788188110866733780e+02
1.776626941408761979e+02
1.772951240142643599e+02
-1.761345388301482444e+02
-1.764862497393950491e+02
-1.708282709698340511e+02
1.776140559696112007e+02
-1.761120904391669342e+02
1.782642954110716289e+02
1.795907513919650569e+02
1.763826668631178620e+02
1.789583733239900312e+02
-1.796919611426001495e+02
-1.758900020387252141e+02
1.788065105760179847e+02
-1.761575468720851347e+02
-1.794382946674334391e+02
-1.785405506450077269e+02
-1.709914962579748590e+02
-1.759406536352007606e+02
1.760032965246811045e+02
-1.782730122495123624e+02
-1.679492151165904374e+02
1.796851911926109153e+02
1.800000000000000000e+02
1.800000000000000000e+02
-1.725149610496266632e+02
-1.759143832200251154e+02
-1.695400909070708622e+02
1.562224916842398059e+00
-1.684762782961026915e+02
1.791696845137419984e+02
-1.782642954110716289e+02
1.800000000000000000e+02
1.800000000000000000e+02
-1.796230595204028759e+02
-1.791253232288786705e+02
1.800000000000000000e+02
1.774142056575755362e+02
1.768891593465092456e+02
-1.728749836510982050e+02
-1.722079219217815762e+02
1.709285024228228451e+02
-1.721959014080561019e+02
1.800000000000000000e+02
1.800000000000000000e+02
1.778590986336768935e+02
-1.776531257075127144e+02
-1.737843641002973527e+02
1.783316625517066996e+02
1.800000000000000000e+02
-1.715449723228225309e+02
-1.791253232288786705e+02
0.000000000000000000e+00
-1.708033441083711068e+02
-6.072456407207700302e+00
1.800000000000000000e+02
-1.768697551377809134e+02
