1.800000000000000000e+02
-1.684727647265042663e+02
-1.712538377374447975e+02
-1.732243438306010148e+02
1.800000000000000000e+02
-1.715288553669851694e+02
9.000000000000000000e+01
1.789860212772147179e+02
1.765466837494689116e+02
-1.789769698113321681e+02
-1.736128829742354753e+02
-1.642075964711427218e+02
-1.613784206335124338e+02
1.704554744344418680e+02
1.701806993612420911e+02
-1.791930705448976369e+02
-1.765317707410828802e+02
-1.795558555668880558e+02
1.644454287299255952e+02
-9.749585763972986285e+01
-1.750302592718896904e+02
-1.747099187946287486e+02
1.748572354421157797e+02
-1.693460974000615238e+02
-1.728157326075731532e+02
1.729906157433787541e+02
1.800000000000000000e+02
-1.785185428291129313e+02
9.190915243299637893e+01
1.712538377374447975e+02
-1.754094568143939625e+02
1.800000000000000000e+02
9.116913932790741626e+01
-1.785311992856141785e+02
-1.770390638658362548e+02
1.784088597288054245e+02
1.705376777919743745e+02
-1.779249736385825997e+02
1.800000000000000000e+02
1.800000000000000000e+02
1.655475717489070178e+02
1.753955128430184800e+02
1.784518423010220545e+02
-1.788426669318704967e+02
1.785797344536009632e+02
-1.770492208909936664e+02
1.751469036130076233e+02
1.728749836510982050e+02
1.758818102960112242e+02
1.748055710922652111e+02
-1.787981669355478971e+02
1.773245733439708545e+02
-1.770643265535788373e+02
1.800000000000000000e+02
1.789583733239900312e+02
-1.776721849109588618e+02
-1.759504182967286283e+02
1.764236656250026556e+02
-1.750136662287645208e+02
-1.759780098229798853e+02
1.800000000000000000e+02
1.610534953104909448e+02
1.761120904391669342e+02
-1.777832056592598065e+02
1.685934474160276011e+02
-1.696951535312339843e+02
-1.755074185200847126e+02
1.750882118274940069e+02
-1.795817900585028895e+02
-1.699920201985586914e+02
-1.762414443145280245e+02
1.784377750831576179e+02
-1.752755483028291223e+02
1.037490489834193141e+02
-1.771612121589946298e+02
-1.762570117043128732e+02
1.763086140135487199e+02
-8.862790835053938565e+01
-1.756012946450044865e+02
-1.765663696375494851e+02
-1.779690857631468930e+02
1.734801982483430152e+02
-1.791815445383113854e+02
1.800000000000000000e+02
1.750540334528958510e+02
1.698244891569567869e+02
1.723666694127686867e+02
-1.795626361324792697e+02
-1.793969088056194607e+02
1.749203921399854380e+02
1.730189425931702090e+02
-1.714444417565871106e+02
-9.055625222708067668e+01
-1.769606004310730896e+02
-1.695625246488818334e+02
-1.718698976458440200e+02
1.726139568487327551e+02
-1.755704407010223633e+02
-1.735812132697612071e+02
-1.774208524997165739e+02
1.765834118082286750e+02
-1.692420329116100106e+02
1.800000000000000000e+02
-1.718019311539837020e+02
-1.775283352383665942e+02
1.800000000000000000e+02
-1.769059419410828866e+02
1.800000000000000000e+02
1.794382946674334391e+02
1.603461759419467114e+02
-1.789583733239900312e+02
1.722781741998690279e+02
-1.644454287299255952e+02
-1.781404006612544606e+02
-1.775529513576763918e+02
1.709421118713823375e+02
1.736095046853530448e+02
-1.700181707122668513e+02
-1.693150875999972698e+02
1.738533743403533265e+02
-1.740428688852917958e+02
-1.774664411116054339e+02
1.750540334528958510e+02
1.782986453946738834e+02
1.783788540863465926e+02
1.781912606775079553e+02
1.628972710309476213e+02
-1.695741914741152243e+02
-1.714692343900518665e+02
1.759406536352007606e+02
-1.784518423010220545e+02
1.800000000000000000e+02
9.054051018713066412e+01
1.788542371618248978e+02
1.708194580423738387e+02
8.831531568210371574e+01
1.641974860460644834e+02
-1.705376777919743745e+02
1.781720317556950022e+02
-1.759555144258189046e+02
1.787724211678654456e+02
-1.747625239331874809e+02
-1.712147012821154135e+02
-1.752363583092738111e+02
-1.795017883873863695e+02
-1.770185387800177921e+02
1.781960048837994179e+02
1.741736579704442534e+02
-1.711193408494797836e+02
1.718057366653697784e+02
-9.762814966858071841e+01
-1.772993706626047299e+02
1.800000000000000000e+02
1.800000000000000000e+02
-1.685034369824142289e+02
-1.771375947738882530e+02
1.776626941408761979e+02
1.800000000000000000e+02
1.735956472736158673e+02
-1.660651648854986604e+02
-1.766335393365701805e+02
-1.736056022347724195e+02
-1.717028550301631356e+02
1.702867489750597372e+02
-1.715524727520915462e+02
-1.763588147420986729e+02
1.732599439020530667e+02
-1.764552335444051323e+02
1.776626941408761979e+02
-1.792510782171761718e+02
1.712977762100532004e+02
-1.716167515190706467e+02
-1.740625839005184901e+02
1.772297842027998058e+02
-1.788065105760179847e+02
-1.778183585964485189e+02
-1.706017670040739631e+02
1.755587588105672125e+02
-1.703718438715133061e+02
1.738298249049703941e+02
1.800000000000000000e+02
1.697431801583036304e+02
1.686900675259797993e+02
-1.733951645032460362e+02
1.724385715723330463e+02
1.743824194098731937e+02
1.785056664087334752e+02
-1.030386565830229699e+02
1.727249950421107485e+02
1.800000000000000000e+02
1.800000000000000000e+02
-1.719887683871439776e+02
1.784925642412250397e+02
-1.737741709355742330e+02
-1.721847064532331331e+02
1.800000000000000000e+02
-1.669244189009101262e+02
1.614308692689621694e+02
1.800000000000000000e+02
1.778983456723287304e+02
1.726809806244095853e+02
-1.753417458903244039e+02
-1.702724214485984078e+02
1.800000000000000000e+02
9.000000000000000000e+01
-1.732599439020530667e+02
1.789769698113321681e+02
1.775409560098953818e+02
1.789949139947458150e+02
1.795103044068708016e+02
1.772208331359279327e+02
-1.787078331137500697e+02
1.765317707410828802e+02
1.673474434994420221e+02
-1.738709192350320052e+02
1.716167515190706467e+02
-1.764785466230777899e+02
1.800000000000000000e+02
1.795225462226904369e+02
1.766890584853885571e+02
-1.710505419157911149e+02
-1.733951645032460362e+02
1.794694986833262078e+02
1.800000000000000000e+02
-1.773974377975002028e+02
-1.784724745577870806e+02
-1.752852454812950498e+02
1.800000000000000000e+02
-1.742894068625003570e+02
1.767979794166778618e+02
1.706334900429878871e+02
-1.756913350834751384e+02
-1.672756443145776473e+02
-1.782100893917539395e+02
1.758295634751578973e+02
1.736010433726310680e+02
-1.757108466711809740e+02
1.760275040592493383e+02
-1.787635923971438672e+02
1.747661383527835710e+02
-1.795225462226904369e+02
1.740625839005184901e+02
1.667014296695057283e+02
1.800000000000000000e+02
-1.779174347202691422e+02
-1.713358645668919564e+02
1.761287437680143739e+02
-1.764964683552155691e+02
1.796327243926619133e+02
-1.786360724683970886e+02
1.800000000000000000e+02
1.800000000000000000e+02
-1.766086605802036615e+02
1.761539699099526217e+02
1.716213274937844346e+02
-1.784377750831576179e+02
-1.793904934233248127e+02
1.800000000000000000e+02
-1.744006606634794423e+02
1.772208331359279327e+02
-1.766335393365701805e+02
1.800000000000000000e+02
1.739909940425054629e+02
-1.765167285310023431e+02
1.782642954110716289e+02
-1.790608090542644391e+02
-1.745596679689944892e+02
-1.790833457436147285e+02
-1.762686030008395619e+02
-1.778307424102714833e+02
-1.783153156821037157e+02
1.772208331359279327e+02
-1.787939512207800590e+02
-1.791696845137419984e+02
-1.794929709390852395e+02
-1.783276056389107396e+02
-1.766615294562356553e+02
1.727249950421107485e+02
1.774362297885350017e+02
1.779361802715430372e+02
1.715288553669851694e+02
1.795558555668880558e+02
-1.772951240142643599e+02
-1.766615294562356553e+02
1.715910882673993001e+02
-1.774169793313649279e+02
1.739623174785771198e+02
1.764862497393950491e+02
9.927260177720030754e+01
1.800000000000000000e+02
-1.788308606720925980e+02
-1.714163785198860523e+02
1.790206803456605087e+02
1.785436413656603065e+02
1.679627976796342637e+02
1.718057366653697784e+02
1.745596679689944892e+02
1.729476939921588041e+02
-1.752001638860953108e+02
-1.762482709294740459e+02
1.800000000000000000e+02
-1.784377750831576179e+02
-1.772920825141338241e+02
1.693803447238448712e+02
1.779904461869788577e+02
-1.784088597288054245e+02
1.710273733851036013e+02
-1.649950796171397940e+02
-1.762953725579228887e+02
1.725930878715047641e+02
1.765663696375494851e+02
1.733255309528824455e+02
-1.782285302599659360e+02
1.739275435927923183e+02
1.796102388046819556e+02
1.782100893917539395e+02
-1.770792784789996119e+02
-1.632497354949742885e+02
-1.767689900996317931e+02
1.771658889836934918e+02
-1.784263359458974492e+02
-1.751354855622394950e+02
1.800000000000000000e+02
1.755673315313101455e+02
