1.737446034388714793e+02
1.784128498547241293e+02
1.782757725140568823e+02
-1.790161309743161837e+02
1.788530093540899202e+02
-1.781932274525995297e+02
1.727605919451032435e+02
1.697276198793879018e+02
1.749927911235930651e+02
-1.157612507370436417e+00
1.794217794153793477e+02
-9.338975147250364728e+01
-1.767540882145835326e+02
-1.750347149594680900e+02
-1.794492036588360122e+02
-1.781198587297908205e+02
-1.794540492176674320e+02
1.790331314181326832e+02
-8.927497678026227845e+01
-1.705134753509648249e+02
-1.791833099937979625e+02
1.747300392401701004e+02
-1.791104295855247699e+02
1.781257560831864737e+02
-1.707126343701092139e+02
-1.764074515429328471e+02
-1.730355796798914412e+02
-1.762224776651680429e+02
1.789803852465863940e+02
-1.784175652741863018e+02
-1.795923604408665426e+02
-1.753596219126110327e+02
1.714638018486647866e+02
1.751072038783109690e+02
-1.740769481405297938e+02
-1.748642777843981264e+02
1.744458769622770262e+02
1.791692279642844028e+02
1.744183239148416078e+02
-1.723598198785157365e+02
1.778613105547974271e+02
1.788641380333414475e+02
-1.794196278203589259e+02
-1.753041976009590144e+02
-9.174681596558625074e+01
8.473062631842662995e+01
1.770553941932109581e+02
-1.790863156218756558e+02
-1.749250193328718410e+02
1.747481698338476690e+02
9.176740992200645053e+01
1.778573572941093914e+02
-1.686203619301003016e+02
-1.799764515324947922e+02
-4.648373401599431576e-01
1.784725819769170982e+02
2.865335674024581447e+00
1.740788327896785006e+02
1.736760079505145029e+02
1.795715741347894436e+02
-1.742645642137853486e+02
1.784807012008829759e+02
-1.749316688358963745e+02
-1.693513386965825873e+02
-1.799796614329961812e+02
1.744331025890764977e+02
1.758488257491410423e+02
1.777964173070034235e+02
-1.729109673062238812e+02
1.786214857464123327e+02
-1.793669758163364634e+02
1.751751256025453642e+02
1.795419052992350260e+02
1.787809535011015498e+02
1.330776012132577932e+02
1.763378213487065977e+02
1.799835914200100717e+02
1.201262215071648853e+02
-1.581333686851881737e+02
1.604514041228452470e+02
-1.778630273913126700e+02
-1.706248915706202638e+02
-1.794956721353895261e+02
-1.794638817830257835e+02
-1.727537464744825400e+02
1.787685541131243667e+02
1.795798578373627379e+02
1.757769456653042823e+02
1.760515769084023532e+02
1.713585591735190121e+02
-1.741487651203279086e+02
-1.795718389196759404e+02
1.769915877370291639e+02
-1.427865178120545693e+02
-1.700308703245541722e+02
-1.794686664415216057e+02
1.766530607458152531e+02
1.794866003216177432e+02
-1.795149239548179310e+02
1.795429121399679957e+02
-1.789223623711438620e+02
1.603951973091984371e+02
-1.739811320575871605e+02
1.776904472195380151e+02
-1.776513844613863284e+02
-1.762774672443400164e+02
1.744126485023048190e+02
-1.756920911044438753e+02
1.787821569190847981e+02
1.778608714082733684e+02
-1.759931518623847353e+02
-1.778631518700392462e+02
-1.067220072766808272e+02
-1.776606247792411182e+02
1.708262154418206933e+02
-1.794360584267136858e+02
-1.767734610355407199e+02
-1.703255792413256984e+02
1.731938503697362535e+02
-1.765746750319143814e+02
-1.787656349228809063e+02
1.736785011340759297e+02
-1.776649027334893844e+02
-1.769966304505790902e+02
1.794085892747795867e+02
-1.774279038180406189e+02
1.738996493701567658e+02
1.760158622746311323e+02
-1.779283775862762127e+02
-1.715594568683551415e+02
-1.686667481216861688e+02
-1.756997147825448167e+02
1.782164173518941368e+02
-1.780469217510547253e+02
1.795129609773997004e+02
9.056505156133323453e+01
1.745966610056542550e+02
1.796728169921315725e+02
1.792351852348823513e+02
-1.507582854865052013e+02
-1.723163814657158923e+02
-1.794756445452098319e+02
1.723266857799697789e+02
-1.779682486983502656e+02
-1.643863869474698163e+02
-1.784665087730757875e+02
1.744183239148416078e+02
-1.791486230612310067e+02
-1.765513719011105707e+02
1.799844528863031883e+02
-1.760201922255434681e+02
1.795879959748647536e+02
1.759275380164582430e+02
1.742603492819406767e+02
1.754799297206412234e+02
-1.491520431266014270e+02
1.645133984423814582e+02
1.795419052992350260e+02
1.740237075149399288e+02
1.763466890725306371e+02
1.788223976859561617e+02
1.796182729655266428e+02
1.664139176755496408e+02
1.799774215969757165e+02
-1.589942903921159427e+02
1.799826444801258276e+02
-1.789573930319993451e+02
-1.547306293703873052e+02
-1.713936425978087357e+02
1.702498588428059350e+02
-1.774890527641433096e+02
1.790318866251288625e+02
1.727767618777371865e+02
1.702599257514078204e+02
-1.744062106858175412e+02
-1.783069004383048934e+02
9.580626695799585946e+01
-1.782508074904107218e+02
-1.784735204920025922e+02
9.181259795495834908e+01
1.721982527929943956e+02
1.769357836835899889e+02
-1.776740158222725938e+02
-1.750555612627928781e+02
1.758302739259300438e+02
9.055636200824849880e+01
1.651720969752220185e+02
-1.768100871655532274e+02
1.799769997248087918e+02
1.767816944167921633e+02
-1.757877951229305040e+02
1.794909897332152866e+02
1.778573572941093914e+02
1.796133142375688010e+02
-1.786403566661579703e+02
1.794273411545289605e+02
1.785444403076573963e+02
1.771811423768211284e+02
-8.771200717966726756e+01
1.748295484408806431e+02
-1.799771720879392092e+02
-1.786187906753553989e+02
-1.794222616167612046e+02
-1.772003214233187975e+02
-1.720843761290016403e+02
1.777098411841074892e+02
1.795021936806911640e+02
-1.795838114285437825e+02
-1.736868449763146884e+02
-1.795543468507518128e+02
1.704201625276057825e+02
8.945197726541107386e+01
-1.787929554634520457e+02
1.789697516970240656e+02
1.511539609705340013e+02
1.799871340851615571e+02
1.739291483477713598e+02
-1.794869805077363765e+02
-1.768917644463509475e+02
-1.522208947387980515e+02
-9.978345425543191993e+01
8.880622533956287157e+01
-8.944384926131198199e+01
-1.764134029504641603e+02
-1.796005653139821163e+02
-1.784026498393616009e+02
1.697142299704150901e+02
-1.609184139308725321e+02
1.765235202668717704e+02
-1.726482330656679665e+02
1.799787836280267470e+02
-1.754470662563037990e+02
-1.764700376505811619e+02
1.758233062538501201e+02
1.678859122060453615e+02
-1.795895500622305008e+02
-1.793865436956908184e+02
8.789582997788693319e+01
1.764747155163793479e+02
-1.763823874380159111e+02
9.156779519425103331e+01
-1.795923604408665426e+02
1.713811771857517101e+02
1.771882213491246887e+02
1.781025718003342888e+02
1.743788937743551344e+02
-1.784998172310400832e+02
-1.717266327844432965e+02
1.799822932641855573e+02
-1.790936853639990716e+02
1.775628423245431975e+02
1.736741015644134052e+02
1.747177587719356779e+02
1.795335897804599483e+02
1.792753786045949767e+02
8.389964937015676583e+01
1.794364738876965646e+02
-1.685121024567418431e+02
-1.796058541665963446e+02
-1.743227350666533368e+02
1.735965895462531989e+02
1.794585873840854333e+02
1.760580852244243886e+02
-1.794710028894389779e+02
-1.718543686941450233e+02
1.730402629345511798e+02
1.795013459482512417e+02
-1.708913883372304667e+02
1.789179418497256790e+02
1.795806277983124062e+02
-1.757915002810297835e+02
-1.765983646898974371e+02
1.727921415363983897e+02
-1.687077459516801525e+02
1.744477547489084941e+02
1.706069424820152562e+02
1.791168878111154186e+02
-1.746090573220482440e+02
-1.752109024478851040e+02
-1.794852495327465647e+02
-1.763876272805564724e+02
-1.761713150438183959e+02
1.766753152798834492e+02
1.720973898928545793e+02
-1.782508074904107218e+02
-1.638565303886567506e+02
1.754442317618957645e+02
-1.776166460819661665e+02
1.795021936806911640e+02
-1.799849834154891539e+02
-1.099146054940026005e+02
1.318108159142161071e+02
-1.715468574766402696e+02
1.771425703814291523e+02
1.756213367365062084e+02
1.751447259543733992e+02
1.033230932591927456e+02
-9.047410971201642838e+01
-1.761706354090420348e+02
1.688951850027018509e+02
1.799761793638166125e+02
-1.782207885506062155e+02
7.858566078098741059e+01
-1.713529333335820581e+02
-1.711436122296763358e+02
1.771806004004762087e+02
1.775292538987393982e+02
-1.786790153468843982e+02
1.795375076084411603e+02
-1.695651251193932296e+02
1.713091641238795546e+02
-1.771589833373711258e+02
1.261265664954179755e+02
-1.739483421361034061e+02
1.728526126834656509e+02
1.789363773364894428e+02
1.752572899029891005e+02
1.751613262422505386e+02
1.078993117451727386e+02
7.388142559757848460e+01
-1.742248054814004377e+02
1.709116723761758578e+02
-8.842656157918547422e+01
1.654818776248216352e+02
