-1.789860212772147179e+02
1.794838357702351743e+02
1.754752315271658176e+02
-1.765761287550693339e+02
-1.652254497249534211e+02
-1.795144541699918648e+02
-1.790036521034950567e+02
-1.753141001604973042e+02
-1.791384742654327624e+02
1.781960048837994179e+02
-1.782901859558584761e+02
-1.695625246488818334e+02
-1.716848742432081281e+02
-1.708926656877455912e+02
-1.767060350121548993e+02
1.795993367442078466e+02
1.800000000000000000e+02
1.732599439020530667e+02
-1.769059419410828866e+02
-1.794929709390852395e+02
1.795264919412650784e+02
1.790530485532265459e+02
-1.760206175473217911e+02
1.800000000000000000e+02
-8.250414236027013715e+01
-1.746022512235196018e+02
-1.708698235177213292e+02
-1.749575489308290912e+02
1.780079064270335607e+02
1.753141001604973042e+02
1.789583733239900312e+02
1.777275502672170830e+02
-1.787811247648687072e+02
-1.790122396003601750e+02
-1.732639887858806560e+02
1.788766972859245641e+02
-1.775940294833546886e+02
1.800000000000000000e+02
-1.767295120768164338e+02
-1.745829778861433965e+02
-1.773574547059352824e+02
-1.787981669355478971e+02
-1.723595932389732468e+02
1.681113419603720445e+02
-1.795103044068708016e+02
1.773974377975002028e+02
1.774362297885350017e+02
-1.791384742654327624e+02
-1.769606004310730896e+02
1.788766972859245641e+02
0.000000000000000000e+00
1.731117417230053377e+02
1.800000000000000000e+02
1.739041384554041940e+02
1.788542371618248978e+02
1.795341909172350086e+02
-8.940934278535333135e+01
1.769178191754718625e+02
1.774886367328369374e+02
1.777974018382342081e+02
-1.786140821491877944e+02
1.753645365730973538e+02
1.718698976458440200e+02
1.800000000000000000e+02
1.751207262169932903e+02
1.761859251657096479e+02
1.800000000000000000e+02
-9.519442890773480315e+01
-1.759143832200251154e+02
-1.739909940425054629e+02
1.768966406782566310e+02
-1.774664411116054339e+02
-1.766086605802036615e+02
1.739275435927923183e+02
-1.792205136788815310e+02
-1.767526572096770963e+02
-1.789488192504562676e+02
1.744173942434689195e+02
1.765577847141026382e+02
1.710546181664610685e+02
1.756430249941537056e+02
1.795488614532127372e+02
1.800000000000000000e+02
4.807953963030470845e+00
-1.766335393365701805e+02
1.800000000000000000e+02
-1.759555144258189046e+02
1.761859251657096479e+02
-1.786251652194305848e+02
-1.756839724801344005e+02
-1.790530485532265459e+02
1.703519546839018517e+02
-7.609731288577944497e+01
-1.794791436254980397e+02
1.715730309785193413e+02
-1.783788540863465926e+02
1.712292367172678382e+02
1.800000000000000000e+02
-1.794327335901420781e+02
-9.240597051664529715e+01
-1.731402399944742001e+02
-1.769872124958166637e+02
1.784724745577870806e+02
-1.763785152958826643e+02
1.800000000000000000e+02
1.766335393365701805e+02
1.711353766115892086e+02
1.800000000000000000e+02
-1.747029518954032028e+02
-1.732243438306010148e+02
-1.716456491646203233e+02
1.781912606775079553e+02
0.000000000000000000e+00
1.800000000000000000e+02
1.800000000000000000e+02
-1.788188110866733780e+02
-1.775633517531898633e+02
1.796128722458490472e+02
-1.785311992856141785e+02
1.786980473274211363e+02
1.787811247648687072e+02
-1.641886290698615483e+02
-1.779726772994997930e+02
1.800000000000000000e+02
-1.786360724683970886e+02
1.800000000000000000e+02
1.774438499214217018e+02
1.742127570359685080e+02
-1.791185960034178777e+02
1.800000000000000000e+02
-1.768201698801357509e+02
1.794093427853533171e+02
1.800000000000000000e+02
-1.782816419983445542e+02
-1.791384742654327624e+02
-1.779398889762768761e+02
-8.871747291728982532e+01
1.794694986833262078e+02
1.796021190381654264e+02
-1.786881122174958989e+02
1.783540225024359529e+02
1.800000000000000000e+02
-1.730470425318260936e+02
-1.759143832200251154e+02
1.800000000000000000e+02
-1.790371363743637971e+02
-1.749575489308290912e+02
1.704508660712640733e+02
-1.782100893917539395e+02
-1.793904934233248127e+02
1.800000000000000000e+02
1.769606004310730896e+02
1.767602997038978856e+02
-1.762570117043128732e+02
-1.784656585002992415e+02
1.790206803456605087e+02
-1.761859251657096479e+02
-1.795017883873863695e+02
1.795878072585976781e+02
-8.625701170431287323e+01
1.784088597288054245e+02
-1.773493103165781974e+02
-1.795848204588551482e+02
-1.776721849109588618e+02
1.800000000000000000e+02
1.771658889836934918e+02
1.769413024259041833e+02
-1.747261040426482452e+02
1.795017883873863695e+02
1.736598082540901089e+02
1.800000000000000000e+02
1.800000000000000000e+02
1.788228551140179263e+02
1.758150838748815943e+02
-1.794031905487708229e+02
-1.745829778861433965e+02
1.764236656250026556e+02
-1.728114628572633649e+02
1.744587952219601448e+02
-1.716070748126075216e+02
-1.624201485733447328e+02
-1.749427514674408712e+02
-1.761859251657096479e+02
1.776862775021757841e+02
-1.690609088168078529e+02
-1.724053566314085799e+02
-1.792257798350719327e+02
1.783276056389107396e+02
-1.791873484057462633e+02
1.783634229583832678e+02
-1.794543424065842885e+02
-1.729332702835989153e+02
1.700737544933483036e+02
-1.757241588873710612e+02
9.878529871788461492e+01
1.706045339804331036e+02
-1.770891621738322499e+02
1.761539699099526217e+02
-1.751920460369695434e+02
1.723758074955481732e+02
1.771375947738882530e+02
-9.964804531609816252e+01
1.800000000000000000e+02
-1.780079064270335607e+02
1.757636052009411856e+02
1.800000000000000000e+02
-1.615650511770780042e+02
1.800000000000000000e+02
1.723422903062861451e+02
0.000000000000000000e+00
1.751920460369695434e+02
-1.788426669318704967e+02
-1.679885216136345605e+02
1.790833457436147285e+02
1.742894068625003570e+02
1.800000000000000000e+02
-1.743753719585540978e+02
1.748479182977937967e+02
1.791815445383113854e+02
1.749575489308290912e+02
1.750445510599477643e+02
1.800000000000000000e+02
9.043078721700862843e+01
-1.795264919412650784e+02
1.793904934233248127e+02
-1.727249950421107485e+02
-1.775736641683976416e+02
-1.672165460585756591e+02
1.746106882400266045e+02
1.800000000000000000e+02
-1.774208524997165739e+02
-1.743824194098731937e+02
-1.791574757392596098e+02
1.800000000000000000e+02
1.787811247648687072e+02
1.775283352383665942e+02
-1.748055710922652111e+02
-1.744724598483438456e+02
-1.751009075462122553e+02
-1.720672416858279234e+02
1.763955794608243082e+02
-1.786196459265555632e+02
-1.730727818739908344e+02
-1.765317707410828802e+02
1.759143832200251154e+02
8.952649194126507837e+01
1.800000000000000000e+02
-1.795185341941616457e+02
1.800000000000000000e+02
1.783153156821037157e+02
1.800000000000000000e+02
1.800000000000000000e+02
-1.708194580423738387e+02
1.759143832200251154e+02
-1.767602997038978856e+02
1.700594269668869742e+02
1.731572265873690526e+02
1.737580856525849526e+02
1.757809046507515518e+02
-1.790684434019225364e+02
1.800000000000000000e+02
-1.767905136822080294e+02
-1.785056664087334752e+02
1.800000000000000000e+02
-1.782465951399284450e+02
1.800000000000000000e+02
-1.756430249941537056e+02
1.692541427704221633e+02
1.742894068625003570e+02
1.800000000000000000e+02
1.769872124958166637e+02
-1.740754180180175297e+02
-1.750467425221579276e+02
1.795379472785692485e+02
1.733951645032460362e+02
1.795103044068708016e+02
1.788308606720925980e+02
-1.775283352383665942e+02
1.725525831498048603e+02
1.779174347202691422e+02
-1.791815445383113854e+02
1.710273733851036013e+02
-1.785217273433111416e+02
1.800000000000000000e+02
1.800000000000000000e+02
1.722925142770350249e+02
1.769178191754718625e+02
-1.671118148742343124e+02
1.795626361324792697e+02
1.800000000000000000e+02
-1.795755945806385228e+02
-1.770390638658362548e+02
1.800000000000000000e+02
-1.787811247648687072e+02
-1.783634229583832678e+02
-1.738448316567260008e+02
-1.697431801583036304e+02
1.783634229583832678e+02
1.800000000000000000e+02
-1.794093427853533171e+02
1.800000000000000000e+02
-1.791987126698930126e+02
1.800000000000000000e+02
1.800000000000000000e+02
-1.796279547127967078e+02
-1.787363274483417399e+02
1.722499635770807060e+02
1.800000000000000000e+02
1.788308606720925980e+02
1.776862775021757841e+02
1.789677553084342776e+02
1.800000000000000000e+02
1.787455483773184710e+02
1.778524145717015017e+02
-1.761859251657096479e+02
1.782510539554457694e+02
-1.795017883873863695e+02
-8.860281897270363061e+01
-1.783028438103997360e+02
1.790036521034950567e+02
1.800000000000000000e+02
1.780079064270335607e+02
1.794270613023165311e+02
1.800000000000000000e+02
