1.761265102756554199e+02
-1.730405779285010226e+02
1.752115334496864136e+02
-1.794382946674334391e+02
1.794031905487708229e+02
-1.736338237753667499e+02
-1.780443186024771194e+02
-1.792115757375598832e+02
-1.785607103721175974e+02
-1.770700953593903080e+02
-1.786295489822003901e+02
1.746789787672987870e+02
-1.707538872544367621e+02
-1.717028550301631356e+02
-1.744813058849437652e+02
-1.794838357702351743e+02
1.758078063721247020e+02
-1.776319748992890766e+02
1.730250704840038622e+02
-1.779545915111127954e+02
1.734294416283591147e+02
1.800000000000000000e+02
-1.797218673327036527e+02
1.701975032847547595e+02
1.762194314656989320e+02
1.678661198293666814e+02
-1.794743653935423993e+02
1.770015328603055593e+02
-1.786615570789762728e+02
-1.722966017233996183e+02
1.704068657372696691e+02
1.715548965339553718e+02
-1.768201698801357509e+02
-1.741140121669717473e+02
-1.795205486012034442e+02
-1.782576998338573731e+02
9.051849968729068507e+01
-1.732901631922430852e+02
-1.750516662499756535e+02
-1.744381715343562860e+02
-1.740837305887367847e+02
1.756791950450155468e+02
1.760206175473217911e+02
1.765317707410828802e+02
-8.939049342332481274e+01
1.800000000000000000e+02
1.800000000000000000e+02
-1.786615570789762728e+02
-1.782100893917539395e+02
1.658188876131972052e+02
1.714981205885185602e+02
1.749150393952781712e+02
-1.790491200140635044e+02
-1.765663696375494851e+02
-1.762218022928384187e+02
1.790206803456605087e+02
-1.780250659891180192e+02
-1.783362749957084077e+02
-1.584459800795211777e+02
1.770940790003466532e+02
1.800000000000000000e+02
-1.712751531306255401e+02
-1.784811496025647841e+02
-1.641760790679785487e+02
1.756839724801344005e+02
2.161079488226371303e+00
-1.698175802242140833e+02
-1.745596679689944892e+02
1.789677553084342776e+02
9.076051877713086924e+01
-1.619495808366625056e+02
-1.604210478751708990e+02
-1.701864821407453974e+02
1.776319748992890766e+02
1.795575703419605418e+02
2.848187911387895177e+00
-1.676775033624474247e+02
-1.734801982483430152e+02
-1.744213637446066230e+02
1.754139011038291471e+02
-1.751095979419461628e+02
-1.778886693744239835e+02
-1.758447861944152635e+02
-1.603273719454071795e+02
1.797870055182885949e+02
-1.717841255848969126e+02
1.762053277316842355e+02
1.785607103721175974e+02
-1.742609015019104106e+02
1.749262952699370430e+02
-1.699607452128476552e+02
-1.669666436740861570e+02
-1.694539659869097932e+02
8.912309225856935768e+01
-1.675825542099236998e+02
-1.735108336040724453e+02
1.766499236024985464e+02
1.800000000000000000e+02
1.776626941408761979e+02
1.773735943617092516e+02
-1.685728984060548612e+02
-1.682519605032603351e+02
1.775762286558864389e+02
-1.760156839976278036e+02
1.770436893424963500e+02
-1.667594800848128216e+02
-1.797284580543154675e+02
1.741140121669717473e+02
1.800000000000000000e+02
-1.794670313773457622e+02
1.800000000000000000e+02
1.687435649702960916e+02
-1.782865346826341977e+02
1.675010805403613006e+02
1.778590986336768935e+02
1.556887179750445682e+02
9.963478965049255009e-01
1.792079429078376052e+02
1.770185387800177921e+02
-1.718315213759545088e+02
-1.628195027997595332e+02
1.658931952629269233e+02
-1.781939747023987479e+02
1.791406277563553431e+02
1.760995062576181169e+02
1.800000000000000000e+02
1.800000000000000000e+02
1.780054306987581469e+02
-8.826429541107161469e+01
-1.595377284765777972e+02
1.671249984403875146e+02
1.762027521195615805e+02
-1.680558228115536679e+02
-1.724906689261826784e+02
1.773120310343964263e+02
-1.733951645032460362e+02
1.770185387800177921e+02
-1.706421049780074384e+02
1.770029574197163242e+02
-1.788002637618786252e+02
-1.790206803456605087e+02
1.769872124958166637e+02
1.792361015390700345e+02
-1.790079644340113987e+02
1.753498151501137556e+02
1.738844964337145882e+02
-1.760548137709624541e+02
-1.699755132040533852e+02
1.732429024554941179e+02
9.695295746817392057e+01
-1.797475973177108415e+02
1.658423673503227747e+02
-1.710951790096779348e+02
1.225275951554739606e+01
9.813010235415598004e+01
-1.717193177572782758e+02
1.773426093170945137e+02
-1.758935028348295759e+02
-1.530798142416939243e+02
-1.693460974000615238e+02
1.751920460369695434e+02
-1.753800765183395924e+02
1.711702553320909317e+02
-1.778676315634459968e+02
1.797464805062279822e+02
1.731475302294462324e+02
-1.792326916849103213e+02
-1.627879280730152516e+02
1.701341930569156489e+02
-1.444403572449223105e+01
-1.797258596062667664e+02
-1.733303801576876708e+02
-1.748301721124421704e+02
-1.632253335460607957e+02
1.779545915111127954e+02
-1.759143832200251154e+02
-1.670235781199879455e+02
-1.762743718066510041e+02
-1.736010433726310680e+02
1.475067454154736879e+02
-1.790164780808609066e+02
-1.699920201985586914e+02
-1.694792156861256274e+02
1.792042764472607246e+02
-1.667594800848128216e+02
-1.785820771685488637e+02
1.788248667627606494e+02
-1.731231692625632093e+02
9.025693002450350377e+01
-1.741984131123529949e+02
3.664184320740717205e+00
1.673474434994420221e+02
-1.746358422376699480e+02
-1.775889702533887942e+02
-1.789583733239900312e+02
1.749709264182145603e+02
1.745187034053026593e+02
1.604633450618716211e+02
1.430826327879558448e+02
1.758078063721247020e+02
-1.604807179477894863e+02
-1.701233988257861824e+02
1.767038840274537108e+02
-1.736598082540901089e+02
-1.785311992856141785e+02
-1.790491200140635044e+02
-1.765716314411450298e+02
1.742109911548276671e+02
-1.743455791773592978e+02
-1.730887728809753412e+02
1.760090869015702140e+02
1.762245341757102040e+02
1.730132954633330939e+02
-1.708552283462157106e+02
-1.689465375207797990e+02
1.767366686817646269e+02
1.678490889590858046e+02
9.530092651652569202e+01
1.752363583092738111e+02
-1.725191138204763206e+02
1.786028189727036306e+02
-1.644354163613926403e+02
-1.650499136209874393e+02
-1.751655936937367244e+02
-1.733900561063700252e+02
1.763358156792592979e+02
1.786163130326314956e+02
1.750302592718896904e+02
1.722245659208399502e+02
-1.633879196635403730e+02
1.721565789250493879e+02
-4.376350389484144898e+00
1.733255309528824455e+02
1.720695337003684244e+02
1.767107573215081686e+02
-1.348083760338257377e+02
1.800000000000000000e+02
1.346205632985810041e+02
1.764064338121347930e+02
-1.766865746002072513e+02
1.783362749957084077e+02
1.697174649707265814e+02
-1.648520762691826747e+02
-1.717643806757905054e+02
-1.709000496402162526e+02
-1.693486107035434145e+02
1.792654789657451886e+02
-1.782554901584111064e+02
1.591714442097931794e+02
-1.782642954110716289e+02
1.680971878649304472e+02
-1.778524145717015017e+02
1.771505254393227915e+02
1.674147710589498672e+02
1.760275040592493383e+02
1.704104482908517468e+02
1.794543424065842885e+02
-1.701906977521209967e+02
-1.703450229043438071e+02
1.794719432510998445e+02
-1.684762782961026915e+02
1.767366686817646269e+02
-1.758353273481340864e+02
1.737227015104024304e+02
-1.713628685849292310e+02
1.756457789369304123e+02
1.775575846893428889e+02
-1.699920201985586914e+02
-1.725813499398865360e+02
-1.733547217897256019e+02
-1.783235289531932608e+02
1.800000000000000000e+02
-1.714842175956499375e+02
-1.781265069864000736e+02
1.728395502731088698e+02
-1.131208486624247200e+02
-1.781858080909700561e+02
-1.747807354720117701e+02
7.969515353123397006e+01
1.197070123140142357e+02
7.275004957889255053e+00
1.639907648168453420e+02
-1.711702553320909317e+02
1.724238451043109137e+02
-1.743485051185023735e+02
1.792654789657451886e+02
-1.762623704565899061e+02
-1.675983041832786853e+02
-1.745309050298880891e+02
-1.758023316428390785e+02
1.753645365730973538e+02
-1.787875719100550782e+02
-1.668567838908082024e+02
1.251509854888829807e+02
1.742109911548276671e+02
-1.756457789369304123e+02
-1.678661198293666814e+02
-1.764421481338819149e+02
1.772993706626047299e+02
1.753093155442651607e+02
1.785056664087334752e+02
-1.753567274168811423e+02
-1.584286928087454100e+02
-1.546161377362486462e+02
1.734969440551182913e+02
-1.694873728300786411e+02
1.800000000000000000e+02
1.800000000000000000e+02
-1.744885225839794032e+02
-1.788876003837022211e+02
8.654915680624883123e+01
-1.046418845412333667e+02
-1.707810738618925654e+02
1.729792208547987968e+02
-1.781265069864000736e+02
1.759757715317273039e+02
-1.797106298365594057e+02
1.758214310311105351e+02
-9.000000000000000000e+01
-1.760858627813875614e+02
-1.743693172423647582e+02
1.800000000000000000e+02
9.478699912095002844e+01
-1.720218754844079001e+02
