-8.910482628978893160e+01
1.764552335444051323e+02
1.794382946674334391e+02
-1.704667672099699871e+02
-1.689062769884421584e+02
-1.744173942434689195e+02
1.791636246745775907e+02
1.788766972859245641e+02
1.768939729043835598e+02
-9.060950657667520147e+01
-1.786028189727036306e+02
1.750882118274940069e+02
1.776531257075127144e+02
-1.770535526199876699e+02
-1.700125784249864580e+02
1.761859251657096479e+02
-1.754425809802860101e+02
-1.764513180260955494e+02
-1.752363583092738111e+02
1.776140559696112007e+02
1.758553762588957170e+02
-1.792151753970080961e+02
-1.751864491062934803e+02
-1.751747830728901931e+02
-1.740754180180175297e+02
-1.693460974000615238e+02
-1.765466837494689116e+02
-1.689174305369703575e+02
1.791384742654327624e+02
1.208608916883495112e+02
-1.680848529287349606e+02
8.807481629167685355e+01
-1.457421619803873902e+01
-8.687786953788429400e+01
1.794437477729193233e+02
-1.761120904391669342e+02
-1.781282550347112590e+02
1.744006606634794423e+02
1.788542371618248978e+02
-1.758150838748815943e+02
-1.700594269668869742e+02
1.793055397124502406e+02
9.375172907052598248e+01
1.782986453946738834e+02
1.776531257075127144e+02
1.588539058205923311e+02
-1.787811247648687072e+02
-1.529691397401570043e+02
1.792838400545296054e+02
-1.736598082540901089e+02
-8.287498365109820497e+01
1.788655783690230123e+02
-1.664641436308657774e+02
1.782510539554457694e+02
-1.702302999494687583e+02
1.681113419603720445e+02
1.783153156821037157e+02
1.560876824482491259e+02
1.782642954110716289e+02
1.787078331137500697e+02
-1.693803447238448712e+02
1.752363583092738111e+02
-1.739667469937992905e+02
1.783516554951038700e+02
1.781523897340053963e+02
1.734801982483430152e+02
-1.572605822165700147e+02
-4.899092453787765145e+00
-1.785405506450077269e+02
-1.749427514674408712e+02
-1.768492835867322697e+02
8.888760038370220684e+01
-1.627185016281833612e+02
1.726809806244095853e+02
1.768939729043835598e+02
1.791384742654327624e+02
1.773775985394589156e+02
1.697289962795209419e+02
-1.730080746533322156e+02
-1.731765376009664692e+02
1.788147391813776039e+02
-1.753955128430184800e+02
1.625407973643727928e+02
1.796154703404154986e+02
-1.760090869015702140e+02
-1.732110254255612176e+02
-1.770750220508436428e+02
1.800000000000000000e+02
1.782100893917539395e+02
1.781066141542537196e+02
-1.723422903062861451e+02
-1.601593019160316658e+02
1.784088597288054245e+02
1.736598082540901089e+02
-1.789488192504562676e+02
-1.697386252827656108e+02
-1.764236656250026556e+02
1.742176076776359537e+02
-9.170135460532613081e+01
-1.733255309528824455e+02
-1.753758486715709353e+02
-1.784377750831576179e+02
1.756430249941537056e+02
1.800000000000000000e+02
1.782465951399284450e+02
-1.062602047083119601e+02
-1.768697551377809134e+02
1.584841152905048602e+02
-1.785056664087334752e+02
1.789291755452130417e+02
-1.643960528549432638e+02
-1.699920201985586914e+02
-1.762218022928384187e+02
1.800000000000000000e+02
-1.766661493384634127e+02
-1.712147012821154135e+02
-1.373215305898327188e+02
1.751009075462122553e+02
-1.764236656250026556e+02
1.741932730944684238e+02
-1.761539699099526217e+02
1.779833761253769069e+02
-1.758818102960112242e+02
1.745881308476829759e+02
1.788387580916860031e+02
-1.737060518110489227e+02
-1.779545915111127954e+02
1.788188110866733780e+02
-1.792361015390700345e+02
1.748479182977937967e+02
-1.772736890060937469e+02
1.763734282161203737e+02
9.042440541936147724e+01
1.424958576397298771e+02
-1.733792239176850103e+02
-9.600900595749452293e+01
-4.441444331119282496e-01
-1.748479182977937967e+02
-1.470425751428849992e+02
1.714444417565871106e+02
1.800000000000000000e+02
-1.592612908524777993e+02
-1.764604408314500574e+02
1.735583999006649663e+02
1.766514051855431262e+02
-1.775318820861714642e+02
-1.771658889836934918e+02
-1.766002858408767509e+02
-1.617146481726805121e+02
-1.624509977709322186e+02
1.753417458903244039e+02
-1.703217399468660744e+02
-1.737093292266449964e+02
-1.722950028011610186e+02
1.718698976458440200e+02
1.686900675259797993e+02
-1.794543424065842885e+02
-1.757636052009411856e+02
1.775940294833546886e+02
1.746441749571448270e+02
1.771087304037794468e+02
1.710505419157911149e+02
-1.808739322492065371e+00
1.708237966596238664e+02
1.721607366681945734e+02
-1.244792156861256416e+02
-1.767689900996317931e+02
1.547988763545249356e+02
1.800000000000000000e+02
1.800000000000000000e+02
1.791384742654327624e+02
-1.625252257437443291e+02
1.720928372970415410e+02
1.758150838748815943e+02
-8.746162262555209566e+00
1.754860115419987210e+02
1.711353766115892086e+02
-8.731622484053102085e+01
1.760206175473217911e+02
1.769178191754718625e+02
1.726809806244095853e+02
-9.000000000000000000e+01
1.694722138800364348e+02
-1.746441749571448270e+02
-1.764552335444051323e+02
-1.782465951399284450e+02
-1.796021190381654264e+02
-1.781373790506933403e+02
1.776140559696112007e+02
1.143937393861631762e+02
1.784925642412250397e+02
1.764236656250026556e+02
1.793969088056194607e+02
3.419560540246075675e+01
-1.686900675259797993e+02
-1.589932105692281539e+02
1.677352262721076102e+02
-1.753520293086129698e+02
1.766661493384634127e+02
6.708717160322834161e+01
-1.621399059293209461e+02
1.678377964803181612e+02
1.800000000000000000e+02
1.572474572274742499e+01
1.772550441061618756e+02
-1.044359749789752101e+02
-1.787455483773184710e+02
-1.765890550446442830e+02
1.787269699799433056e+02
-3.846030090047376060e+00
1.757461635638808275e+02
1.001455444338963332e+02
9.455376797915863563e+01
-1.788876003837022211e+02
-1.566890649646158238e+02
-1.748674455601270381e+02
1.707889734591833530e+02
1.719455855536182582e+02
1.531836531557130741e+02
-9.464507842589161157e+01
1.648459319496874116e+02
1.719455855536182582e+02
1.773974377975002028e+02
1.742894068625003570e+02
8.732457334397085447e+01
-1.655999786932089535e+02
1.707354760148670323e+02
1.788766972859245641e+02
1.761859251657096479e+02
1.691144729453412765e+02
1.788308606720925980e+02
-1.766335393365701805e+02
1.673474434994420221e+02
-1.769872124958166637e+02
1.718698976458440200e+02
1.772736890060937469e+02
1.694919778597675872e+02
1.782816419983445542e+02
-1.786251652194305848e+02
-1.783750236424752416e+02
-1.786279083505393999e+02
-1.761493611760892577e+02
-1.733792239176850103e+02
1.508995225884565627e+02
-1.705376777919743745e+02
-1.781816970355481828e+02
1.800000000000000000e+02
-1.774922982729337662e+02
-1.617108416499972350e+02
-1.747187593715548815e+02
-1.795592719272389957e+02
1.724053566314085799e+02
-1.785679038158353649e+02
-1.749575489308290912e+02
-9.122757883213454022e+01
1.737914014529145561e+02
-9.000000000000000000e+01
1.772208331359279327e+02
-6.146625659646669959e+00
1.752690613762207761e+02
1.747691928244468045e+02
-9.331094151461144293e+01
9.377060694304352850e+00
1.771375947738882530e+02
-6.900128096561299174e+01
-1.695085229876684139e+02
1.800000000000000000e+02
1.789190758133393331e+02
9.363818657786467270e+01
-1.757858214772659551e+02
1.752363583092738111e+02
1.800000000000000000e+02
-1.494000213067910749e+02
1.728065299447044652e+02
1.793904934233248127e+02
1.766335393365701805e+02
1.800000000000000000e+02
2.040988283380398727e+01
1.711982916767921949e+02
-1.769872124958166637e+02
-1.662637316943774408e+02
8.204247477308285852e+01
-1.724436559435605432e+02
1.704121669751813783e+02
1.728749836510982050e+02
-1.776386253418243939e+02
-1.766890584853885571e+02
1.763915311474336534e+02
1.749868862449641824e+02
1.771375947738882530e+02
1.742176076776359537e+02
-1.786980473274211363e+02
-1.775459683254729271e+02
-1.709689282035593862e+02
-1.782465951399284450e+02
1.711193408494797836e+02
1.656889587373935910e+02
1.093909118319215246e+01
-1.762915718428695584e+02
1.221249984403875146e+02
1.768778695378842940e+02
1.740793792859532232e+02
1.721935991707642302e+02
1.794543424065842885e+02
-1.771196224471524090e+02
-1.679432374661673748e+02
-1.742894068625003570e+02
-1.074747742562556709e+02
1.742454346688978148e+02
-1.769872124958166637e+02
1.744724598483438456e+02
1.740428688852917958e+02
-1.778789036033385571e+02
-1.728194645022798284e+02
1.723666694127686867e+02
-1.793969088056194607e+02
-1.768201698801357509e+02
1.710028565789349386e+02
-1.785436413656603065e+02
-1.795341909172350086e+02
-5.617053325665469776e-01
-1.790608090542644391e+02
1.742894068625003570e+02
1.707273982227997067e+02
