-1.613814114869582284e+02
-1.733497996833407910e+02
-1.761120904391669342e+02
-1.717193177572782758e+02
1.800000000000000000e+02
1.781438419525511279e+02
-1.744006606634794423e+02
1.410940820382734273e+00
1.797310077063035294e+02
1.652412755392435599e+02
-1.773574547059352824e+02
-1.714981205885185602e+02
1.751354855622394950e+02
1.628572180633279345e+02
1.719121200254620021e+02
1.755587588105672125e+02
1.684004047788836544e+02
-1.794270613023165311e+02
1.785386899091187729e+02
-1.746162983231882322e+02
1.738496184714951767e+02
-1.791275428770979943e+02
-1.525511870305777684e+01
1.758090924726747346e+02
-1.782193575540013057e+02
-1.791696845137419984e+02
1.774362297885350017e+02
-1.680402377780692120e+02
1.764785466230777899e+02
-1.707810738618925654e+02
1.778079302797755759e+02
-1.752363583092738111e+02
1.750428739303193026e+02
1.794490960207814396e+02
-1.078429786756260000e+01
-1.735041981545823546e+02
1.749920281079597260e+02
1.717841255848969126e+02
5.536882362483716236e+00
-1.789291755452130417e+02
-1.706723854893323846e+02
-1.730887728809753412e+02
1.739458081058851633e+02
-1.772736890060937469e+02
-1.767449786116042389e+02
1.530604719361992068e+02
1.464786971686128823e+02
3.148096099562759154e+00
-1.764743848028255684e+02
-1.791892647807376306e+02
-1.777974018382342081e+02
1.696688951556603229e+02
9.066502739816176160e+00
-1.766466595056820950e+02
1.718287664400502592e+02
-1.750939330143522170e+02
1.745731875014271850e+02
-1.647702671080915025e+02
1.762053277316842355e+02
-1.794153694792948386e+02
1.682519605032603351e+02
1.666754687381092310e+02
1.794153694792948386e+02
1.605815292579388824e+02
8.116462678655051377e+01
-8.491503939527818545e+01
1.717452514766104059e+02
-1.792257798350719327e+02
1.747303469173082249e+02
1.662449605540051039e+02
1.719106195860470052e+02
1.772736890060937469e+02
-1.686347093021301760e+02
1.791230922585693577e+02
-1.773615081745888062e+02
-1.758949014868374263e+02
-1.797120839334428979e+02
1.750540334528958510e+02
1.754153371242682908e+02
1.776573879935017430e+02
1.792151753970080961e+02
1.697212801958677346e+02
-1.727630779740320008e+02
1.779726772994997930e+02
-1.689174305369703575e+02
9.688786560366802192e+00
1.785461045348911284e+02
1.771245463160147722e+02
1.662996013346285338e+02
-1.780725041133281081e+02
-1.772993706626047299e+02
-1.771232349296994357e+02
-1.750175804096242018e+02
-1.752852454812950498e+02
-1.774091980148049004e+02
-1.792151753970080961e+02
1.752130008790499858e+02
-1.774104981527590894e+02
1.774324026708122233e+02
-1.507406645330659103e+02
9.334859481445690221e+01
-1.748826851500273563e+02
1.759143832200251154e+02
1.774091980148049004e+02
-1.675039889555625052e+02
-1.652172739573843216e+02
-1.658219355852931187e+02
1.750639758899160086e+02
-1.109778072128736426e+02
-1.680328976234150389e+02
-1.035411070820514681e+02
1.767905136822080294e+02
1.788929729543192479e+02
-1.690631510497935608e+02
1.788876003837022211e+02
-1.721543200285805426e+02
-1.743455791773592978e+02
-1.779854012121294318e+02
-1.773855704034045573e+02
1.685304696671331044e+02
-1.674382257930404307e+02
-1.699579763644705110e+02
1.797031333326753213e+02
1.400058325529510910e+02
9.833997606572353334e+01
-1.791094637466394204e+02
-1.720672416858279234e+02
-1.786980473274211363e+02
1.170643672915332978e+01
-9.251381023617773280e+01
2.501689347810002317e+01
-1.757636052009411856e+02
1.753800765183395924e+02
9.265614720395711856e+01
-1.667014296695057283e+02
1.740316678024830708e+02
1.717496127710945188e+02
-1.785082595646272807e+02
-1.781912606775079553e+02
-1.743775993729102822e+02
-9.271198346744495211e+01
1.764785466230777899e+02
9.348579118312213154e+01
-1.664834318912086815e+02
-1.746441749571448270e+02
9.200453403210590864e+01
-1.760090869015702140e+02
-1.780443186024771194e+02
1.794974183332789721e+02
-1.736598082540901089e+02
1.716492474676686015e+02
1.698860478542082717e+02
1.752363583092738111e+02
-1.784765352083481673e+02
8.769917498519068033e+01
-1.777542574341049146e+02
-1.760307365432804829e+02
-1.752609276814870043e+02
-1.704068657372696691e+02
-1.781912606775079553e+02
-1.677934931464414205e+02
1.739594348171027320e+02
1.717405620201211889e+02
-1.788766972859245641e+02
9.459680752970947992e+01
-1.696159793123798636e+02
-1.719106195860470052e+02
1.797163598442421915e+02
-1.777542574341049146e+02
-9.621563589970266150e+01
-1.768995085501922233e+02
-9.976177477504225521e+01
-1.738844964337145882e+02
1.800000000000000000e+02
-1.610211202442865499e+02
1.757041594887284930e+02
-1.786163130326314956e+02
1.715524727520915462e+02
-1.767449786116042389e+02
1.800000000000000000e+02
-1.295115606927149372e+02
-1.640938209167127297e+02
1.760817511359326204e+02
-1.764576388078062905e+02
1.768040619864040934e+02
-1.076633351441859929e+02
-1.026282219173904338e+02
-1.689881698283556375e+02
1.734180553448219939e+02
1.773974377975002028e+02
1.673414906912023525e+02
-1.783711750594742682e+02
-1.748278391749034597e+02
1.786861069755020708e+02
-1.788065105760179847e+02
1.762245341757102040e+02
1.734492735288993117e+02
1.749328382741468033e+02
-1.779361802715430372e+02
-1.664295656148385092e+02
-1.785311992856141785e+02
-1.725799851047387961e+02
-1.719908597029627799e+02
-1.794490960207814396e+02
1.781221225527146430e+02
-1.761465195463979398e+02
1.795626361324792697e+02
-1.791776290200018309e+02
1.735118848834894436e+02
1.715288553669851694e+02
-1.709723870492849187e+02
1.780054306987581469e+02
1.800000000000000000e+02
1.776140559696112007e+02
1.614736704259900080e+02
1.773313654306557225e+02
-1.766002858408767509e+02
1.776140559696112007e+02
-8.881881108667336377e+01
1.746441749571448270e+02
-1.789993021221411595e+02
-8.774320607354893298e+01
1.680328976234150389e+02
-1.764604408314500574e+02
6.307091934737665717e+00
-1.042500326978036043e+02
1.775762286558864389e+02
1.638627234382821598e+02
1.731689940506484788e+02
-8.878757191005507821e+01
1.783316625517066996e+02
-1.777652011412611444e+02
-8.420303138092998552e+01
-1.035794530816890955e+02
-8.518644910629348033e+01
-8.692853788292961781e+01
-1.797297388935058677e+02
-8.734385279604289565e+01
1.752594894261088427e+02
-1.731572265873690526e+02
0.000000000000000000e+00
-8.945434240658428848e+01
-6.383375291265884499e+01
-8.765072135251988072e+01
-4.216942829168580431e+00
1.800000000000000000e+02
1.781720317556950022e+02
-1.647946172041661157e+02
-1.749401311537359049e+02
-1.671167234867314448e+02
1.119116995898096008e+02
-1.749078848755010540e+02
-1.784845920999778741e+02
7.305759533310826725e+00
-1.757411538778296460e+02
-8.973100770630351519e+01
-1.582525921748616042e+02
-9.059065721464666865e+01
-1.758252301080875668e+02
-1.776264041977633497e+02
1.671095193702486199e+02
-1.595836151485760297e+02
-1.781523897340053963e+02
-8.728801653255506210e+01
-1.755153939904553795e+02
1.787875719100550782e+02
1.697198712948054151e+02
-1.710572460515903117e+02
-8.741049815275907520e+01
-1.692157021324374284e+02
9.190915243299637893e+01
1.656710603323383282e+02
6.407440282533175768e+00
-1.687830800733526075e+02
-1.767602997038978856e+02
1.749078848755010540e+02
1.746441749571448270e+02
-1.730470425318260936e+02
-1.654257838019612734e+02
-1.726942404666891662e+02
1.725191138204763206e+02
1.791776290200018309e+02
1.646044507460049147e+02
-1.759143832200251154e+02
-1.778389205117736367e+02
-1.775299487040391284e+02
-1.742321111020858666e+02
-1.784518423010220545e+02
-1.766002858408767509e+02
1.760858627813875614e+02
-1.717610394243647818e+02
1.797540968767293066e+02
-1.646966525376990660e+02
-1.550560947365754316e+02
-1.427835595264654103e+02
1.772606642780814354e+02
1.800000000000000000e+02
1.778657412374977298e+02
7.161933727499795843e+00
-1.123959669884212644e+02
-1.683497005624623455e+02
1.766486689320762480e+02
-6.944395478041653291e+01
-1.205676253383263052e+01
1.756749395652615249e+02
1.040362434679264823e+02
1.800000000000000000e+02
7.503087391049604982e+00
-1.661802382960548812e+02
1.299461679191650454e+01
1.625866783297857410e+02
1.769434195518505533e+02
1.797359660187408963e+02
-1.581985905136481847e+02
-1.782285302599659360e+02
-1.778789036033385571e+02
-4.870462744207711836e+01
-1.623602417397498954e+01
1.677995312726192196e+02
-1.797642162301233952e+02
-1.746990734834743080e+02
1.984703112153564319e+00
-1.692490330068119704e+02
1.789390883097357801e+02
