-8.943552782469303963e+01
1.745018372750190281e+02
1.771798275275515095e+02
-1.705817175830808594e+02
-1.715524727520915462e+02
-1.752363583092738111e+02
1.794212744343922452e+02
1.794694986833262078e+02
1.763714678445635968e+02
-1.615650511770780042e+02
-1.770891621738322499e+02
1.752363583092738111e+02
1.787437149710436870e+02
-1.764421481338819149e+02
-1.674711922908484780e+02
1.788711652033393591e+02
-1.771518120886121039e+02
-1.777760387596145506e+02
-1.764743848028255684e+02
1.790079644340113987e+02
1.794410345191678573e+02
-1.794464348141176231e+02
-1.723901628424480634e+02
-1.767366686817646269e+02
-1.695187818558690651e+02
-1.646816642065454346e+02
-1.780054306987581469e+02
-1.708749913520640291e+02
1.794490960207814396e+02
1.689117135364392368e+02
-1.752115334496864136e+02
9.493208742826486457e+01
-1.620894830256057446e+02
-8.793824230924145979e+01
-1.780443186024771194e+02
-1.781692513519745091e+02
-1.719034628321115576e+02
1.765935562450052885e+02
1.795817900585028895e+02
-1.778789036033385571e+02
-1.732731159509986867e+02
1.788542371618248978e+02
9.951253760227898226e+01
-1.775104470780008512e+02
1.739909940425054629e+02
1.622902754761372535e+02
-1.790857832395510059e+02
-1.460611824615918124e+02
-1.797953730860341466e+02
-1.751261035777952486e+02
-8.587987808748286511e+01
-1.757321066997091918e+02
-1.761465195463979398e+02
1.789904872173836168e+02
-1.697689565554817932e+02
-1.734633663512029216e+02
1.792187423383913654e+02
1.614225246563514133e+02
-1.791275428770979943e+02
1.755612836322953001e+02
-1.705376777919743745e+02
-1.790608090542644391e+02
-1.704030755818532725e+02
-1.779545915111127954e+02
1.788929729543192479e+02
-1.791048262897889458e+02
-1.611342639600693758e+02
-1.551858030094648484e+02
-1.774362297885350017e+02
-1.770643265535788373e+02
1.783634229583832678e+02
8.640499033899089909e+01
-1.710735920732606701e+02
1.792187423383913654e+02
1.766335393365701805e+02
1.793904934233248127e+02
1.763861192479963620e+02
1.712324187554470427e+02
-1.721998121158183039e+02
-1.699245022242577363e+02
1.791449026037332999e+02
-1.767754773934801165e+02
1.718698976458440200e+02
1.797572227262331808e+02
-1.772499148250875862e+02
-1.761518205390749756e+02
-1.788367937547588724e+02
-1.770262689175199000e+02
1.787862879422461901e+02
1.800000000000000000e+02
-1.760884281874713508e+02
-1.573194403929751104e+02
1.789904872173836168e+02
1.769727548177200163e+02
1.780250659891180192e+02
-1.728749836510982050e+02
-1.770643265535788373e+02
1.729332702835989153e+02
-9.125080081476542659e+01
-1.765167285310023431e+02
-1.776784694101672812e+02
-1.790857832395510059e+02
1.777207739785733054e+02
1.800000000000000000e+02
1.780538048829692457e+02
-1.698018991543766276e+02
1.637639758260250176e+02
1.693507803407550796e+02
1.797046635460529558e+02
1.788655783690230123e+02
-1.757531573929765329e+02
-1.708111639226412422e+02
-1.703176489983518422e+02
-1.777688253919687611e+02
1.764395194650831229e+02
-1.769285378829296178e+02
-1.104541559739703871e+02
1.747581800530204532e+02
-1.780347394280794902e+02
1.748654725649655006e+02
-1.780585136090856224e+02
1.757980636418403719e+02
-1.757108466711809740e+02
1.776250384842386154e+02
1.763322119444685825e+02
-1.739760069176803654e+02
-1.784518423010220545e+02
1.792079429078376052e+02
1.797310077063035294e+02
1.766690826195499540e+02
1.794183369424946193e+02
1.778524145717015017e+02
9.121887523513130702e+01
1.650101376403182201e+02
-1.736263606341225056e+02
-9.469868051729943659e+01
-1.494039905329373141e+02
-1.731909498203866065e+02
-1.616541580718210582e+02
1.761999579304334986e+02
1.800000000000000000e+02
-1.651362083785543291e+02
-1.762435474521959407e+02
1.760443545196158368e+02
1.766514051855431262e+02
-1.787600252336873154e+02
-1.690821146395685730e+02
1.693460974000615238e+02
-1.656064070315094909e+02
-1.633879196635403730e+02
1.767547450961098434e+02
-1.711966943592706514e+02
-1.732040559839810498e+02
-1.733928666977725186e+02
1.763861192479963620e+02
1.709670303010288990e+02
-1.785679038158353649e+02
-1.783788540863465926e+02
1.788542371618248978e+02
1.750679125717351496e+02
1.800000000000000000e+02
1.740837305887367847e+02
1.775395854614083078e+02
1.734280773456841018e+02
1.742609015019104106e+02
-1.788821754176138938e+02
-1.779649655431400959e+02
1.717900985616292928e+02
1.800000000000000000e+02
1.800000000000000000e+02
-1.776507213525198665e+02
-1.742894068625003570e+02
1.760652179436305573e+02
1.766486689320762480e+02
-5.466205038735738597e+00
1.766499236024985464e+02
1.753275572446105457e+02
-8.829864539467386919e+01
1.769552215558060198e+02
1.766690826195499540e+02
1.751172404361669521e+02
-1.010825694630296567e+02
1.722596588411620928e+02
-1.771658889836934918e+02
-1.768919690650001826e+02
1.800000000000000000e+02
-1.797310077063035294e+02
-1.787039365019828949e+02
1.770339591100128871e+02
1.046208739886316579e+02
1.787326010147667432e+02
1.776467031338916911e+02
-1.778079302797755759e+02
1.215876423581315890e+02
-1.797106298365594057e+02
-1.655297058999341289e+02
1.727792780950431677e+02
-1.771087304037794468e+02
1.767547450961098434e+02
1.758591139964801471e+02
-1.718301916372917333e+02
1.743405181598375293e+02
1.800000000000000000e+02
1.800000000000000000e+02
-1.794123715837600344e+02
-1.314725319496259033e+02
-1.792654789657451886e+02
-1.782717723495014468e+02
1.770029574197163242e+02
-4.085616779974876600e+00
1.789087837747374010e+02
1.564676514390990008e+02
1.436525417911147144e+02
-1.522160735877907314e+02
-1.571219419718818529e+02
-1.713230146184257876e+02
1.722468381254411725e+02
1.775395854614083078e+02
1.698846386759328482e+02
-9.952343768299429883e+01
1.761859251657096479e+02
1.761859251657096479e+02
1.765614692116708113e+02
1.740222264076393515e+02
9.242377134411356110e+01
-1.649508979942302176e+02
1.720767407166213445e+02
1.800000000000000000e+02
1.777630209365622989e+02
1.716600239342764951e+02
1.782730122495123624e+02
-1.797271650169319344e+02
1.714547181046991398e+02
-1.782337295139909656e+02
1.744336678573090467e+02
1.740837305887367847e+02
1.702078537570825176e+02
1.791892647807376306e+02
1.797177570637291524e+02
-1.789536180929018485e+02
-1.789904872173836168e+02
-1.767449786116042389e+02
-1.761308154236346013e+02
-1.792686042469024699e+02
-1.708033441083711068e+02
1.786425341554694057e+02
1.800000000000000000e+02
-1.763714678445635968e+02
-1.693803447238448712e+02
-1.779649655431400959e+02
-1.797091609776494749e+02
-1.775889702533887942e+02
-1.724637769828308649e+02
-1.774438499214217018e+02
-9.302724518227999795e+01
1.737914014529145561e+02
-1.560083082860988384e+02
1.797091609776494749e+02
-6.421848383517536618e+00
1.757171215347538578e+02
1.762435474521959407e+02
-9.297023060719652676e+01
6.464074319376841515e+00
1.792187423383913654e+02
-7.495360816780149094e+01
-1.744006606634794423e+02
-1.780631996137789486e+02
1.792428311349414685e+02
9.284947456067723692e+01
-1.727079410354172921e+02
1.776626941408761979e+02
-1.752165190512325523e+02
-1.653026807204880981e+02
1.728380662725002139e+02
1.793904934233248127e+02
-1.761663234629119188e+02
1.800000000000000000e+02
2.342869280874540294e+01
1.709267172295062949e+02
-1.786980473274211363e+02
-1.670740008752940469e+02
8.466784111834044779e+01
-1.759555144258189046e+02
1.716419315562999941e+02
1.726865113719683507e+02
-1.779992143833314344e+02
-1.781265069864000736e+02
1.779120161672766471e+02
1.768636416316674058e+02
1.772592094058174439e+02
1.753286219646504662e+02
-1.790857832395510059e+02
-1.765834118082286750e+02
-1.715934901026321313e+02
-1.761465195463979398e+02
-1.762810060268419647e+02
1.708749913520640291e+02
-1.634126614430725795e+02
-1.723867782340333861e+02
1.769739649169745519e+02
1.769471174852075706e+02
1.748572354421157797e+02
1.756749395652615249e+02
1.794815003127093291e+02
-1.779361802715430372e+02
-1.734633663512029216e+02
-1.768201698801357509e+02
-1.255376777919743745e+02
1.741019366782968234e+02
1.791574757392596098e+02
1.782730122495123624e+02
1.764513180260955494e+02
-1.787939512207800590e+02
-1.736598082540901089e+02
1.704428957783293299e+02
-1.794410345191678573e+02
-1.723103650972547598e+02
1.733071246421659168e+02
-1.756457789369304123e+02
-1.797670916100794898e+02
-5.914946366431022007e+00
-1.782816419983445542e+02
1.740222264076393515e+02
1.713986151412851200e+02
