1.546121774044190289e+01
-1.779690857631468930e+02
1.763915311474336534e+02
-1.770643265535788373e+02
-1.775559319423645945e+02
-1.746106882400266045e+02
-1.773369992339328576e+02
-1.756777229405089713e+02
-1.684951846737411927e+02
-1.745361571867633756e+02
1.769552215558060198e+02
-1.774169793313649279e+02
-1.742894068625003570e+02
-1.740194004752365515e+02
9.639439776522759473e+01
-1.741044829876306608e+02
-7.314160123226172061e+01
-1.778114174395967950e+02
1.785185428291129313e+02
-1.643757654188131880e+02
-1.746948903937896205e+02
1.795264919412650784e+02
-1.792151753970080961e+02
1.764964683552155691e+02
1.783397176310171801e+02
-1.712885624480496460e+02
-1.699309373011105606e+02
-1.707164471947386630e+02
-1.775459683254729271e+02
1.784518423010220545e+02
-1.758334951144513241e+02
-1.793904934233248127e+02
1.778183585964485189e+02
-1.765761287550693339e+02
-1.733951645032460362e+02
1.700636100565716617e+02
1.761859251657096479e+02
1.560375110254218214e+02
9.267542665602914553e+01
1.785558744690641788e+02
-1.716743496695731608e+02
-1.673474434994420221e+02
-1.597082323320059629e+02
-1.738588893831232269e+02
-1.765935562450052885e+02
-1.709334972601838274e+02
1.778141991932244252e+02
1.699309373011105606e+02
-1.715183942059706510e+02
-1.774307589798518165e+02
-1.666075022462489130e+02
-1.783788540863465926e+02
-1.759958270592906047e+02
1.737175079118386236e+02
8.764209402928310055e+01
-1.690771952801307236e+02
-1.765761287550693339e+02
1.774471018528282400e+02
1.773974377975002028e+02
1.794031905487708229e+02
-1.726476206401076468e+02
-1.749993554024415516e+02
-1.720565281894095904e+02
1.771196224471524090e+02
-1.773574547059352824e+02
-1.711353766115892086e+02
-1.658423673503227747e+02
-1.737175079118386236e+02
-1.707066914006028924e+02
1.768201698801357509e+02
1.767161377120936550e+02
-1.700659025296434379e+02
-1.638278409842174597e+02
-1.742454346688978148e+02
-1.756676860168115013e+02
1.760884281874713508e+02
1.758487147335783334e+02
1.748978347476418094e+02
1.776140559696112007e+02
1.695346615713993401e+02
1.722164404735346181e+02
1.757461635638808275e+02
-1.719367538343027491e+02
-9.581562652949124015e+01
-1.753549215741084026e+02
1.706334900429878871e+02
1.759555144258189046e+02
-1.765317707410828802e+02
1.671756018977648637e+02
1.650378447456734534e+02
1.724053566314085799e+02
-1.741527445587267948e+02
1.760090869015702140e+02
-1.472647737278923898e+02
-1.724761795613613629e+02
-1.508140841838899462e+02
-1.618405095332132362e+02
3.397654403625686115e+01
-1.703313313389163852e+02
1.721762892681147434e+02
1.738170698340517504e+02
-1.778789036033385571e+02
-1.631785901099591740e+02
-1.678812396652748191e+02
-1.067635568269579949e+01
1.790371363743637971e+02
1.728282878346129223e+02
-1.771658889836934918e+02
-1.770792784789996119e+02
1.794153694792948386e+02
-1.761214754971522893e+02
1.732639887858806560e+02
-1.763477772196936826e+02
1.777275502672170830e+02
-1.772736890060937469e+02
1.800000000000000000e+02
1.616836758098867506e+02
1.229052429229879095e+02
-1.694389893088036274e+02
-1.672603532075179089e+02
-1.741140121669717473e+02
-1.760206175473217911e+02
1.698949636349620391e+02
-1.732639887858806560e+02
1.778307424102714833e+02
-1.584841152905048602e+02
1.776626941408761979e+02
1.763955794608243082e+02
-2.494390526342457903e+01
-1.796075692906591428e+02
-1.722164404735346181e+02
-1.758150838748815943e+02
-1.736598082540901089e+02
1.716943237944440170e+02
-1.672424678391233499e+02
1.711353766115892086e+02
-1.758150838748815943e+02
-1.741093735837959002e+02
1.800000000000000000e+02
1.757636052009411856e+02
1.779174347202691422e+02
1.677748773242642528e+02
1.666512728867126327e+02
-1.727468053872746623e+02
-1.775889702533887942e+02
-1.668201319106190113e+02
-1.795379472785692485e+02
-1.763785152958826643e+02
-1.769872124958166637e+02
-1.693460974000615238e+02
-1.749078848755010540e+02
9.571059313749964303e+01
-1.751354855622394950e+02
7.596375653207353196e+01
-1.794838357702351743e+02
-1.669306821037178281e+02
1.790759546472272916e+02
-1.767602997038978856e+02
1.440475719999006969e+02
-1.782100893917539395e+02
-1.722596588411620928e+02
-1.763217612780066190e+02
-1.789190758133393331e+02
-1.759555144258189046e+02
-1.773458044865933800e+02
-1.709421118713823375e+02
-1.717028550301631356e+02
-1.725930878715047641e+02
-1.672132985508132492e+02
1.713136454187633433e+02
-1.711932073055646981e+02
1.800000000000000000e+02
-1.719367538343027491e+02
1.680887845680284158e+02
-2.222503045111356101e+01
1.773162248405310208e+02
9.229061004263853363e+01
1.776337520085442065e+02
-1.753417458903244039e+02
1.614089322732197047e+02
-1.736056022347724195e+02
8.775425743410492885e+01
-1.618278740103145026e+02
-1.628544490811382843e+02
1.718698976458440200e+02
1.116147789427862449e+02
1.783476953223486987e+02
1.769606004310730896e+02
-1.745596679689944892e+02
-1.767905136822080294e+02
-1.796230595204028759e+02
1.788982938847936452e+02
-1.794743653935423993e+02
-1.729373973295842291e+02
1.503269178879221784e+02
1.757321066997091918e+02
1.739667469937992905e+02
-1.795185341941616457e+02
-1.778789036033385571e+02
-1.666648936589540995e+02
-1.725394338738316549e+02
8.642366562500265559e+01
-1.699920201985586914e+02
-1.794153694792948386e+02
1.710273733851036013e+02
-1.796102388046819556e+02
-1.658542045058970018e+02
-1.780385823322296517e+02
1.756012946450044865e+02
1.727367552594154461e+02
1.722596588411620928e+02
1.752755483028291223e+02
1.620575529108413377e+02
-9.235329686610830890e+01
-1.771658889836934918e+02
1.688708107103888096e+02
1.731572265873690526e+02
-1.766002858408767509e+02
1.751864491062934803e+02
-1.785558744690641788e+02
-1.659637565320735177e+02
-1.725685920288274815e+02
1.374540316745270729e+02
1.776304919357447147e+02
-1.739275435927923183e+02
-1.711317371667924192e+02
1.682317110679793473e+02
1.755673315313101455e+02
-1.001620831940007719e+02
-1.788065105760179847e+02
-1.795017883873863695e+02
-1.786196459265555632e+02
1.750497277657082407e+02
9.110170611520638317e+01
-1.665042667192041961e+02
-1.786140821491877944e+02
1.596768631703370431e+02
-1.777245435617458043e+02
-8.942706130231651684e+01
-1.719241036651617094e+02
-1.746607631962624225e+02
-1.664140087921110762e+02
-1.780585136090856224e+02
-1.704399035191136988e+02
8.322434383060098639e+01
1.762218022928384187e+02
1.776304919357447147e+02
1.795878072585976781e+02
-1.795185341941616457e+02
-1.700557057368140761e+02
-1.637397952916880683e+02
8.725191181994624401e+01
-1.765466837494689116e+02
1.712147012821154135e+02
-1.728007663616323555e+02
-1.772736890060937469e+02
1.748055710922652111e+02
-1.703718438715133061e+02
-1.740194004752365515e+02
1.785024122609824815e+02
-1.788308606720925980e+02
1.772169792461433815e+02
1.800000000000000000e+02
-1.774471018528282400e+02
1.708771037946215472e+02
-1.728749836510982050e+02
1.733865395176852644e+02
-1.636104596659652373e+02
1.787455483773184710e+02
-1.723331957381858217e+02
1.741554341226131442e+02
-1.254170552764674511e+02
1.717976457553744183e+02
1.795103044068708016e+02
-1.756012946450044865e+02
-1.690771952801307236e+02
-1.727249950421107485e+02
1.759555144258189046e+02
1.668527576247305149e+02
-1.670740008752940469e+02
-1.732599439020530667e+02
-1.763915311474336534e+02
1.289114718458048401e+02
1.603461759419467114e+02
1.660683107581970148e+02
-1.683540257515167866e+02
1.781523897340053963e+02
1.617072240354349617e+02
-1.763955794608243082e+02
1.685788137250007424e+02
1.781066141542537196e+02
1.508519281542869521e+02
-1.630724869358529645e+02
1.753800765183395924e+02
1.789583733239900312e+02
1.739382112112713799e+02
9.272631099390628151e+01
1.689485429733345825e+02
7.006746343806048571e+01
1.738408369708569126e+02
-1.667014296695057283e+02
-1.682543665747120656e+02
1.789325003162598193e+02
1.766615294562356553e+02
1.506422464572087279e+02
-1.794212744343922452e+02
-1.677352262721076102e+02
7.307248693585295030e+01
-1.678509083925586651e+02
1.716823507558936228e+02
1.773974377975002028e+02
1.628972710309476213e+02
-1.143937393861631762e+02
-1.699668794456688374e+02
-1.550782294774147942e+02
1.694389893088036274e+02
-1.772361426290874249e+02
1.696181948407617597e+02
-1.623777027713317409e+02
8.650536107274666620e+01
-1.763826668631178620e+02
-1.668659776936036963e+02
-1.757411538778296460e+02
-1.729579608262706074e+02
