-1.710546181664610685e+02
-1.744885225839794032e+02
1.687893668711233488e+02
-1.734537092167059882e+02
-1.790036521034950567e+02
-1.791384742654327624e+02
1.706075506591810722e+02
1.800000000000000000e+02
1.790906195508008523e+02
-1.654034244745058402e+02
-1.783864610671188018e+02
1.800000000000000000e+02
-1.789583733239900312e+02
1.776626941408761979e+02
-1.671522951412823375e+02
1.800000000000000000e+02
1.784925642412250397e+02
-1.739909940425054629e+02
-1.790122396003601750e+02
-1.773245733439708545e+02
-1.752363583092738111e+02
1.800000000000000000e+02
1.704399035191136988e+02
1.722348339815746670e+02
1.773162248405310208e+02
1.734373014910625557e+02
-1.745881308476829759e+02
1.642192466904846242e+02
-9.162347045721709549e+00
9.000000000000000000e+01
1.646667152069464635e+02
1.788147391813776039e+02
-1.756012946450044865e+02
1.762915718428695584e+02
1.794974183332789721e+02
1.800000000000000000e+02
1.769413024259041833e+02
1.714391104288353915e+02
-1.765317707410828802e+02
1.723595932389732468e+02
8.528524548129506400e+01
1.690277597621883672e+02
1.780079064270335607e+02
1.139020504110108476e+02
1.706900598250139751e+02
-1.622553283749430761e+02
1.753225821411182608e+02
1.751115990518752312e+02
-1.778183585964485189e+02
1.776531257075127144e+02
1.772993706626047299e+02
1.756839724801344005e+02
1.782100893917539395e+02
-1.782239557466412521e+02
1.663286928678041647e+02
1.778183585964485189e+02
1.779398889762768761e+02
1.750540334528958510e+02
1.772208331359279327e+02
-1.782816419983445542e+02
-1.774664411116054339e+02
1.794743653935423993e+02
1.729421533501189288e+02
-1.724673985990526432e+02
1.756749395652615249e+02
1.763670492605118056e+02
1.762414443145280245e+02
-1.778389205117736367e+02
-1.794382946674334391e+02
-1.662284002829175904e+02
8.287498365109820497e+01
1.716167515190706467e+02
-1.749078848755010540e+02
1.723718503314192958e+02
-1.669613434169770301e+02
-1.794327335901420781e+02
-1.775104470780008512e+02
-1.726476206401076468e+02
-1.660875053234799736e+02
-1.764236656250026556e+02
1.649315118405077953e+02
-8.768627750217578409e+01
1.723666694127686867e+02
-8.519651424093092373e+01
1.773493103165781974e+02
1.756676860168115013e+02
-8.783892051177363669e+01
-1.780079064270335607e+02
-1.706108524386687577e+02
1.792793363774823376e+02
1.800000000000000000e+02
-1.688961665633639200e+02
-1.719330682702069168e+02
1.767602997038978856e+02
1.794694986833262078e+02
1.709723870492849187e+02
1.784622276153025382e+02
1.780748162916768536e+02
-1.738844964337145882e+02
-1.593764686166747708e+02
-9.603325300620070948e+01
1.639797076979288022e+02
-1.641974860460644834e+02
1.772297842027998058e+02
1.776140559696112007e+02
-1.722881075873411021e+02
-1.757001371798079390e+02
-9.686369191462704009e+01
-1.777542574341049146e+02
-1.778183585964485189e+02
1.716943237944440170e+02
1.769872124958166637e+02
-1.765317707410828802e+02
-1.795936537666909771e+02
1.775529513576763918e+02
-1.789390883097357801e+02
8.360560223477241948e+01
-1.783276056389107396e+02
7.879405249259743016e+01
-1.697960262782683287e+02
1.800000000000000000e+02
1.718698976458440200e+02
-1.774208524997165739e+02
-1.742513365827122414e+02
1.762482709294740459e+02
-9.163657704161671802e+01
1.800000000000000000e+02
1.795848204588551482e+02
1.788188110866733780e+02
-1.764964683552155691e+02
1.749078848755010540e+02
-1.778983456723287304e+02
-1.789583733239900312e+02
1.800000000000000000e+02
-1.788065105760179847e+02
-1.795379472785692485e+02
-1.755251034937539032e+02
1.731731376615263116e+02
1.776909372109743117e+02
1.783634229583832678e+02
1.731856471105902529e+02
1.714882948615752980e+02
-1.776721849109588618e+02
-1.789190758133393331e+02
-1.744724598483438456e+02
-9.200253313182687975e+01
9.095484125387218910e+01
1.684653793463552915e+02
-1.707273982227997067e+02
-1.782642954110716289e+02
1.777320454640941705e+02
1.735712522511701366e+02
1.765200824957302927e+02
1.740299840191429723e+02
-9.554531730886203889e+01
-1.783939970107177544e+02
1.779047474353761515e+02
-1.161139126302906988e+02
1.795225462226904369e+02
1.773735943617092516e+02
-1.790759546472272916e+02
1.788982938847936452e+02
1.563998101320822229e+02
1.800000000000000000e+02
1.783397176310171801e+02
1.725041423602701514e+02
8.898602127721470367e+01
-9.000000000000000000e+01
-7.193470055295539289e+00
1.745164095555355743e+02
-1.730727818739908344e+02
1.558858014606930453e+02
1.643757654188131880e+02
-8.951030440687077316e+01
-8.950608310138125034e+01
-1.080823094031979004e+01
-1.958067429234041423e+00
-1.016502994375376687e+02
1.751354855622394950e+02
-1.787811247648687072e+02
1.791117645047602309e+02
1.144439547804165329e+02
1.800000000000000000e+02
-1.787078331137500697e+02
1.759555144258189046e+02
1.699089427611110921e+02
1.716743496695731608e+02
1.716743496695731608e+02
1.722881075873411021e+02
1.742894068625003570e+02
1.788065105760179847e+02
1.749575489308290912e+02
-1.795060831013812503e+02
-5.906141113770500439e+00
-1.739382112112713799e+02
-1.618869341924767298e+02
1.719297678220819137e+02
1.778389205117736367e+02
1.767905136822080294e+02
1.800000000000000000e+02
-1.763255004791703584e+02
1.696551425185247979e+02
-3.433630362450522444e+00
1.699668794456688374e+02
1.800000000000000000e+02
-9.178991060824607473e+01
-1.790206803456605087e+02
-1.790530485532265459e+02
1.606410058243052958e+02
1.741273717189332046e+02
-1.795488614532127372e+02
-9.000000000000000000e+01
1.800000000000000000e+02
1.754260787400991433e+02
1.744995885297981033e+02
1.785558744690641788e+02
1.744006606634794423e+02
-9.778104622298351956e+01
1.774438499214217018e+02
1.249024956159247353e+02
1.769872124958166637e+02
1.745076754428725678e+02
8.538007651833960665e+01
-1.648904248776595409e+02
1.762138879646184364e+02
-1.774551956201869132e+02
1.759143832200251154e+02
-1.775633517531898633e+02
1.800000000000000000e+02
1.743693172423647582e+02
-1.791987126698930126e+02
1.749941674470489090e+02
-1.619165546169513448e+02
-1.782100893917539395e+02
1.800000000000000000e+02
1.731402399944742001e+02
-9.357633437499735862e+01
8.053767779197438870e+01
-1.784656585002992415e+02
-9.000000000000000000e+01
-1.783476953223486987e+02
-9.000000000000000000e+01
1.789190758133393331e+02
1.724436559435605432e+02
1.800000000000000000e+02
1.724385715723330463e+02
-1.779361802715430372e+02
7.696134341697703007e+01
9.471475451870495021e+01
1.791756571791548538e+02
1.783316625517066996e+02
-9.659991698191387854e+01
-1.767295120768164338e+02
1.716625555611532832e+02
1.702724214485984078e+02
1.747625239331874809e+02
1.800000000000000000e+02
1.800000000000000000e+02
1.714882948615752980e+02
-9.900175512256130617e+01
-1.376078511179123964e+01
-1.737131066382635254e+02
-1.787724211678654456e+02
1.800000000000000000e+02
-9.486451443776053338e+01
1.800000000000000000e+02
-1.608209919741892975e+02
-1.649315118405077953e+02
1.713843518158358847e+02
1.800000000000000000e+02
-1.052965473144300717e+02
-1.770185387800177921e+02
-9.842696902148067295e+01
1.730365314735119853e+02
1.722881075873411021e+02
-1.794645410144354685e+02
-9.819426333463020740e+01
1.746990734834743080e+02
1.800000000000000000e+02
1.762173545534037089e+02
1.771375947738882530e+02
1.738170698340517504e+02
1.795225462226904369e+02
-8.797267729949980719e+01
-1.769178191754718625e+02
1.760206175473217911e+02
8.485723544211576552e+01
-1.481457170887074737e+00
-1.779174347202691422e+02
-1.794437477729193233e+02
8.218470645323311885e+01
-1.789860212772147179e+02
1.674711922908484780e+02
1.731251819712957456e+02
3.179830119864234472e+00
-9.357633437499735862e+01
1.720198862548314764e+02
-1.729476939921588041e+02
1.737843641002973527e+02
1.718698976458440200e+02
1.792042764472607246e+02
-9.480795396303047085e+01
-1.753331416285610089e+02
-1.782100893917539395e+02
-1.701722759888368728e+02
1.738170698340517504e+02
-4.540634623330902997e+01
-1.786251652194305848e+02
1.679885216136345605e+02
-1.727249950421107485e+02
-1.780079064270335607e+02
1.745361571867633756e+02
1.747099187946287486e+02
1.728749836510982050e+02
-1.450975043840753074e+02
-9.000000000000000000e+01
-1.559343684194427340e+02
-1.626759104600290300e+02
-1.005518095061922850e+02
1.800000000000000000e+02
1.726476206401076468e+02
1.705376777919743745e+02
1.800000000000000000e+02
-1.301695800417100486e+02
