1.010638281643310847e+02
-1.784605064139929027e+02
1.745563216438310974e+02
-1.711758767676571722e+02
-1.741514325017331259e+02
5.476132365098520527e-01
1.326250384842386154e+02
1.770185387800177921e+02
-1.724909933716939747e+02
1.748299170496310353e+02
-6.873762873723498501e+01
1.698867914305528188e+02
1.800000000000000000e+02
-1.756687075140392835e+02
1.532598221767091786e+02
1.800000000000000000e+02
-1.754756367049091921e+02
-9.676901645224438653e+01
-1.731402399944742001e+02
1.508742853005576023e+02
-1.732032050776246308e+02
1.387000109720120804e+02
1.800000000000000000e+02
1.618095551530977048e+02
-1.789712301315636296e+02
-4.029273728706509239e+00
1.788866998818750176e+02
1.638655989144417902e+02
-1.747352562843979626e+02
-1.441685002733749172e+02
1.798010571206393706e+02
-1.692270878503089193e+02
-1.733306577642785840e+02
1.724287410717861064e+02
1.754397016713692210e+02
-1.761507449538514152e+02
-1.674695662560482035e+01
-1.128598458672561549e+02
-1.746545546272328977e+02
8.392608601871255303e+01
1.773825866367355673e+02
1.677266494876529919e+02
-1.685506620114999521e+02
-1.557061123974149552e+02
1.763380644244802227e+02
1.783996029466200355e+02
1.664898047836618105e+02
-1.656238270912128030e+02
-1.750629250491446669e+02
-1.709988412115301912e+02
1.663306793386806532e+02
1.723307116735226998e+02
1.579732265088840961e+02
1.800000000000000000e+02
1.766180330366746034e+02
1.104883375284617983e+02
-1.250184705065264552e+02
1.143163721731210671e+02
1.551049066727962042e+02
1.800000000000000000e+02
-1.772106938453916882e+02
-1.771553443952265923e+02
1.367050024496882941e+02
1.695593817960003662e+02
1.528315047633513757e+02
-1.713863604321194885e+02
-1.729499424064580353e+02
-1.689866415027823052e+02
1.708068424036320039e+02
-1.696543510365001168e+02
-1.728323528706369245e+02
-1.760585771641399333e+02
-1.736959935338017829e+02
-1.751752161541122348e+02
1.702755184340559538e+02
1.687035711268405578e+02
-1.773700806689843148e+02
-1.712226789734469037e+02
-1.782013124648138387e+02
1.800000000000000000e+02
1.749072334687965338e+02
-1.766211457007018453e+02
-1.750362241648474821e+02
1.775478595561670261e+02
8.631558599933970299e+01
1.566016523862386691e+02
9.537042428746467237e+01
-1.669732693146899294e+02
1.002159316309923582e+02
-1.577457147807919569e+02
-1.684934458561181714e+02
-1.709555562009637981e+02
1.090473757768277494e+02
-1.668728647573792898e+02
1.703793782667112851e+02
1.513351570962409198e+02
1.661467563670050538e+02
-1.757108466711809740e+02
1.672529472407122739e+02
8.662052253225585474e+00
1.739406982663238637e+02
1.684934458561181714e+02
1.725344909842344521e+02
-1.791535865334881237e+02
-1.628273981637409520e+02
-1.683472662510353643e+02
1.757691811611700814e+02
1.786292758160549283e+02
1.660298606613967252e+02
1.781686245954921333e+02
-1.614040581522530715e+02
1.750208941560017024e+02
-3.095192100662461954e+01
8.757942665653969527e+01
8.699903662294737217e+01
1.677875461408136459e+02
-1.724204902231097378e+02
-1.646757113753992314e+02
-5.068216657121688229e+01
-1.786210298992968433e+02
1.624940904965000357e+02
-1.758544407717778597e+02
-1.788111531683408941e+02
1.559672643403067696e+02
-1.717549067987834803e+02
-1.785634163644415651e+02
1.763718355754360800e+02
1.770903929383265734e+02
1.208465874121485939e+02
9.171194206061302623e+01
1.702195271335200459e+02
-9.257576798735229318e+01
-1.770695596820590652e+02
1.601619576213273319e+02
1.781933722896313839e+02
-1.667779625936920809e+02
1.686032370108144391e+02
-1.696895263676778143e+02
1.763043681519452548e+02
1.611222796240998321e+02
1.764375454162798462e+02
9.871864928531188355e+01
1.609955293830489325e+02
-1.686485989352618731e+02
1.384635412093288380e+02
-1.111304053594830066e+01
-1.760703146771542151e+02
-1.798064339137367824e+02
1.794234581567564817e+02
-1.715408253129611751e+02
1.749063171468366136e+02
9.000000000000000000e+01
1.750032393354286455e+02
1.750141631436714249e+02
-6.445114171754457999e+00
-1.659184753669646568e+02
1.591257924572999798e+02
-1.694120853366289623e+02
1.713053730039405025e+02
1.724320700242261069e+02
-1.762084276307820119e+02
-1.785513112095531199e+02
1.059254008643892178e+02
1.791613293698371194e+02
1.687333968190909559e+02
-1.700517489066948542e+02
1.481219582230555432e+02
-2.473069461880745834e+01
-1.792305781416708044e+02
-1.689077004860695297e+02
1.775677820675925886e+02
-1.675056662815819095e+02
-1.747828940652243830e+02
1.312935405533620958e+01
-1.704864659898157129e+02
-8.205978353894235511e+01
1.653646938253982341e+02
-1.733324904897574754e+02
-1.680968504578007128e+02
1.743086810643455351e+02
1.596535406019455081e+02
-4.347886208410939091e+00
1.672645426329663110e+02
1.668406642735041885e+02
-1.702037900825255008e+02
1.692733915379438088e+02
1.770377893234261819e+02
-8.162082723814185670e+01
-1.794362220875691776e+02
-1.605187667494140840e+02
1.744223948933424708e+02
1.738357290994532605e+02
8.717635575042554308e+01
-1.791612703502124191e+02
1.745147320699146292e+02
1.738170698340517504e+02
1.794761674687390496e+02
1.698580854192159677e+02
-2.418617895355441405e+01
-1.781232612263405031e+02
1.724407045559561311e+02
-1.615125023264683932e+02
1.778213199247234115e+02
1.795129062768800168e+02
-2.082563078264039547e+01
-1.737580856525849526e+02
-1.785463777062461190e+02
-1.648349217354128768e+02
-1.729171128931476744e+02
-1.687908811102348068e+02
1.755609414514963760e+02
-1.162385830320865523e+02
-1.545660419076564551e+02
-1.086300528798673071e+02
1.368837155301570760e+02
-1.672280796271995769e+02
-1.712017838047209182e+02
1.212143315773209018e+01
1.590007229731750726e+02
1.587558363799971346e+02
6.833497630583175919e+01
-9.000000000000000000e+01
1.729171128931476744e+02
1.786917901095998218e+02
1.020486066403451275e+02
-1.741915270970130791e+02
-1.588551022244241153e+02
-1.684631761285942559e+02
-1.528203906517256314e+02
-1.761660155899201641e+02
1.524556291685825329e+02
-1.616982526829012556e+02
1.643693673950490393e+02
-1.562614160793274323e+02
1.726987572802007662e+02
1.613810839121649678e+02
-1.619014217519881242e+02
-1.591959474107287242e+01
-1.734867871888324089e+02
-1.665490657036624498e+02
1.532442813752897735e+02
-1.732966751862495869e+02
-1.767273422752756460e+02
-1.306931789628217722e+01
1.735712522511701366e+02
1.728923389957349457e+02
6.613464775208470314e+01
-1.771930573513655531e+02
1.188846831659134740e+00
-1.720695243277436504e+01
-1.472919302687989216e+02
-1.646120679522707633e+02
-1.691642881301631860e+02
1.759628597246350807e+02
1.770330564446773565e+02
-1.769537170780269264e+02
-1.673161296666853843e+02
1.735155213100576077e+02
-1.450586078518089153e+02
-1.637833724317482051e+02
-1.753488919627153280e+02
1.462919714152000665e+02
-1.737580856525849526e+02
-1.649768467482404333e+02
1.692447436942450736e+02
5.707038396246309020e+01
-9.321949489685283652e+01
-1.064837430462631858e+02
-1.598114308602099811e+02
8.119240397733244663e+01
1.781792903071555259e+02
9.228206141095485293e+01
-1.707422050993321534e+02
1.741127566029780951e+02
2.489509332720381707e+01
5.231376695609198180e+01
1.788916346821837919e+02
1.780568681479493023e+02
1.760674865571707244e+02
-1.747919885292213849e+02
1.759615130765608910e+02
9.547271167125049374e+01
-2.296480217129607482e+01
1.733865395176852644e+02
1.740056746023361711e+02
1.782216596217083406e+02
9.207549594506774326e+01
1.702766793001502492e+02
-1.390685796768454168e+02
-1.771852659754799220e+02
-1.741748877839088721e+02
1.766158061958448684e+02
1.771553443952265923e+02
-1.733792239176850103e+02
1.786638975291062081e+02
1.479946167919165134e+02
1.656808865542830631e+02
1.795430144402753285e+02
1.661282809313158282e+02
-1.729141201064276174e+02
-1.448051089373668177e+01
1.576348756313525143e+02
1.800000000000000000e+02
-1.788943079990162914e+02
1.779305921204017125e+02
-9.344221528589737602e+01
-1.089704078084865557e+02
1.672859771872362558e+02
-1.723373958979510405e+02
-1.706911384759328030e+02
1.724241224434956621e+02
-1.714813112786358715e+02
-1.662053638087858758e+02
7.956951569032219140e+01
1.640995243403737618e+02
1.793945189256306207e+02
-1.453397758158997988e+02
1.662882831069781275e+02
1.751483271106349946e+02
-9.437253094863311276e+01
1.785112121753145402e+02
1.770127600103087957e+02
-1.635690582690690178e+02
1.768468778015272278e+02
