-8.301894259317020897e+01
9.888065915052024479e+01
1.795303729803103465e+02
1.740625839005184901e+02
-1.775804907833436630e+02
-1.783153156821037157e+02
1.731572265873690526e+02
1.794382946674334391e+02
1.741439864145710601e+02
-1.706229393056956383e+02
-1.781988394842776415e+02
1.685788137250007424e+02
1.753645365730973538e+02
-1.794327335901420781e+02
-1.738999400396783415e+02
1.757205364697547907e+02
1.289724697044787547e+02
1.756384273549794273e+02
1.751469036130076233e+02
-1.787174729172898253e+02
1.795379472785692485e+02
-1.613999341139669355e+02
1.727630779740320008e+02
1.780908475670036353e+02
-1.756012946450044865e+02
1.763915311474336534e+02
1.800000000000000000e+02
-1.681322681024339261e+02
-1.731909498203866065e+02
1.800000000000000000e+02
-1.763380644244802227e+02
-1.714444417565871106e+02
1.800000000000000000e+02
1.785056664087334752e+02
1.746742593752322819e+02
-1.772297842027998058e+02
-1.708376529542782976e+02
1.771375947738882530e+02
-1.751559996249193318e+02
-1.791574757392596098e+02
-1.785311992856141785e+02
1.691596945456694527e+02
1.718698976458440200e+02
-1.748055710922652111e+02
1.796255231132771826e+02
-1.791253232288786705e+02
1.794884441334129690e+02
1.777093899573614806e+02
1.800000000000000000e+02
-8.297160376105038893e+01
-1.734801982483430152e+02
-1.776386253418243939e+02
-1.675248902877910382e+02
1.762786867352502611e+02
-1.767295120768164338e+02
1.706075506591810722e+02
-1.749868862449641824e+02
-1.750302592718896904e+02
-1.737843641002973527e+02
-1.634956386182449819e+02
1.800000000000000000e+02
1.770891621738322499e+02
1.789087837747374010e+02
-1.715387118574286376e+02
1.800000000000000000e+02
-1.784234499448162694e+02
1.781816970355481828e+02
1.793969088056194607e+02
1.800000000000000000e+02
1.633007557660064037e+02
-1.735583999006649663e+02
1.800000000000000000e+02
-1.782376089763394873e+02
1.735504652961577392e+02
1.697960262782683287e+02
1.800000000000000000e+02
1.761120904391669342e+02
1.758777021882163751e+02
1.740150476848845926e+02
1.748055710922652111e+02
1.713571974199954582e+02
-9.938551826004307088e+01
-1.791574757392596098e+02
-1.753893506813394083e+02
-1.784088597288054245e+02
-1.777803444468021041e+02
1.745309050298880891e+02
-1.588864999216347655e+02
1.800000000000000000e+02
-1.630724869358529645e+02
-1.716848742432081281e+02
-1.788876003837022211e+02
1.800000000000000000e+02
1.744006606634794423e+02
-1.619853060817947608e+02
1.800000000000000000e+02
1.800000000000000000e+02
-1.734000830180861215e+02
-1.746184529478680929e+02
-1.730804667372943015e+02
-1.789390883097357801e+02
-1.718698976458440200e+02
-1.719330682702069168e+02
-1.782376089763394873e+02
1.800000000000000000e+02
-1.765317707410828802e+02
-1.746854543300552507e+02
-1.765466837494689116e+02
1.800000000000000000e+02
1.711932073055646981e+02
1.774664411116054339e+02
1.785056664087334752e+02
-1.704667672099699871e+02
1.800000000000000000e+02
1.764236656250026556e+02
1.800000000000000000e+02
1.706829139308737808e+02
-1.779904461869788577e+02
1.793969088056194607e+02
-1.795144541699918648e+02
-1.749575489308290912e+02
-1.790451587461278109e+02
-1.663994574833412514e+02
-9.432506043473846091e+01
-1.787269699799433056e+02
-1.765167285310023431e+02
-1.776531257075127144e+02
-1.659637565320735177e+02
1.786140821491877944e+02
9.387852450284771066e+01
-1.789190758133393331e+02
-1.794382946674334391e+02
-1.775973905310139571e+02
-1.702175929681927187e+02
-1.776337520085442065e+02
1.800000000000000000e+02
-1.779904461869788577e+02
1.770792784789996119e+02
1.800000000000000000e+02
1.654464272092874637e+02
1.748055710922652111e+02
1.800000000000000000e+02
1.800000000000000000e+02
1.759143832200251154e+02
-1.709806775686183187e+02
1.795341909172350086e+02
-1.720928372970415410e+02
-1.794645410144354685e+02
-9.000000000000000000e+01
-1.775104470780008512e+02
1.800000000000000000e+02
1.800000000000000000e+02
-1.609892335838329984e+02
-1.732204320548500505e+02
-1.774886367328369374e+02
1.784925642412250397e+02
-1.795144541699918648e+02
-1.686900675259797993e+02
-1.753417458903244039e+02
-1.633007557660064037e+02
1.749427514674408712e+02
1.800000000000000000e+02
1.800000000000000000e+02
-1.795416435419995764e+02
-1.711870983622555968e+02
1.774886367328369374e+02
-1.667594800848128216e+02
1.800000000000000000e+02
1.759958270592906047e+02
1.790608090542644391e+02
-1.779398889762768761e+02
1.733161358919658994e+02
1.775889702533887942e+02
1.800000000000000000e+02
-1.704633642415405745e+02
1.763987218827765560e+02
1.749427514674408712e+02
-9.200955381302114233e+01
1.770891621738322499e+02
-9.000000000000000000e+01
1.774208524997165739e+02
-1.683106308245608318e+02
-1.784925642412250397e+02
-1.714692343900518665e+02
-1.738060950328490435e+02
1.701120111844222151e+02
-1.749427514674408712e+02
1.650685828218624636e+02
1.794743653935423993e+02
1.800000000000000000e+02
-1.764604408314500574e+02
1.800000000000000000e+02
1.794327335901420781e+02
1.767295120768164338e+02
1.677995312726192196e+02
1.785797344536009632e+02
-1.694084722520286448e+02
-1.780079064270335607e+02
1.739275435927923183e+02
1.728749836510982050e+02
1.800000000000000000e+02
1.800000000000000000e+02
9.048146580583835430e+01
-1.767295120768164338e+02
1.800000000000000000e+02
1.709492783228162693e+02
-1.771936297482117766e+02
1.702382252249577448e+02
1.800000000000000000e+02
-1.753800765183395924e+02
1.789583733239900312e+02
-1.738844964337145882e+02
1.732901631922430852e+02
1.800000000000000000e+02
-1.785797344536009632e+02
1.707164471947386630e+02
8.308877288097531277e+01
1.800000000000000000e+02
1.800000000000000000e+02
-1.791048262897889458e+02
1.739204110421615326e+02
1.767689900996317931e+02
-1.794743653935423993e+02
1.788876003837022211e+02
-1.783153156821037157e+02
1.794153694792948386e+02
1.788188110866733780e+02
1.742373671134015467e+02
1.785311992856141785e+02
-1.041621680553127476e+02
-1.788542371618248978e+02
1.794974183332789721e+02
-1.764482666451795865e+02
-1.730470425318260936e+02
-1.741140121669717473e+02
-1.739275435927923183e+02
1.709421118713823375e+02
1.720928372970415410e+02
1.663730051401084893e+02
8.646044083145004322e+01
1.721466866980217958e+02
-1.671756018977648637e+02
-1.712977762100532004e+02
-1.748572354421157797e+02
1.794743653935423993e+02
1.752852454812950498e+02
1.760995062576181169e+02
-1.789860212772147179e+02
1.751965142409309237e+02
-1.765577847141026382e+02
-1.675825542099236998e+02
-1.684951846737411927e+02
1.599439052634245684e+02
-1.780908475670036353e+02
-1.684861688155129968e+02
-1.774922982729337662e+02
1.788308606720925980e+02
-1.777760387596145506e+02
1.790833457436147285e+02
1.724673985990526432e+02
-1.400636168530300836e+02
-1.674210647625069441e+02
-1.778183585964485189e+02
-1.775736641683976416e+02
-1.770219793480502517e+02
1.775318820861714642e+02
-1.778789036033385571e+02
1.709334972601838274e+02
-1.750062560141766141e+02
1.782285302599659360e+02
-1.638107937429730612e+02
1.757321066997091918e+02
1.709723870492849187e+02
1.729264623250386421e+02
-1.770792784789996119e+02
-1.671957339347132461e+02
1.728007663616323555e+02
-1.685841604755929950e+02
1.772361426290874249e+02
-1.788308606720925980e+02
-1.791048262897889458e+02
1.699089427611110921e+02
-1.590627147257253569e+02
1.693077878447159605e+02
1.682970985197786433e+02
-1.756913350834751384e+02
1.682449372403005441e+02
1.773974377975002028e+02
1.707644409068340963e+02
-1.743824194098731937e+02
-1.613784206335124338e+02
1.787455483773184710e+02
-1.758023316428390785e+02
1.800000000000000000e+02
-1.731731376615263116e+02
-1.753417458903244039e+02
-1.780585136090856224e+02
1.771135814561353925e+02
-1.742894068625003570e+02
-1.644536727269209564e+02
1.677576688011255897e+02
1.539353359217142554e+02
-1.680091650209607508e+02
-1.769178191754718625e+02
1.719241036651617094e+02
-1.656772800217964630e+02
1.789677553084342776e+02
-1.746990734834743080e+02
-1.760884281874713508e+02
1.800000000000000000e+02
1.741736579704442534e+02
-1.777454250340649651e+02
1.658608916883495112e+02
1.738677775023207062e+02
1.800000000000000000e+02
1.780908475670036353e+02
1.788655783690230123e+02
-1.778389205117736367e+02
-1.728194645022798284e+02
-1.762915718428695584e+02
1.800000000000000000e+02
1.678285417914125333e+02
1.683663660010595606e+02
-1.792097634975708047e+02
