1.579887168020806314e+02
-1.785913712646615465e+02
1.736598082540901089e+02
-1.787939512207800590e+02
-1.778470372108995434e+02
-1.771135814561353925e+02
-1.748978347476418094e+02
-1.708194580423738387e+02
-1.753520293086129698e+02
-1.755635255143426434e+02
-1.695741914741152243e+02
1.716167515190706467e+02
-1.731363080853729457e+02
-1.778307424102714833e+02
-1.390282636664851452e+02
-1.644190761517483850e+02
-1.411155035662854118e+02
-1.721082975717642967e+02
-1.699920201985586914e+02
1.759143832200251154e+02
-1.659637565320735177e+02
1.193577535427912721e+02
1.688048885737000262e+02
1.601045686652343534e+02
1.795523858291394674e+02
1.755752155482560397e+02
-1.116890649646157954e+02
9.315071641326774454e+01
1.800000000000000000e+02
-1.779833761253769069e+02
-1.367098140441415524e+02
-1.715730309785193413e+02
-1.567322951899430450e+02
1.764236656250026556e+02
1.749305798673875074e+02
1.713358645668919564e+02
-1.658576533579673082e+02
1.725284408234076352e+02
1.757636052009411856e+02
-1.728749836510982050e+02
-1.783750236424752416e+02
-1.769606004310730896e+02
1.800000000000000000e+02
1.628972710309476213e+02
1.729772061644268035e+02
-1.782465951399284450e+02
1.765317707410828802e+02
1.786881122174958989e+02
1.771936297482117766e+02
1.784656585002992415e+02
1.629698432271129604e+02
1.529494029929138890e+02
1.698753283446021953e+02
1.759780098229798853e+02
-1.778983456723287304e+02
-1.739458081058851633e+02
-1.236900675259797850e+02
-1.795225462226904369e+02
-1.782816419983445542e+02
1.759143832200251154e+02
1.755251034937539032e+02
1.729476939921588041e+02
1.707066914006028924e+02
1.693236443173042005e+02
-1.729373973295842291e+02
-1.665838165181590966e+02
1.800000000000000000e+02
-1.732901631922430852e+02
1.524639268918428741e+02
1.800000000000000000e+02
1.800000000000000000e+02
-1.764785466230777899e+02
-1.771087304037794468e+02
1.704596181951573612e+02
1.763477772196936826e+02
-1.743824194098731937e+02
1.750062560141766141e+02
1.800000000000000000e+02
-8.713759477388825303e+01
-1.709723870492849187e+02
1.742894068625003570e+02
1.720106732336031143e+02
-1.772208331359279327e+02
9.236137465817562031e+01
-1.645051514008613651e+02
-1.744587952219601448e+02
-9.576263288659845330e+01
-1.784088597288054245e+02
1.781671604940579527e+02
-1.747528610983835620e+02
-1.727367552594154461e+02
-1.764677054161091121e+02
-1.737580856525849526e+02
1.763477772196936826e+02
-1.761214754971522893e+02
-1.783750236424752416e+02
1.771135814561353925e+02
1.768778695378842940e+02
1.782642954110716289e+02
1.735504652961577392e+02
-1.679351155894745773e+02
1.752798630689564447e+02
9.288641854386462171e+01
1.776721849109588618e+02
-1.591747819576347354e+02
1.659637565320735177e+02
1.751009075462122553e+02
1.800000000000000000e+02
-1.722881075873411021e+02
-1.740531369460264841e+02
1.788065105760179847e+02
1.714247673601647932e+02
1.790122396003601750e+02
1.789087837747374010e+02
-1.781221225527146430e+02
1.771844433157887693e+02
1.712926297284795965e+02
1.683312259996310445e+02
1.749941674470489090e+02
1.773974377975002028e+02
1.565570792850377302e+02
1.708033441083711068e+02
1.626720782227587847e+02
1.289114718458048401e+02
-1.671419098270018253e+02
1.714692343900518665e+02
1.780079064270335607e+02
1.675175106150455235e+02
-1.719509382983254966e+02
1.762786867352502611e+02
1.753141001604973042e+02
-1.731363080853729457e+02
1.596607778873477912e+02
1.737131066382635254e+02
-1.733255309528824455e+02
1.779974668681731202e+02
-9.283411101630650819e+01
-1.749868862449641824e+02
1.742894068625003570e+02
1.745309050298880891e+02
-1.670472354866244871e+02
-1.774362297885350017e+02
-1.740355128987469016e+02
1.786573759734622513e+02
1.766661493384634127e+02
1.762173545534037089e+02
-1.738844964337145882e+02
-8.849256424122503972e+01
1.784377750831576179e+02
1.795848204588551482e+02
-1.646383836881513503e+02
9.000000000000000000e+01
-1.647874171313795273e+02
-1.783939970107177544e+02
9.771189241265888370e+01
-1.756384273549794273e+02
1.754057466687335989e+02
1.800000000000000000e+02
-1.739667469937992905e+02
-1.778789036033385571e+02
-1.641198612229247260e+02
1.646991544275500132e+02
1.740531369460264841e+02
1.800000000000000000e+02
1.734000830180861215e+02
-1.604892005562867325e+02
1.775804907833436630e+02
1.777630209365622989e+02
-1.748055710922652111e+02
-1.474395620188465443e+02
-1.761859251657096479e+02
1.690193499898264804e+02
1.718698976458440200e+02
-1.782100893917539395e+02
-1.686900675259797993e+02
-1.763477772196936826e+02
-1.622995722113328156e+02
1.795724274931666002e+02
1.708033441083711068e+02
-1.638426601354120749e+02
1.783634229583832678e+02
-1.130513009164730249e+02
1.766661493384634127e+02
1.800000000000000000e+02
1.703519546839018517e+02
7.463838368815135027e+01
1.758403577062873637e+02
-1.736056022347724195e+02
-1.697860270149295161e+02
1.702382252249577448e+02
-1.543407354830326597e+02
1.655297058999341289e+02
-1.722522279638918690e+02
1.746742593752322819e+02
7.112545024179668474e+01
-1.780079064270335607e+02
1.743907255535542049e+02
-1.718698976458440200e+02
1.800000000000000000e+02
-1.770792784789996119e+02
1.800000000000000000e+02
1.795185341941616457e+02
-1.565014343240479207e+02
-1.684653793463552915e+02
1.741736579704442534e+02
1.790122396003601750e+02
-1.769552215558060198e+02
-1.744006606634794423e+02
1.763861192479963620e+02
-1.694084722520286448e+02
-1.710273733851036013e+02
-1.673474434994420221e+02
1.723666694127686867e+02
-1.447275785514016206e+02
1.017251120151650809e+02
-1.788465495488946431e+02
-1.772993706626047299e+02
1.785185428291129313e+02
-8.071644719473866303e+01
1.800000000000000000e+02
-1.758023316428390785e+02
-1.731363080853729457e+02
-1.731363080853729457e+02
-1.771612121589946298e+02
-1.645479893588703248e+02
1.800000000000000000e+02
-1.779904461869788577e+02
1.557460802756833971e+02
-1.794743653935423993e+02
1.765317707410828802e+02
1.510599873071606396e+02
1.716492474676686015e+02
-1.187261306653043675e+02
-1.761859251657096479e+02
1.684193808177718950e+02
1.800000000000000000e+02
-1.789583733239900312e+02
1.571954595286789527e+02
-1.769552215558060198e+02
1.076046333366639942e+02
1.762915718428695584e+02
1.732110254255612176e+02
1.759143832200251154e+02
1.800000000000000000e+02
1.599689873191022684e+02
-1.782986453946738834e+02
-1.594439547804165329e+02
1.760817511359326204e+02
-1.726809806244095853e+02
1.703401069215576911e+02
1.749305798673875074e+02
1.800000000000000000e+02
1.738999400396783415e+02
1.800000000000000000e+02
1.773245733439708545e+02
-1.553084418365219506e+02
-1.793904934233248127e+02
1.746607631962624225e+02
1.782211996843261375e+02
1.674245345002555894e+02
-1.762218022928384187e+02
1.762786867352502611e+02
9.000000000000000000e+01
1.613784206335124338e+02
-1.766335393365701805e+02
1.682118167008923706e+02
1.755635255143426434e+02
-1.753645365730973538e+02
1.314964683552155691e+02
1.782773379283771931e+02
1.664874693642139789e+02
-1.649536081678014909e+02
1.569605640200964842e+02
1.511275758259598092e+02
1.725930878715047641e+02
1.666607510966366021e+02
1.747718081147276621e+02
-1.786468080462203147e+02
-1.742513365827122414e+02
1.734801982483430152e+02
1.729834982552770839e+02
1.350000000000000000e+02
-8.576360520094115714e+01
1.776140559696112007e+02
1.759958270592906047e+02
-1.717872198107141344e+02
1.771936297482117766e+02
1.800000000000000000e+02
1.681901170429717638e+02
-1.719267951241747880e+02
1.694919778597675872e+02
-1.574667499209957384e+02
-1.679977051012162974e+02
1.740194004752365515e+02
-1.789583733239900312e+02
-1.623238913013465208e+02
1.756347422649720613e+02
-1.793904934233248127e+02
-1.782239557466412521e+02
1.757636052009411856e+02
1.686900675259797993e+02
-1.757809046507515518e+02
1.701541776321474231e+02
1.681113419603720445e+02
1.800000000000000000e+02
-1.781912606775079553e+02
-1.781720317556950022e+02
1.800000000000000000e+02
-1.657685416843573876e+02
-1.781912606775079553e+02
-1.765466837494689116e+02
1.732243438306010148e+02
1.800000000000000000e+02
-1.718698976458440200e+02
1.766050764578817507e+02
-1.655297058999341289e+02
9.594686305397350168e+01
1.707889734591833530e+02
1.750540334528958510e+02
-1.760995062576181169e+02
1.691917690596802117e+02
1.732338251774469313e+02
1.698244891569567869e+02
-1.753893506813394083e+02
