-1.679234436147242207e+02
1.435117051384247020e+02
-1.735041981545823546e+02
1.793969088056194607e+02
1.766514051855431262e+02
-1.791048262897889458e+02
-1.735956472736158673e+02
1.768361163811192682e+02
1.626883538911534117e+02
9.404448557418110966e+01
1.776386253418243939e+02
8.232378524643944218e+01
1.739333669263948821e+02
-1.771375947738882530e+02
1.694152918250390485e+02
-1.767449786116042389e+02
-1.782007242758659515e+02
-1.691031092446745276e+02
1.679247114168064741e+02
-1.788821754176138938e+02
1.653901805702728609e+02
-1.782901859558584761e+02
1.678069655244930232e+02
1.736263606341225056e+02
1.646300602492219980e+02
-1.707273982227997067e+02
-1.723275884002204634e+02
1.733071246421659168e+02
-1.703573612212307467e+02
-1.721799740026357028e+02
-1.748055710922652111e+02
1.670053832080834866e+02
-1.736914109974451321e+02
1.768675348014319866e+02
9.000000000000000000e+01
-1.763177259376947177e+02
1.770015328603055593e+02
1.671826317672048390e+02
1.779441112149953312e+02
-1.763861192479963620e+02
1.728380662725002139e+02
1.561444558933156372e+02
-1.742894068625003570e+02
-1.704890396207093772e+02
1.750728900523509992e+02
-1.789241493792087283e+02
1.711523215794754265e+02
1.690037274191125789e+02
2.683775159468984484e+00
1.800000000000000000e+02
-1.794645410144354685e+02
-8.688656125194277990e+01
-1.567676862533342899e+02
9.091421676044899414e+01
-1.774489049109990617e+02
-1.766335393365701805e+02
1.759858243045889594e+02
1.773120310343964263e+02
-1.764708097006329695e+02
-1.755205395476497188e+02
1.800000000000000000e+02
1.655201851656393615e+02
1.783555967353049141e+02
-1.787811247648687072e+02
-8.940319054877082294e+01
1.755328409386107182e+02
1.647183922653051980e+02
1.660336293992802155e+02
-1.779545915111127954e+02
1.791319485502544637e+02
1.742109911548276671e+02
1.754662088540154343e+02
1.794517317636958182e+02
1.716113110994399449e+02
-1.762810060268419647e+02
-1.788484811060362460e+02
-1.779010940667964462e+02
1.667151335150978184e+02
1.675645584974723477e+02
1.754711757630674640e+02
1.800000000000000000e+02
1.722223621098706872e+02
1.734633663512029216e+02
1.790906195508008523e+02
-1.718698976458440200e+02
-1.660366518865252203e+02
-1.736305607938876960e+02
-9.224574256589507115e+01
1.767295120768164338e+02
1.748545418320611873e+02
1.788248667627606494e+02
1.695861745290108047e+02
1.767713521303643915e+02
-1.749497715751672047e+02
-1.779649655431400959e+02
-1.762733550767607369e+02
1.769434195518505533e+02
-1.722468381254411725e+02
-1.763670492605118056e+02
-1.754031924702905485e+02
1.763670492605118056e+02
1.770157178564066385e+02
-1.782554901584111064e+02
1.015466905459273192e+02
1.710850730428521445e+02
1.757411538778296460e+02
-1.736876352453519416e+02
1.742609015019104106e+02
-1.797061780653492917e+02
-1.777454250340649651e+02
1.742894068625003570e+02
-1.754139011038291471e+02
-8.449105030178394315e+01
-1.763477772196936826e+02
1.658931952629269233e+02
-1.735301800148268114e+02
1.749262952699370430e+02
-1.771087304037794468e+02
-9.304477844419399446e+01
1.777652011412611444e+02
1.797163598442421915e+02
1.740222264076393515e+02
1.788426669318704967e+02
1.617345648230550808e+02
1.748301721124421704e+02
9.149954703797763500e+01
-1.788655783690230123e+02
-1.750679125717351496e+02
-1.736598082540901089e+02
2.822429362708571143e-01
1.790954049662673242e+02
-1.754031924702905485e+02
1.719106195860470052e+02
1.775318820861714642e+02
-1.790857832395510059e+02
1.800000000000000000e+02
1.721003083857347633e+02
1.781523897340053963e+02
-9.617806490212832671e+01
-1.722881075873411021e+02
1.733407927338631964e+02
1.755813795330108462e+02
-1.797419126486638277e+02
-1.760443545196158368e+02
1.772736890060937469e+02
-1.751894138056343593e+02
1.800000000000000000e+02
1.747099187946287486e+02
1.800000000000000000e+02
-1.774234281697311530e+02
-1.767602997038978856e+02
1.791615850255978728e+02
-1.763477772196936826e+02
-1.726476206401076468e+02
-1.770574795436313877e+02
-4.121927414023224823e-01
1.760638338873100111e+02
-1.762053277316842355e+02
1.611818075314432406e+02
1.773709181143613591e+02
-1.761265102756554199e+02
-1.757531573929765329e+02
1.797612689669010990e+02
-1.775838897143187012e+02
1.800000000000000000e+02
1.754057466687335989e+02
1.800000000000000000e+02
1.739041384554041940e+02
-1.780054306987581469e+02
-1.781088452983146340e+02
1.761663234629119188e+02
-1.734801982483430152e+02
-1.770185387800177921e+02
1.783070215623710908e+02
-1.770711418003069184e+02
-1.736034147885278003e+02
-1.735301800148268114e+02
1.772606642780814354e+02
-1.797191405853166088e+02
1.794767654178158125e+02
-8.609318361589657798e+01
1.783397176310171801e+02
1.766486689320762480e+02
-1.742894068625003570e+02
-1.788426669318704967e+02
1.761120904391669342e+02
1.783555967353049141e+02
1.728380662725002139e+02
1.749497715751672047e+02
-1.676972736747572981e+02
-1.729100698558447959e+02
6.035282396612251077e+00
-1.747047870633828666e+02
-1.795060831013812503e+02
-1.714308581201623554e+02
-1.788722759741413029e+02
-1.725429448597647024e+02
-1.748315320236617083e+02
-1.754356471734625984e+02
-1.779228252348372052e+02
1.730250704840038622e+02
-1.757636052009411856e+02
1.724605548604907028e+02
1.735225402380580704e+02
1.774738830883804610e+02
-1.767210137411455833e+02
-1.745731875014271850e+02
-8.749837718571824041e+01
-1.711456918116781765e+02
1.776507213525198665e+02
-1.792151753970080961e+02
1.698753283446021953e+02
-1.764384669110368975e+02
-1.746854543300552507e+02
1.695085229876684139e+02
-1.788248667627606494e+02
1.722079219217815762e+02
1.767449786116042389e+02
-9.000000000000000000e+01
1.733618187070525778e+02
1.782642954110716289e+02
-1.794093427853533171e+02
-1.784306451952510315e+02
-1.726632261904539121e+02
-1.709768702871093353e+02
-1.797592628472782224e+02
-1.791001402850956197e+02
1.717120584321421575e+02
-1.789291755452130417e+02
-1.772736890060937469e+02
-1.687893668711233488e+02
-1.778286882090851861e+02
-9.313966014782027969e+01
-1.739909940425054629e+02
-1.607908310121499369e+02
1.741736579704442534e+02
1.739623174785771198e+02
1.794212744343922452e+02
-1.730616141946637754e+02
-1.773855704034045573e+02
1.738533743403533265e+02
-1.768519039004372644e+02
-9.259186670523500595e+01
-1.777542574341049146e+02
-1.758078063721247020e+02
1.784234499448162694e+02
1.786295489822003901e+02
-1.769335144988741035e+02
-1.720628119993770611e+02
-1.702175929681927187e+02
1.767078528870039804e+02
-1.792292512546080161e+02
1.800000000000000000e+02
1.710406270928276626e+02
-1.699920201985586914e+02
1.746441749571448270e+02
-1.749820203613654428e+02
1.763380644244802227e+02
-1.788248667627606494e+02
-1.770339591100128871e+02
-1.767078528870039804e+02
-1.792494432036357352e+02
-1.795165027891097509e+02
-1.774362297885350017e+02
-1.777320454640941705e+02
-1.754860115419987210e+02
1.770792784789996119e+02
-1.700958167870261093e+02
-1.754860115419987210e+02
-1.698860478542082717e+02
-1.782717723495014468e+02
-1.602118592232982905e+02
-1.783235289531932608e+02
-1.761859251657096479e+02
1.791776290200018309e+02
-1.785236314901869150e+02
-1.788126926842711839e+02
1.777432060735489472e+02
-8.110414303033670080e+01
1.789241493792087283e+02
1.751943987565310294e+02
1.791696845137419984e+02
1.769872124958166637e+02
1.737965520983081831e+02
1.738219350978716591e+02
-1.779079337205198499e+02
-1.763861192479963620e+02
-1.655043500469590185e+02
-9.252611691161955321e+01
1.781608591765916287e+02
-1.790371363743637971e+02
-1.797519678718435046e+02
1.754790421004185816e+02
1.733618187070525778e+02
-1.774861897638222672e+02
1.748055710922652111e+02
-1.704030755818532725e+02
1.797218673327036527e+02
1.738953151230711285e+02
1.705376777919743745e+02
-1.749078848755010540e+02
1.744470289669631882e+02
9.000000000000000000e+01
1.800000000000000000e+02
-1.739275435927923183e+02
-1.791696845137419984e+02
1.800000000000000000e+02
1.737227015104024304e+02
-1.797284580543154675e+02
1.748330510803322682e+02
-1.775762286558864389e+02
1.768743246650611809e+02
1.704978059963834198e+02
-1.774886367328369374e+02
1.800000000000000000e+02
1.791275428770979943e+02
1.664389475992827840e+02
1.788065105760179847e+02
-1.792115757375598832e+02
1.581985905136481847e+02
-1.749401311537359049e+02
-1.711702553320909317e+02
1.672756443145776473e+02
-1.750775818128639969e+02
