-9.902761295071510972e+01
1.790684434019225364e+02
-1.690193499898264804e+02
-1.543301225331330784e+02
1.632101696288152652e+02
1.727697573607484287e+02
1.639797076979288022e+02
9.101397872278531054e+01
1.800000000000000000e+02
1.568014094863518153e+02
-1.591253531735499678e+02
1.567270959359180154e+02
1.569605640200964842e+02
-9.162114591365340743e+01
1.770492208909936664e+02
0.000000000000000000e+00
-1.773775985394589156e+02
1.791636246745775907e+02
1.788766972859245641e+02
1.782100893917539395e+02
1.789949139947458150e+02
1.258111639226412279e+02
1.504463163676925603e+02
1.786140821491877944e+02
-1.744724598483438456e+02
1.762786867352502611e+02
8.939690880561947495e+01
-1.751864491062934803e+02
1.575367875105928590e+02
1.700419294015390221e+02
-1.055241109967542599e+02
1.615650511770780042e+02
-1.691144729453412765e+02
1.789860212772147179e+02
1.643050758565799754e+02
8.458813084768297585e+01
-1.790451587461278109e+02
1.019761324442033583e+02
1.778590986336768935e+02
-1.794694986833262078e+02
-1.015346206536447227e+02
1.687992022121155742e+02
1.743405181598375293e+02
-1.189400126928393604e+02
-1.529044475062482036e+02
-1.769335144988741035e+02
-1.772736890060937469e+02
1.725930878715047641e+02
1.701541776321474231e+02
-6.874949449286675929e+01
-1.793969088056194607e+02
1.800000000000000000e+02
-1.771658889836934918e+02
1.751965142409309237e+02
7.319130837379314869e+01
1.800000000000000000e+02
1.619395280638008217e+02
1.494897625938844499e+02
1.747625239331874809e+02
-1.717927835880818463e+02
-1.741140121669717473e+02
-1.685788137250007424e+02
1.581985905136481847e+02
1.800000000000000000e+02
1.771135814561353925e+02
1.752363583092738111e+02
1.735956472736158673e+02
1.687811577187311798e+02
1.696551425185247979e+02
-1.652803402825067565e+02
1.774922982729337662e+02
1.665268418872688585e+02
0.000000000000000000e+00
1.611017530847362025e+02
1.712977762100532004e+02
1.800000000000000000e+02
1.790206803456605087e+02
1.752363583092738111e+02
1.650332804359951524e+02
-1.625820292077971487e+02
-1.688869594640516993e+02
-1.757241588873710612e+02
-1.678686789333675051e+02
-1.572349908924885256e+02
-1.608663567940945143e+02
1.256650015368617801e+02
1.400796078600145620e+02
-1.752363583092738111e+02
8.587770218821636092e+01
1.645965750375303855e+02
-1.775940294833546886e+02
1.736598082540901089e+02
-1.629371428265386328e+02
1.495344550805401411e+02
1.738298249049703941e+02
-1.739275435927923183e+02
-1.641288213885430025e+02
1.732243438306010148e+02
-1.795993367442078466e+02
1.758403577062873637e+02
1.768201698801357509e+02
1.727159763455831580e+02
1.610889199254361586e+02
-1.588752808539275065e+02
1.723758074955481732e+02
-1.795965152649412460e+02
1.163363399894043759e+01
-7.506858282186244935e+01
1.800000000000000000e+02
1.630507757661785604e+02
-1.753800765183395924e+02
-1.794543424065842885e+02
1.041576326496772396e+02
-1.779098408462893133e+02
-1.790371363743637971e+02
-1.714692343900518665e+02
-8.313630808537295991e+01
1.717927835880818463e+02
-1.794594898128693501e+02
-1.686078641684472927e+02
1.716167515190706467e+02
-1.512133816899859653e+02
9.598495231511540737e+01
-8.540574666873361309e+01
1.638986976008415866e+02
-1.118014094863518153e+02
1.789949139947458150e+02
-1.768201698801357509e+02
1.666754687381092310e+02
-8.879395122078004476e+01
1.726139568487327551e+02
1.651630912384393355e+02
-1.783939970107177544e+02
-1.731025724422482597e+02
1.800000000000000000e+02
-1.791185960034178777e+02
1.656772800217964630e+02
-1.748055710922652111e+02
-8.638611924799636199e+01
-1.694722138800364348e+02
9.392590770368397557e+01
1.800000000000000000e+02
-1.683262896871152350e+02
-1.688708107103888096e+02
-1.704554744344418680e+02
-1.746854543300552507e+02
1.744885225839794032e+02
1.478937440448821690e+02
-1.728065299447044652e+02
-1.014271015939451388e+02
1.796021190381654264e+02
1.633549617853240647e+02
-1.708376529542782976e+02
1.729210783953877808e+02
-1.782816419983445542e+02
1.649695694765667326e+02
1.495344550805401411e+02
1.651184702968594422e+02
8.392754359279230414e+01
1.710028565789349386e+02
1.564051794301185225e+02
1.743296426561061310e+02
1.788982938847936452e+02
-1.787174729172898253e+02
1.761214754971522893e+02
1.504612177404419242e+02
6.289187712919822815e+01
1.795060831013812503e+02
1.800000000000000000e+02
1.749993554024415516e+02
-9.435697500584629438e+01
-1.769644308749444406e+02
3.209486317791986121e+00
-1.746854543300552507e+02
-1.635778125016847184e+02
1.795659493678606111e+02
1.800000000000000000e+02
1.795692127829913716e+02
-8.849256424122503972e+01
-1.733584808619884541e+02
1.769606004310730896e+02
-1.778983456723287304e+02
1.779690857631468930e+02
-1.045163294398869702e+01
-1.785797344536009632e+02
1.778389205117736367e+02
1.443954660195668964e+02
1.754057466687335989e+02
1.676609127216738102e+02
1.515043613817550181e+02
1.515178142529595959e+02
1.596607778873477912e+02
-1.742454346688978148e+02
1.683312259996310445e+02
1.717976457553744183e+02
1.782100893917539395e+02
1.709285024228228451e+02
1.800000000000000000e+02
-1.782100893917539395e+02
1.800000000000000000e+02
-1.754425809802860101e+02
-1.728749836510982050e+02
-1.701341930569156489e+02
-1.652803402825067565e+02
-1.736184394674065459e+02
-1.779904461869788577e+02
-1.790036521034950567e+02
1.779545915111127954e+02
-1.783316625517066996e+02
-1.788876003837022211e+02
-9.077422016492806733e+01
-1.665618118416493587e+02
1.642752542772525999e+02
-1.784792303388562402e+02
1.703802722003011638e+02
-1.689704687760195441e+02
1.770390638658362548e+02
1.341574757392596098e+02
1.794382946674334391e+02
-1.697960262782683287e+02
-1.761859251657096479e+02
-1.496357289998396709e+02
-1.717872198107141344e+02
1.774664411116054339e+02
1.761287437680143739e+02
1.660922221901452929e+02
1.670740008752940469e+02
-1.790608090542644391e+02
1.794212744343922452e+02
-1.692541427704221633e+02
1.734373014910625557e+02
0.000000000000000000e+00
-1.760740922963160244e+02
-1.785558744690641788e+02
-1.781523897340053963e+02
-1.777974018382342081e+02
1.708529196151248470e+02
1.773775985394589156e+02
1.668835638746085408e+02
5.875307058652304448e+01
1.622995722113328156e+02
1.640546040990771246e+02
-9.472445169717087765e+01
1.676609127216738102e+02
-1.759998142394869092e+02
1.393987053549955419e+02
-1.769552215558060198e+02
-7.913594007791228080e+01
1.707538872544367621e+02
1.800000000000000000e+02
-9.554531730886203889e+01
1.753331416285610089e+02
-9.765770969371388333e+01
1.800000000000000000e+02
-1.061013023991584276e+02
-1.776140559696112007e+02
-1.751634165542646997e+02
1.493493320429471396e+02
1.779174347202691422e+02
1.795060831013812503e+02
3.468229258917147728e+00
-8.102737338510361553e+01
-8.939049342332481274e+01
-1.787363274483417399e+02
1.780908475670036353e+02
-1.725930878715047641e+02
-1.699309373011105606e+02
-4.275841112628942398e+00
1.715910882673993001e+02
1.707273982227997067e+02
1.716213274937844346e+02
1.715183942059706510e+02
1.779047474353761515e+02
1.800000000000000000e+02
1.077446716250569239e+02
-1.764513180260955494e+02
1.800000000000000000e+02
-1.750540334528958510e+02
-1.795755945806385228e+02
-1.782986453946738834e+02
1.800000000000000000e+02
1.545922818910515559e+02
-1.741797079220284061e+01
1.534341499700768718e+00
-1.459925075802677554e+02
1.784413157937891867e+02
-1.684951846737411927e+02
2.558152925793888599e+01
1.734373014910625557e+02
1.763086140135487199e+02
-1.651413855520753486e+02
1.785797344536009632e+02
1.800000000000000000e+02
-1.793904934233248127e+02
1.733792239176850103e+02
-1.784925642412250397e+02
-1.796048629574925144e+02
-1.299575489308290912e+02
1.749868862449641824e+02
1.800000000000000000e+02
-1.615650511770780042e+02
-1.747691928244468045e+02
1.741303995569853100e+02
-1.791048262897889458e+02
1.526222972286682875e+02
1.704596181951573612e+02
-1.612413496521577656e+02
1.800000000000000000e+02
1.800000000000000000e+02
-1.777974018382342081e+02
-1.693236443173042005e+02
-1.474960110444374948e+02
-1.739909940425054629e+02
1.725457011872515523e+02
-1.679052429229879237e+02
1.660831225666987336e+02
-3.366460663429801325e+00
-1.757858214772659551e+02
1.697348595397862994e+02
1.800000000000000000e+02
-1.752755483028291223e+02
1.776531257075127144e+02
1.725497509313438229e+02
-1.623238913013465208e+02
