1.572936291596940919e+02
1.276352537550173594e+02
-1.742894068625003570e+02
-1.691596945456694527e+02
-1.781373790506933403e+02
1.790759546472272916e+02
1.708698235177213292e+02
-1.696551425185247979e+02
-1.728114628572633649e+02
1.657189042640291916e+02
-1.679351155894745773e+02
1.677352262721076102e+02
-1.665513849483134834e+02
-1.776862775021757841e+02
1.754752315271658176e+02
1.508323866204221986e+02
1.663730051401084893e+02
1.734000830180861215e+02
-1.794327335901420781e+02
1.519983651873635893e+02
1.628544490811382843e+02
1.685728984060548612e+02
-1.782986453946738834e+02
1.710505419157911149e+02
9.000000000000000000e+01
-1.768201698801357509e+02
-1.744278021960361968e+02
8.611209043916691996e+01
1.679694039034621369e+02
-1.681579238846722433e+02
-1.766050764578817507e+02
-1.782642954110716289e+02
1.795416435419995764e+02
-1.717028550301631356e+02
1.682176748655376741e+02
1.622842072936230693e+02
1.800000000000000000e+02
1.750106374303578036e+02
-8.834769532234868450e+01
-1.699089427611110921e+02
-1.683814756472053489e+02
-1.771135814561353925e+02
1.612001148413473288e+02
-1.678762617522106098e+02
-1.771375947738882530e+02
-1.775283352383665942e+02
-1.732243438306010148e+02
-1.682543665747120656e+02
-1.777245435617458043e+02
-1.696951535312339843e+02
1.738298249049703941e+02
-1.004202363552951027e+01
1.733255309528824455e+02
-1.417098368077569148e+02
-1.794031905487708229e+02
1.736056022347724195e+02
1.747528610983835620e+02
-1.769872124958166637e+02
-1.724436559435605432e+02
-1.794694986833262078e+02
-1.776140559696112007e+02
-3.964654722856122859e+00
-1.717872198107141344e+02
-1.772736890060937469e+02
1.655475717489070178e+02
1.728157326075731532e+02
-1.704399035191136988e+02
-1.768492835867322697e+02
1.800000000000000000e+02
1.635295715603914175e+02
-1.628972710309476213e+02
1.714247673601647932e+02
-1.774922982729337662e+02
1.709982448774387080e+02
1.766580561427388716e+02
1.722079219217815762e+02
1.794791436254980397e+02
1.647919608093646673e+02
-1.777974018382342081e+02
-1.774142056575755362e+02
1.794437477729193233e+02
1.757636052009411856e+02
-1.642611985625505611e+02
-1.695483670560113296e+02
1.623498757800698797e+02
-1.795185341941616457e+02
-1.615650511770780042e+02
-1.783316625517066996e+02
1.638426601354120749e+02
-1.790371363743637971e+02
-1.775283352383665942e+02
-1.769606004310730896e+02
-1.782510539554457694e+02
1.704068657372696691e+02
1.773162248405310208e+02
-1.707164471947386630e+02
-1.769872124958166637e+02
1.636104596659652373e+02
1.722079219217815762e+02
1.800000000000000000e+02
-1.752363583092738111e+02
-1.749575489308290912e+02
1.800000000000000000e+02
-1.727367552594154461e+02
-1.783788540863465926e+02
-1.639888225211915369e+02
-1.794645410144354685e+02
1.708194580423738387e+02
1.794093427853533171e+02
-1.748055710922652111e+02
1.749427514674408712e+02
1.795558555668880558e+02
1.727367552594154461e+02
1.547988763545249356e+02
1.569605640200964842e+02
1.747625239331874809e+02
1.800000000000000000e+02
1.608663567940945143e+02
1.645965750375303855e+02
1.203432488842395855e+02
1.628972710309476213e+02
1.702175929681927187e+02
-1.746106882400266045e+02
-1.737131066382635254e+02
1.759143832200251154e+02
1.742894068625003570e+02
1.626759104600290300e+02
1.783939970107177544e+02
1.800000000000000000e+02
-1.776626941408761979e+02
-1.794929709390852395e+02
-1.722596588411620928e+02
-1.786028189727036306e+02
1.793969088056194607e+02
-1.667014296695057283e+02
1.752798630689564447e+02
1.628544490811382843e+02
-1.784656585002992415e+02
-1.717536791855314675e+02
-9.295077910900636198e+01
-1.767526572096770963e+02
1.606258602313424149e+02
1.708194580423738387e+02
1.651735200296443224e+02
1.775889702533887942e+02
1.722348339815746670e+02
-1.703401069215576911e+02
1.563420030012373161e+02
1.763915311474336534e+02
1.794974183332789721e+02
1.124098373714932677e+02
1.661028236849846564e+02
-1.632016282186947080e+02
1.736056022347724195e+02
-1.748055710922652111e+02
1.760353452771438754e+02
-1.687893668711233488e+02
1.672424678391233499e+02
-1.758295634751578973e+02
1.598803668591817200e+02
-1.757411538778296460e+02
-1.669708051920562752e+02
-1.673578476721101538e+02
-1.775283352383665942e+02
-1.646383836881513503e+02
6.448612957246575661e+01
1.760353452771438754e+02
-1.731765376009664692e+02
1.606154843206421674e+02
1.795488614532127372e+02
-1.706334900429878871e+02
-9.844752724790846798e+01
1.790977788384698499e+02
-1.688048885737000262e+02
1.656889587373935910e+02
-8.152885536698516944e+01
-1.638774012222828276e+02
1.304752315271658176e+02
1.663730051401084893e+02
-1.761859251657096479e+02
1.510258674484497874e+02
9.346822925891714817e+01
1.699668794456688374e+02
1.773974377975002028e+02
1.756430249941537056e+02
-1.676446401349165001e+02
-8.853119928561417851e+01
1.674711922908484780e+02
1.425729486405433875e+02
-1.671249984403875146e+02
1.097326894996610065e+02
-1.615650511770780042e+02
1.729332702835989153e+02
1.771375947738882530e+02
1.800000000000000000e+02
-1.749575787718643127e+01
1.519275130641470639e+02
1.800000000000000000e+02
-1.702382252249577448e+02
1.610609957397599317e+02
1.740938588862294978e+02
-1.774438499214217018e+02
1.780908475670036353e+02
-1.788876003837022211e+02
1.793904934233248127e+02
-1.741736579704442534e+02
-1.741736579704442534e+02
1.757411538778296460e+02
1.493493320429471396e+02
-1.412590363051222653e+02
-1.764862497393950491e+02
-1.668490513190552917e+02
-1.714391104288353915e+02
1.709867956443572723e+02
-1.570112831979193686e+02
1.658157057517291832e+02
-1.658329444773688124e+02
-1.650942414764450064e+02
1.008501046297973716e+02
1.800000000000000000e+02
-1.689964591482504943e+02
-1.746441749571448270e+02
-1.752852454812950498e+02
-1.788426669318704967e+02
1.711479959006105673e+02
-1.795787150958314271e+02
-1.782100893917539395e+02
1.794838357702351743e+02
1.712926297284795965e+02
1.764604408314500574e+02
1.636639571102815296e+02
-1.632497354949742885e+02
-1.794791436254980397e+02
-1.738448316567260008e+02
1.766615294562356553e+02
1.457131230227910521e+02
1.734180553448219939e+02
1.776721849109588618e+02
1.653791260113683563e+02
1.764552335444051323e+02
1.788426669318704967e+02
1.644501958302984121e+02
1.681663546938393381e+02
1.773281354067274265e+02
-1.672928864986834014e+02
1.633007557660064037e+02
-1.654034244745058402e+02
-1.753331416285610089e+02
-1.791384742654327624e+02
-1.733547217897256019e+02
-3.887909560833071598e+00
-1.699630975460364937e+02
-1.765466837494689116e+02
-1.659637565320735177e+02
-1.745881308476829759e+02
1.771658889836934918e+02
-1.674711922908484780e+02
1.527713208229087627e+02
1.747528610983835620e+02
-1.678557219504330078e+02
-1.749078848755010540e+02
1.790036521034950567e+02
9.894538183353895988e+01
1.774886367328369374e+02
1.789291755452130417e+02
-1.571954595286789527e+02
1.784925642412250397e+02
-1.703878852456340951e+02
-1.723666694127686867e+02
1.800000000000000000e+02
-1.725457011872515523e+02
1.783634229583832678e+02
-9.412759170251173657e+01
-1.775104470780008512e+02
-1.676446401349165001e+02
-1.678729089650698825e+02
-1.760740922963160244e+02
-1.749575489308290912e+02
-1.187059525434010965e+02
-1.745076754428725678e+02
1.481575427400148328e+02
-1.762218022928384187e+02
-7.252522574374432907e+01
-1.766335393365701805e+02
-1.782465951399284450e+02
1.778183585964485189e+02
1.789860212772147179e+02
1.677576688011255897e+02
1.614089322732197047e+02
1.531659565292255252e+02
-1.624744316262771235e+02
1.743405181598375293e+02
-1.777760387596145506e+02
-1.663570852240099214e+02
1.739382112112713799e+02
-8.789834567232871620e+01
1.716167515190706467e+02
1.604782697240798086e+02
-1.781671604940579527e+02
1.345817900585028895e+02
1.018643904512811389e+02
-1.672424678391233499e+02
-1.786028189727036306e+02
1.762218022928384187e+02
-1.062602047083119601e+02
1.581265203887488155e+02
-7.289727103094763550e+01
-1.790977788384698499e+02
1.614045592172433885e+02
-1.762570117043128732e+02
1.542306723756612712e+02
7.753506715793501769e+01
9.847114463301483056e+01
-1.696181948407617597e+02
1.474395620188465443e+02
1.479946167919165134e+02
1.794153694792948386e+02
1.642075964711427218e+02
1.737227015104024304e+02
-1.762786867352502611e+02
1.478750015596124854e+02
-1.731909498203866065e+02
1.709252419789913233e+02
-1.536623118339125824e+02
