1.764964683552155691e+02
1.757493454253487926e+02
1.807232214895949696e+01
1.790759546472272916e+02
1.748055710922652111e+02
1.781671604940579527e+02
1.759858243045889594e+02
-1.681113419603720445e+02
-1.581142079833268212e+02
1.744724598483438456e+02
-1.795993367442078466e+02
1.740194004752365515e+02
-1.735006537203454400e+02
1.789190758133393331e+02
1.748572354421157797e+02
1.653791260113683563e+02
-1.781720317556950022e+02
1.772297842027998058e+02
-8.508821182749400691e+01
1.692157021324374284e+02
1.747528610983835620e+02
1.782211996843261375e+02
1.695922886875099493e+02
-1.690113489035060184e+02
-1.796154703404154986e+02
-9.780640082923575562e+01
-1.716625555611532832e+02
1.800000000000000000e+02
-1.785185428291129313e+02
1.723422903062861451e+02
1.784088597288054245e+02
8.464417495714481277e+01
-1.680238675557966417e+02
1.736598082540901089e+02
-1.706144817399569433e+02
9.000000000000000000e+01
-1.731025724422482597e+02
-1.774169793313649279e+02
1.775104470780008512e+02
-1.717927835880818463e+02
1.693803447238448712e+02
-1.746678411183404478e+02
1.697488012491825771e+02
-1.715288553669851694e+02
1.722129820453675393e+02
-1.660973128857794450e+02
-1.743824194098731937e+02
1.800000000000000000e+02
1.800000000000000000e+02
1.800000000000000000e+02
-1.750062560141766141e+02
-1.717872198107141344e+02
-1.754562423485328395e+02
-7.254079736437279280e+01
-1.743907255535542049e+02
1.630724869358529645e+02
1.638355008477430772e+02
-1.686900675259797993e+02
1.760353452771438754e+02
-1.679432374661673748e+02
-1.643806078612892350e+02
-1.725191138204763206e+02
-1.558126464832593854e+02
1.678208189474758569e+02
-1.751469036130076233e+02
-1.770185387800177921e+02
-1.594950205240369030e+02
-1.762570117043128732e+02
1.800000000000000000e+02
8.418437347050875985e+01
1.620874906140367386e+02
-1.756749395652615249e+02
1.741736579704442534e+02
1.628972710309476213e+02
1.740938588862294978e+02
1.794031905487708229e+02
-1.700872485532761686e+02
-9.100508600525418501e+01
9.111239961629779316e+01
-1.795965152649412460e+02
1.800000000000000000e+02
-1.795264919412650784e+02
1.654034244745058402e+02
-1.728749836510982050e+02
-8.942706130231651684e+01
-1.677842808658691354e+02
-1.632101696288152652e+02
-1.763588147420986729e+02
5.102165252358189740e+00
-1.785185428291129313e+02
1.648355391002615704e+02
1.669666436740861570e+02
8.845184230102204026e+01
-1.366602823689828199e+02
7.969610394321359870e+00
-9.768398182973396615e+01
8.713759477388825303e+01
1.621038670749607604e+02
-1.089390042602400683e+02
-1.778789036033385571e+02
1.722348339815746670e+02
1.779174347202691422e+02
1.659637565320735177e+02
1.696951535312339843e+02
-8.744384992142173019e+01
-7.727564431457763305e+01
1.786360724683970886e+02
-9.953323279003002710e+01
-1.794543424065842885e+02
1.758150838748815943e+02
-1.772736890060937469e+02
1.792838400545296054e+02
-1.303417458903244039e+02
1.662930389959201989e+02
-1.778183585964485189e+02
1.745164095555355743e+02
-1.789122361596159010e+02
1.697386252827656108e+02
1.754711757630674640e+02
-1.794838357702351743e+02
-9.729419630854086165e+01
-1.758023316428390785e+02
-1.755587588105672125e+02
1.717028550301631356e+02
-1.789190758133393331e+02
1.752852454812950498e+02
1.784825858749878762e+02
-1.751634165542646997e+02
6.628640511365908594e+01
1.664834318912086815e+02
1.500013184604715093e+02
-1.626759104600290300e+02
1.481092081981543060e+02
-1.764552335444051323e+02
-1.694481904938077150e+02
1.734678633121475571e+02
1.800000000000000000e+02
1.748055710922652111e+02
-1.743455791773592978e+02
-1.782510539554457694e+02
1.715730309785193413e+02
1.755391517414834368e+02
-1.686900675259797993e+02
-1.762173545534037089e+02
-1.715183942059706510e+02
9.723692202596801337e+01
-1.774922982729337662e+02
1.783476953223486987e+02
-1.737965520983081831e+02
8.958179005850291787e+01
-1.698244891569567869e+02
1.800000000000000000e+02
-1.784792303388562402e+02
-1.778983456723287304e+02
1.800000000000000000e+02
-1.790906195508008523e+02
9.842696902148067295e+01
1.800000000000000000e+02
-1.777320454640941705e+02
1.289275435927923183e+02
-9.000000000000000000e+01
1.766050764578817507e+02
-1.795144541699918648e+02
-7.775766880112557544e+01
1.528786965958413475e+02
-1.622553283749430761e+02
9.060950657667520147e+01
-1.736598082540901089e+02
-1.712538377374447975e+02
-1.767161377120936550e+02
1.768636416316674058e+02
1.790906195508008523e+02
-1.696951535312339843e+02
-1.788188110866733780e+02
-8.236666941276870091e+01
-1.733255309528824455e+02
-1.601447856306789674e+02
-1.680848529287349606e+02
1.750658356594399550e+02
-1.771170365474604580e+02
-1.748826851500273563e+02
-1.787939512207800590e+02
1.774438499214217018e+02
1.777320454640941705e+02
8.540945681439397674e+01
1.512400730831056883e+01
-1.783476953223486987e+02
1.599180225158192457e+02
1.759504182967286283e+02
1.634742036100743690e+02
-1.795936537666909771e+02
-1.759858243045889594e+02
1.788542371618248978e+02
1.736598082540901089e+02
1.728749836510982050e+02
1.746441749571448270e+02
1.563457866490897743e+02
1.776386253418243939e+02
1.790451587461278109e+02
-1.602239233973608066e+02
1.777974018382342081e+02
-1.772208331359279327e+02
-1.793969088056194607e+02
-1.696634458535006900e+02
-1.746678411183404478e+02
1.776909372109743117e+02
-1.762218022928384187e+02
1.488775298032080059e+02
1.707164471947386630e+02
-9.394518622903756011e+01
1.786573759734622513e+02
1.795659493678606111e+02
-1.791815445383113854e+02
-1.785679038158353649e+02
1.662284002829175904e+02
1.800000000000000000e+02
-1.527959889239303664e+02
-1.733951645032460362e+02
1.626994728080550203e+02
-1.773301102379923861e+02
1.572490236572123479e+02
-1.764604408314500574e+02
-1.758403577062873637e+02
-1.788839896085927421e+02
-1.785558744690641788e+02
-1.782986453946738834e+02
1.737227015104024304e+02
1.744724598483438456e+02
-1.765466837494689116e+02
-1.769335144988741035e+02
1.724436559435605432e+02
9.938914756133124229e+01
-1.764785466230777899e+02
-1.751354855622394950e+02
-1.717028550301631356e+02
1.696466799560705567e+02
1.783476953223486987e+02
-1.794490960207814396e+02
-1.777803444468021041e+02
1.800000000000000000e+02
1.520710212913190844e+02
-1.771375947738882530e+02
-1.795416435419995764e+02
-1.716341138759674152e+02
1.679052429229879237e+02
-1.741439864145710601e+02
1.137907738657771972e+02
1.738677775023207062e+02
1.746184529478680929e+02
1.680238675557966417e+02
8.591438322002512962e+01
1.760275040592493383e+02
-1.768778695378842940e+02
-1.740684730750802487e+02
-1.764785466230777899e+02
-1.684653793463552915e+02
-1.711041430303367008e+02
-1.720672416858279234e+02
1.794093427853533171e+02
1.678285417914125333e+02
1.800000000000000000e+02
1.709982448774387080e+02
-1.643577535427912721e+02
-1.762915718428695584e+02
1.795878072585976781e+02
-1.794382946674334391e+02
1.794884441334129690e+02
1.800000000000000000e+02
1.781159497689081945e+02
7.679207153722089174e+01
1.775889702533887942e+02
1.800000000000000000e+02
1.679885216136345605e+02
1.754057466687335989e+02
1.773162248405310208e+02
-1.606410058243052958e+02
1.758252301080875668e+02
-1.774362297885350017e+02
-1.781912606775079553e+02
-1.759958270592906047e+02
-1.765663696375494851e+02
-1.728007663616323555e+02
-1.738170698340517504e+02
-1.754260787400991433e+02
-1.723718503314192958e+02
-1.770891621738322499e+02
1.790289780689208499e+02
-1.748978347476418094e+02
1.763255004791703584e+02
-1.665268418872688585e+02
-1.707538872544367621e+02
-1.726476206401076468e+02
1.625042421228135936e+02
1.711479959006105673e+02
1.751965142409309237e+02
1.672424678391233499e+02
-8.004937331204840234e+01
-1.795659493678606111e+02
1.709982448774387080e+02
1.746678411183404478e+02
1.601045686652343534e+02
1.800000000000000000e+02
-1.744885225839794032e+02
1.791117645047602309e+02
1.671249984403875146e+02
1.623115337517672003e+02
1.652564371635292844e+02
1.708033441083711068e+02
9.059065721464666865e+01
-1.660716580608463175e+02
-1.789190758133393331e+02
-1.711041430303367008e+02
1.800000000000000000e+02
-9.691122711902468723e+01
-8.097238704928490449e+01
-1.610394165706203751e+02
-8.268098062440957108e+01
-1.571663458220824623e+02
1.752363583092738111e+02
-1.793969088056194607e+02
-1.670673916032604893e+02
-1.756384273549794273e+02
1.769872124958166637e+02
-1.757636052009411856e+02
