-1.784298784324878113e+02
-1.762730391743144480e+02
1.765830334342810772e+02
-1.765332330271344006e+02
-1.641671854222757645e+02
9.828650465179443074e+00
-1.714046078854293285e+02
-1.363045856193088810e+02
-1.799751624222595296e+02
-1.784298784324878113e+02
-1.743461324884200110e+02
1.619068051299732929e+02
1.778844675457959568e+02
8.775906724237380274e+01
-1.786957378234477005e+02
9.042878711906273281e+01
1.784854341857930535e+02
-1.679895993345233762e+02
-1.739480528102447181e+02
1.781782923041994309e+02
1.754991064155530580e+02
1.693100349730228515e+02
1.753124810639378381e+02
-1.746303580578045285e+02
-1.788847496143342255e+02
-1.735648847739559812e+02
-1.752583346483081641e+02
1.795278514801055110e+02
-1.548093464241675861e+02
-1.750116864107354502e+02
-1.699198070775310043e+02
1.763978858325002932e+02
-1.599981943322194695e+02
1.780599642968734031e+02
1.737735001071152965e+02
-1.751340596302792960e+02
1.691021758452748429e+02
-1.675321501800047201e+02
-1.698114790810236343e+02
-1.629648647737674878e+02
-1.703749030665593409e+02
1.787793375885849230e+02
1.799351834322075092e+02
-2.489841326477186187e-02
1.671236530374139022e+02
-1.697704533782088561e+02
-1.784453730140393475e+02
1.720803489784118767e+02
-1.749265429432433905e+02
9.648009033166226800e+01
-1.635675120797339446e+02
-1.652672831700551228e+02
-1.676538798225061839e+02
-1.617133221803163963e+02
1.710834568951949279e+02
-1.717240688398605357e+02
1.763556750940234110e+02
1.670790426476257267e+02
-1.733779594593316062e+02
1.696602700952836074e+02
1.026692166356091747e+02
1.619009768627012704e+02
1.789231300647822138e+02
1.006428275982227802e+02
-1.719280743674510461e+02
-1.795673610006060983e+02
-1.728743802645178675e+02
-1.780722983176536616e+02
-1.788183492268321970e+02
-1.705196908340773234e+02
1.760921310758573384e+02
-1.777343698172619213e+02
-1.637695966183819678e+02
1.735937905602080775e+02
1.528978938651707153e+02
-1.042596580798065986e+02
8.169725760081992405e+01
-1.726503595347360829e+02
-1.771729024131756773e+02
-9.437609678183213191e+01
-1.745701247086821581e+02
-1.740288977128027739e+02
-1.768302800245787978e+02
-1.770381308640752422e+02
9.144927156472178353e+01
-1.643825064199408814e+02
1.733953624443326760e+02
-1.794897919229701699e+02
-1.795673610006060983e+02
-1.736961396506158906e+02
1.667022791657849723e+02
-1.717176650505440421e+02
1.734530617216325368e+02
1.753024084514478602e+02
1.746581209187214085e+02
1.786781939601043803e+02
-1.791625144811092980e+02
1.732042512362396849e+02
-1.763927046044146891e+02
1.799262235437897175e+02
1.766650154523739218e+02
8.050096356291648192e+01
-1.608399934988943585e+02
-1.740090452166860757e+02
-1.789112722266168873e+02
-1.784726052100051845e+02
1.534846213206371317e+02
1.716931737482957487e+02
-1.726819175350715057e+02
1.785579580695635400e+02
-1.748690712000865517e+02
1.730498177548138585e+02
1.715335160385444340e+02
-1.793651235931970405e+02
-1.794670406610073883e+02
-1.779557986420364841e+02
1.777448567459742890e+02
1.660233051248883100e+02
1.741766428381580170e+02
1.627567533856758928e+02
1.709968971242257112e+02
1.728793075688820409e+02
1.693073334835823971e+02
8.692827640078120055e+01
-1.732512464434736614e+02
1.771095431784035839e+02
1.716931737482957487e+02
1.681040361367795697e+02
-1.756658114429068007e+02
1.799737754949181294e+02
-1.658926549642047803e+02
-1.584759513025159379e+02
1.736788117286405679e+02
-1.759330841253459141e+02
-1.053768503374861325e+02
1.724750132840268577e+02
-1.599914112178428240e+02
1.735285535611848502e+02
-1.242922308616616363e+02
1.778427947191869407e+02
-1.611642696307076505e+02
-1.734700992257086511e+02
-8.194800145457158180e+01
1.742009916544981536e+02
1.793634858824308367e+02
-1.708714183794777455e+02
1.017581278746255720e+02
1.735889930344013976e+02
-1.683218426931644558e+02
-1.693463676213221447e+02
1.713998450885094940e+02
8.783367307828538628e+01
1.705854240136073940e+02
-1.747271565884913969e+02
1.745695574670353096e+02
1.779660802348466007e+02
8.194763166488152706e+01
1.408123067233639745e+02
-1.793761338978772244e+02
-1.794211114528925464e+02
-1.778392823740142035e+02
-1.790006785824938618e+02
-1.743247060535490789e+02
-8.825170585291492387e+01
1.561460692187988855e+02
1.647890934313176956e+02
-1.717724888506559182e+02
1.794930717448509654e+02
-1.603017637028408728e+02
1.721177353443130187e+02
-1.765460117201518528e+02
9.402381488614064153e+01
1.755287479736416856e+02
1.734803523555612514e+02
-1.750362885025854212e+02
8.604538956508899616e+01
-1.759753527543088580e+02
-1.095063919753353820e+00
-1.657614391143843875e+02
1.747307795186931969e+02
1.698973352337517042e+02
1.781420576599097956e+02
-1.770663448909787689e+02
1.781885896192604264e+02
-1.703234855710384466e+02
1.757546555729533111e+02
-1.782733892574380832e+02
-1.757228455960416511e+02
-1.764230325182692241e+02
1.588494771021877341e+02
1.682706762057300125e+02
8.997838117707495087e+01
-1.649767209821817460e+02
-1.737024304634860528e+02
-1.741785565960507824e+02
-1.753897466083087409e+02
-1.781250636417231874e+02
-1.735524952454274228e+02
-1.769790952954488148e+02
-1.795842178972062015e+02
-1.730599998117388338e+02
9.801170922324273249e+01
-1.740030746747255535e+02
-1.675321501800047201e+02
8.692515183097168574e+01
1.193764113794636188e+02
-1.787904382303332511e+02
-1.792526723510101476e+02
1.724399241069001505e+02
1.779796395589516180e+02
-1.793651235931970405e+02
1.681676090555938003e+02
1.731031868818577948e+02
-1.715287777512513117e+02
1.115978750851188295e+02
9.245962645222539322e+01
-1.580612635714635417e+02
1.640389197986108911e+02
1.754536864078688723e+02
-1.740032588870190295e+02
-1.734728689457812436e+02
-1.762624250322459716e+02
1.605806646956268366e+02
-1.738876384353619926e+02
1.383062218347793930e+02
-1.790576802139219126e+02
-9.291001030689352547e+01
-1.706039128860086009e+02
1.767334250280289325e+02
-1.734462496921615866e+02
-1.460802715929283693e+02
1.784038839467297919e+02
-1.663804554643499216e+02
1.739041384554041940e+02
-1.794159289421169206e+02
1.550239462469284035e+02
-1.795423919534765957e+02
1.756559353228494160e+02
-1.687304419332978398e+02
-1.789274318136897932e+02
1.613324506309649848e+02
-1.755470593452012054e+02
-1.714565272127284743e+02
-1.763405419579673321e+02
1.785697848946459771e+02
1.775599951255913140e+02
-1.773539911043272923e+02
1.769157781916765941e+02
1.794859351409838268e+02
1.773794266681283602e+02
1.718857164691619062e+02
1.606279127658671939e+02
1.716526073327625568e+02
1.753387520027619075e+02
-1.768010242452073157e+02
-1.753673731043507189e+02
-1.726934282367978426e+02
1.656789432169515521e+02
1.456723620822250211e+02
1.737922327783379899e+02
1.743206157604423652e+02
1.713496223917500458e+02
1.716804718245696790e+02
1.785086283321547853e+02
-1.771511436703846130e+02
1.781191532380821343e+02
-1.784447964795124051e+02
1.788753168134431917e+02
1.795318295845788725e+02
-1.757507778400461405e+02
1.737689548427694604e+02
1.748191219228997682e+02
-1.771729024131756773e+02
1.503755568162564202e+02
-1.705252392619351838e+02
-1.202840504016694041e+02
9.352421517023286412e+01
1.796001128663564259e+02
1.776110524447440184e+02
-1.785507284352782449e+02
1.781821782349163641e+02
-1.547875440545184347e+02
-7.962292221667658509e+01
-1.768802013589308615e+02
-1.688958904440678737e+02
-1.758421346053439720e+02
1.785337078869657148e+02
-1.659102417438073758e+02
-1.733705803061945403e+02
-1.793910029449497472e+02
1.779232073095777764e+02
1.674714039588617709e+02
1.688386153828536465e+02
1.761020639638661294e+02
1.794295524788377350e+02
1.703777256428577687e+02
1.788945960274943161e+02
1.776346952818599050e+02
1.721235301309572208e+02
1.795015286531597667e+02
-1.656974816719478270e+02
1.754727136680575086e+02
1.793312261794104643e+02
8.845580493137846645e+01
1.727943741866405105e+02
1.654820034140586245e+02
1.749898823572854099e+02
-1.785243049540731306e+02
-1.778913114881258366e+02
8.761030837771266988e+01
1.793643169288525883e+02
1.673524762690948648e+02
-1.678991934886553850e+02
-1.690074587047901389e+02
-1.782517058529149381e+02
1.659355240387210983e+02
-1.784026544446873572e+02
1.734378602095673614e+02
-1.795054741095388238e+02
-1.541849137805103851e+02
-1.783936841220232736e+02
1.762852249265447426e+02
1.793956699789847278e+02
1.684023468389182483e+02
