1.631416012322617348e+02
1.795379472785692485e+02
1.600576154183030155e+02
-1.768492835867322697e+02
1.581985905136481847e+02
1.691917690596802117e+02
-1.774664411116054339e+02
1.480552472237966128e+02
1.620575529108413377e+02
1.629698432271129604e+02
1.632612414415723663e+02
-1.717872198107141344e+02
-1.759958270592906047e+02
1.608209919741892975e+02
1.602011236454750644e+02
-1.764552335444051323e+02
-1.688961665633639200e+02
1.708886429552160280e+02
1.788308606720925980e+02
-1.508323866204221986e+02
-1.784925642412250397e+02
1.483924977537511154e+02
1.800000000000000000e+02
-1.658465874121486081e+02
1.784234499448162694e+02
1.771375947738882530e+02
1.800000000000000000e+02
9.150743575877497449e+01
1.781373790506933403e+02
-1.597493664907175344e+02
1.016047623563788136e+02
-1.704753320282100049e+02
1.690459373566016552e+02
1.724385715723330463e+02
-1.775940294833546886e+02
1.729987324425046609e+02
-1.718698976458440200e+02
1.777093899573614806e+02
-1.728065299447044652e+02
-1.779249736385825997e+02
1.737580856525849526e+02
-1.717028550301631356e+02
-8.464417495714481277e+01
-1.673578476721101538e+02
-1.734180553448219939e+02
-1.791384742654327624e+02
-1.786677801461303545e+02
-1.741843734705087741e+02
1.703519546839018517e+02
1.800000000000000000e+02
1.691917690596802117e+02
-1.757858214772659551e+02
1.714481697661799444e+02
-1.555080989717684474e+02
-1.788766972859245641e+02
1.780250659891180192e+02
-1.764236656250026556e+02
-1.635596204783198289e+02
-1.794153694792948386e+02
1.717142029760462663e+02
-1.790684434019225364e+02
1.746607631962624225e+02
1.689062769884421584e+02
1.725191138204763206e+02
1.800000000000000000e+02
1.683814756472053489e+02
-1.668170348414591615e+02
9.144412553093584961e+01
1.727249950421107485e+02
-8.281573260757313903e+01
-1.725885071408211218e+02
-1.720424747730828585e+02
1.732639887858806560e+02
-1.684078245897089516e+02
-1.696951535312339843e+02
-1.701588682403656207e+02
9.658194465517802030e+01
-1.761287437680143739e+02
1.800000000000000000e+02
-1.782642954110716289e+02
-1.652564371635292844e+02
-1.767905136822080294e+02
-1.723666694127686867e+02
-1.720928372970415410e+02
1.105560452195834671e+02
1.794543424065842885e+02
1.655297058999341289e+02
1.726656211985833238e+02
1.676609127216738102e+02
1.749427514674408712e+02
1.788308606720925980e+02
1.757241588873710612e+02
-1.727249950421107485e+02
-9.937706069430434752e+01
-1.757411538778296460e+02
-1.775529513576763918e+02
-1.615650511770780042e+02
-1.776140559696112007e+02
1.734943733543163091e+02
-1.700181707122668513e+02
-1.710546181664610685e+02
1.752852454812950498e+02
1.527582584826426739e+02
1.770492208909936664e+02
1.622351466993025326e+02
9.774034115883792140e+01
1.573062050549076503e+02
1.500543165596048141e+02
1.771658889836934918e+02
1.761575468720851347e+02
1.774208524997165739e+02
1.783634229583832678e+02
-1.769872124958166637e+02
-8.761405596961118647e+01
1.789769698113321681e+02
-1.744006606634794423e+02
1.800000000000000000e+02
-1.720106732336031143e+02
-1.779545915111127954e+02
-1.613784206335124338e+02
1.238571101416606837e+02
-1.782100893917539395e+02
-1.764513180260955494e+02
1.741303995569853100e+02
1.756430249941537056e+02
-1.775940294833546886e+02
8.511479743188270675e+01
-1.776337520085442065e+02
1.608209919741892975e+02
1.681663546938393381e+02
1.636389225446536955e+02
1.713986151412851200e+02
1.538773784809614824e+02
1.761120904391669342e+02
6.765189165209058331e+01
1.698753283446021953e+02
-1.741140121669717473e+02
-1.544400348281762092e+02
-1.702724214485984078e+02
1.772993706626047299e+02
-1.557255588655605436e+02
1.735652608489632769e+02
1.743327143217608750e+02
-1.774438499214217018e+02
1.510040404858816032e+02
-1.771936297482117766e+02
1.739667469937992905e+02
-1.783939970107177544e+02
-1.693507803407550796e+02
-1.603821205918817157e+02
-1.751864491062934803e+02
-1.648759926916894187e+02
1.800000000000000000e+02
-1.586293777306568131e+02
1.765663696375494851e+02
-1.677995312726192196e+02
1.500378159035822421e+02
1.800000000000000000e+02
1.773775985394589156e+02
-1.694126786817628556e+02
-1.733201139367774317e+02
1.800000000000000000e+02
-1.708194580423738387e+02
1.781066141542537196e+02
-1.726214641573261872e+02
1.800000000000000000e+02
1.800000000000000000e+02
-1.748055710922652111e+02
-1.789860212772147179e+02
1.800000000000000000e+02
1.646591092359950892e+02
1.603461759419467114e+02
1.444007800410238360e+02
1.752363583092738111e+02
1.697960262782683287e+02
-1.754711757630674640e+02
-1.795379472785692485e+02
-1.724053566314085799e+02
1.770891621738322499e+02
-1.542306723756612712e+02
1.273039482779834373e+02
-1.740428688852917958e+02
1.707273982227997067e+02
-1.724926533330503560e+02
1.782285302599659360e+02
1.765466837494689116e+02
-1.756012946450044865e+02
-1.781671604940579527e+02
1.800000000000000000e+02
-1.760206175473217911e+02
1.782816419983445542e+02
-1.715183942059706510e+02
1.625906972530431460e+02
1.693150875999972698e+02
-1.779726772994997930e+02
1.737516283349617652e+02
1.800000000000000000e+02
1.745076754428725678e+02
-1.777542574341049146e+02
1.800000000000000000e+02
1.720198862548314764e+02
1.765317707410828802e+02
1.800000000000000000e+02
-1.786140821491877944e+02
1.734633663512029216e+02
-1.796350636642693814e+02
-1.782100893917539395e+02
-1.759143832200251154e+02
1.688961665633639200e+02
1.716625555611532832e+02
-1.792097634975708047e+02
-1.783476953223486987e+02
1.709723870492849187e+02
1.706334900429878871e+02
1.593045492659367142e+02
1.706334900429878871e+02
-1.759858243045889594e+02
-1.746022512235196018e+02
1.758777021882163751e+02
-1.788982938847936452e+02
1.653791260113683563e+02
1.759464457681685872e+02
1.686900675259797993e+02
8.043990351911369885e+01
1.674210647625069441e+02
-1.643577535427912721e+02
1.737093292266449964e+02
1.738448316567260008e+02
-1.795225462226904369e+02
1.783476953223486987e+02
1.710760115563685986e+02
1.651065270411584152e+02
1.759143832200251154e+02
-1.745361571867633756e+02
1.751965142409309237e+02
-1.782100893917539395e+02
1.715568090708233626e+02
1.731986851760184436e+02
-1.674711922908484780e+02
-1.745164095555355743e+02
1.731182763693630591e+02
-1.742373671134015467e+02
1.766002858408767509e+02
-1.771936297482117766e+02
1.707066914006028924e+02
1.800000000000000000e+02
1.800000000000000000e+02
-8.880651057601797049e+01
-1.696951535312339843e+02
-1.118014094863518153e+02
1.769413024259041833e+02
-1.795303729803103465e+02
-1.789190758133393331e+02
1.707164471947386630e+02
-1.720198862548314764e+02
1.724436559435605432e+02
1.783316625517066996e+02
-1.630091767080138538e+02
1.758487147335783334e+02
1.800000000000000000e+02
1.784656585002992415e+02
-1.733792239176850103e+02
1.752755483028291223e+02
1.789488192504562676e+02
1.661849746587383834e+02
1.698244891569567869e+02
1.800000000000000000e+02
1.761604036620465195e+02
1.744400527366904612e+02
1.634429286243633612e+02
1.768492835867322697e+02
1.795225462226904369e+02
-1.772736890060937469e+02
1.688994299784947088e+02
-1.715730309785193413e+02
1.740754180180175297e+02
9.345331625053108837e+01
9.238594403038882774e+01
1.677576688011255897e+02
-1.645051514008613651e+02
1.800000000000000000e+02
-1.690949779547655396e+02
1.663730051401084893e+02
1.800000000000000000e+02
-1.761859251657096479e+02
-1.771612121589946298e+02
1.753013194827005634e+02
1.744400527366904612e+02
1.752363583092738111e+02
1.665618118416493587e+02
-1.737580856525849526e+02
-1.671712171285445834e+02
-1.795060831013812503e+02
1.800000000000000000e+02
1.655792268724890164e+02
-1.761493611760892577e+02
1.597751405688319153e+02
-1.782100893917539395e+02
-1.529044475062482036e+02
-1.640546040990771246e+02
1.644274564031897512e+02
-1.782100893917539395e+02
1.004077113124900649e+02
-1.673196165081801894e+02
1.719509382983254966e+02
1.765466837494689116e+02
1.760698244542745385e+02
-1.771135814561353925e+02
1.800000000000000000e+02
1.800000000000000000e+02
-1.782100893917539395e+02
1.668835638746085408e+02
1.707066914006028924e+02
1.700493733120484023e+02
1.734180553448219939e+02
1.780079064270335607e+02
1.752852454812950498e+02
1.800000000000000000e+02
1.756012946450044865e+02
-9.712501634890179503e+01
-1.791756571791548538e+02
1.800000000000000000e+02
-1.722079219217815762e+02
1.714912966837297006e+02
