-1.771936297482117766e+02
1.796968505562858809e+02
1.782007242758659515e+02
1.773574547059352824e+02
0.000000000000000000e+00
-1.794464348141176231e+02
-1.760652179436305573e+02
1.764604408314500574e+02
1.723331957381858217e+02
-1.794212744343922452e+02
-1.776507213525198665e+02
1.778590986336768935e+02
1.800000000000000000e+02
1.800000000000000000e+02
1.800000000000000000e+02
-1.794382946674334391e+02
1.707333927592408145e+02
-9.030476191042107814e+01
1.800000000000000000e+02
1.734071272924057610e+02
-1.794355278246930538e+02
1.797000248376961054e+02
1.696159793123798636e+02
-1.747581800530204532e+02
-1.781912606775079553e+02
-1.778983456723287304e+02
-1.782730122495123624e+02
1.800000000000000000e+02
1.755558938783473195e+02
-1.747528610983835620e+02
1.800000000000000000e+02
1.777432060735489472e+02
-1.790223512149701435e+02
1.648355391002615704e+02
1.743954609376099540e+02
1.800000000000000000e+02
1.773438527960428814e+02
1.773493103165781974e+02
1.775342410050022579e+02
-1.798044520237291692e+02
-1.754860115419987210e+02
1.785679038158353649e+02
1.800000000000000000e+02
-1.720928372970415410e+02
1.800000000000000000e+02
1.800000000000000000e+02
-1.686347093021301760e+02
-8.914490260373328567e+01
1.787097726479395305e+02
1.797258596062667664e+02
1.778690471128950890e+02
1.736010433726310680e+02
-1.763890353605505084e+02
-1.794517317636958182e+02
-1.768519039004372644e+02
1.744631176375162909e+02
1.800000000000000000e+02
-1.797191405853166088e+02
1.800000000000000000e+02
1.758078063721247020e+02
1.727140408735197923e+02
-1.736305607938876960e+02
-1.743191091820340546e+02
1.780585136090856224e+02
-1.754711757630674640e+02
-1.797163598442421915e+02
-1.547828361031206157e+02
-1.791319485502544637e+02
-1.777760387596145506e+02
-1.756893741751794948e+02
1.800000000000000000e+02
-8.450767544287256783e+01
-1.758447861944152635e+02
-1.788426669318704967e+02
-1.794791436254980397e+02
1.775762286558864389e+02
1.720198862548314764e+02
-1.797120839334428979e+02
-1.773120310343964263e+02
1.783293467286000293e+02
1.714827698916930956e+02
-3.108030934999836514e+00
1.746990734834743080e+02
1.777295503293348986e+02
1.800000000000000000e+02
1.800000000000000000e+02
1.769059419410828866e+02
1.790569447675289894e+02
1.750690446980270281e+02
1.800000000000000000e+02
-1.617424369246102742e+02
-1.712751531306255401e+02
1.735359256806231656e+02
-1.768519039004372644e+02
-1.710273733851036013e+02
-1.794490960207814396e+02
1.727756843059546839e+02
1.800000000000000000e+02
1.746000265766749635e+02
-1.712094568171860658e+02
1.800000000000000000e+02
1.748602426210094052e+02
1.696159793123798636e+02
1.776745455792247128e+02
-1.731788476352156465e+02
-1.784306451952510315e+02
-1.755371815279594898e+02
1.699579763644705110e+02
-1.765557974853467158e+02
-1.702267735128206141e+02
-1.719509382983254966e+02
-1.794952044314441650e+02
-4.513988458001263027e+00
1.794000661197460431e+02
1.783864610671188018e+02
1.713412787676330140e+02
-1.742348654420276262e+02
1.751415370809657190e+02
1.797106298365594057e+02
1.748871502201175190e+02
1.738953151230711285e+02
1.789904872173836168e+02
1.721466866980217958e+02
-1.789035639160069877e+02
1.747841360840945981e+02
1.722223621098706872e+02
1.781720317556950022e+02
-1.773472663746728983e+02
1.769471174852075706e+02
1.726676728253061412e+02
-1.791449026037332999e+02
1.800000000000000000e+02
-1.755153939904553795e+02
-1.748055710922652111e+02
-1.785311992856141785e+02
1.800000000000000000e+02
-8.924944320363573524e+01
-1.775342410050022579e+02
-1.692868769772089763e+02
-1.653676369841485325e+02
9.060950657667520147e+01
-1.688614402338163529e+02
1.719387627322898595e+02
1.800000000000000000e+02
1.713520870487130878e+02
-1.707424509712526799e+02
1.794212744343922452e+02
1.772618534806448167e+02
-1.791736758602707482e+02
1.732731159509986867e+02
1.779079337205198499e+02
-1.780419325707659652e+02
1.772342381657504973e+02
-1.761859251657096479e+02
1.745076754428725678e+02
1.761663234629119188e+02
-1.771518120886121039e+02
-1.758214310311105351e+02
1.779174347202691422e+02
1.756982417259409317e+02
8.972454164386476805e+01
2.457538148177109250e+00
1.694661381903155188e+02
-1.787212886929501963e+02
1.795341909172350086e+02
-1.772865905549666934e+02
1.788940412477114990e+02
1.800000000000000000e+02
1.800000000000000000e+02
-1.746912996452270761e+02
-1.774614554016012278e+02
-1.735956472736158673e+02
-9.634019174590990531e+01
-1.755558938783473195e+02
1.800000000000000000e+02
-1.788126926842711839e+02
7.088475678146004988e+00
1.800000000000000000e+02
1.790857832395510059e+02
1.773301102379923861e+02
1.800000000000000000e+02
1.793904934233248127e+02
-1.789630855354699008e+02
1.791854229502402802e+02
1.750302592718896904e+02
1.778389205117736367e+02
1.763861192479963620e+02
-1.708749913520640291e+02
-1.794719432510998445e+02
-1.790289780689208499e+02
1.749427514674408712e+02
1.800000000000000000e+02
-9.307039434131037581e+01
1.739153061347312530e+02
-1.789390883097357801e+02
-1.772736890060937469e+02
1.754153371242682908e+02
1.766822188316651818e+02
-1.787706655135221183e+02
-1.663286928678041647e+02
1.781775673123671311e+02
1.800000000000000000e+02
1.800000000000000000e+02
1.800000000000000000e+02
1.794410345191678573e+02
-1.797551477319556739e+02
-1.688614402338163529e+02
1.753275572446105457e+02
1.777652011412611444e+02
1.774234281697311530e+02
-1.782717723495014468e+02
1.769434195518505533e+02
1.744910503017839574e+02
-1.764367319370938390e+02
1.742622653299436024e+02
1.788484811060362460e+02
1.800000000000000000e+02
8.970313333267530709e+01
1.781858080909700561e+02
1.772606642780814354e+02
-5.389311759973408833e+00
1.791230922585693577e+02
-1.794123715837600344e+02
-1.753331416285610089e+02
1.776250384842386154e+02
1.791776290200018309e+02
1.736076263199629750e+02
1.783832096893267760e+02
1.800000000000000000e+02
-1.792494432036357352e+02
-1.781088452983146340e+02
-1.788367937547588724e+02
1.781692513519745091e+02
-9.769605172201657695e+01
-1.783939970107177544e+02
-1.797031333326753213e+02
1.789630855354699008e+02
-1.772736890060937469e+02
-1.776862775021757841e+02
1.786196459265555632e+02
1.788308606720925980e+02
1.757241588873710612e+02
-1.787939512207800590e+02
9.000000000000000000e+01
1.768983359701315408e+02
1.774603195496593173e+02
-1.794212744343922452e+02
-1.774489049109990617e+02
1.800000000000000000e+02
-1.771886264054734852e+02
-1.783727166776064053e+02
-1.770133630095248520e+02
1.745018372750190281e+02
1.791696845137419984e+02
-1.714069834589695063e+02
1.800000000000000000e+02
1.788599359662136123e+02
-1.733605294811063402e+02
1.797135234897229452e+02
1.786800543060782331e+02
1.759350526922573010e+02
1.794694986833262078e+02
-8.706432655357883732e+01
1.754711757630674640e+02
1.767038840274537108e+02
-1.731909498203866065e+02
-1.735673460758617068e+02
-9.693838580533622462e+01
1.769335144988741035e+02
-1.666214598049284916e+02
1.683663660010595606e+02
1.772736890060937469e+02
-1.768675348014319866e+02
1.737580856525849526e+02
-1.739041384554041940e+02
-1.788065105760179847e+02
-1.791491351352697166e+02
-1.775005804034792902e+02
1.724605548604907028e+02
-1.756236496105158551e+02
1.800000000000000000e+02
1.800000000000000000e+02
-1.615650511770780042e+02
-1.695568059365030535e+02
-1.787811247648687072e+02
1.729945364864877604e+02
1.737843641002973527e+02
1.778183585964485189e+02
1.750607844578738082e+02
-1.782554901584111064e+02
1.800000000000000000e+02
-1.797106298365594057e+02
1.782717723495014468e+02
1.791275428770979943e+02
1.636552103307886625e+02
8.758897025338876574e+01
-1.795039450396047584e+02
-1.795575703419605418e+02
-1.794517317636958182e+02
1.761050218312931293e+02
-1.785820771685488637e+02
-1.785497837090665598e+02
1.764421481338819149e+02
2.313722497824216351e+00
-1.781720317556950022e+02
1.785056664087334752e+02
0.000000000000000000e+00
-1.783788540863465926e+02
-1.762394892942430431e+02
1.715183942059706510e+02
-8.850825956462728072e+01
1.771232349296994357e+02
-1.754860115419987210e+02
1.761663234629119188e+02
1.686301973497419056e+02
9.000000000000000000e+01
-1.770015328603055593e+02
1.800000000000000000e+02
-1.787022593232609893e+02
-1.745309050298880891e+02
1.728421869863842062e+02
1.773438527960428814e+02
1.769713014216594331e+02
1.783397176310171801e+02
