-9.612537194019972731e+01
-1.770157178564066385e+02
-1.701455454997060883e+02
-1.552868231195341195e+02
1.681261508976264167e+02
1.756893741751794948e+02
1.727197109160062780e+02
9.056726640985793608e+01
1.792187423383913654e+02
1.637397952916880683e+02
-1.628142938557752473e+02
1.675873518468823988e+02
1.627951396248353433e+02
1.074957578771864348e+02
1.778983456723287304e+02
-1.797735356476588038e+02
-1.784724745577870806e+02
1.793904934233248127e+02
1.768347936111896104e+02
1.797177570637291524e+02
1.795144541699918648e+02
1.516000136793914805e+02
1.630091767080138538e+02
1.775889702533887942e+02
-1.768636416316674058e+02
1.791001402850956197e+02
8.620532773168422125e+01
-1.797000248376961054e+02
1.656889587373935910e+02
1.728749836510982050e+02
-1.372740887687270401e+02
1.681850247637767950e+02
-1.740194004752365515e+02
1.794031905487708229e+02
1.677995312726192196e+02
1.392053570017085917e+02
-1.760443545196158368e+02
1.579769445031887471e+02
1.780631996137789486e+02
-1.797135234897229452e+02
-1.475516985507274796e+02
1.748871502201175190e+02
1.750690446980270281e+02
-1.506109885336796594e+02
-1.730189425931702090e+02
-1.766865746002072513e+02
-1.783567193455072584e+02
1.769552215558060198e+02
1.738758139395375224e+02
1.670272936389516190e+02
-1.797395664321866207e+02
1.800000000000000000e+02
-1.766865746002072513e+02
1.730290041927705431e+02
8.058737056313385949e+01
1.800000000000000000e+02
1.769713014216594331e+02
1.540860092031514910e+02
1.751516952316051174e+02
-1.733071246421659168e+02
-1.758935028348295759e+02
-1.754622274920933762e+02
1.673124786261300301e+02
-1.770980895311163579e+02
1.769872124958166637e+02
-1.794241824067550510e+02
1.745018372750190281e+02
1.731335701975023085e+02
1.739219630162527324e+02
-1.794382946674334391e+02
-1.794884441334129690e+02
1.670501455267211952e+02
1.484014675662105986e+00
1.688614402338163529e+02
1.748301721124421704e+02
1.800000000000000000e+02
1.794062826037874459e+02
1.743485051185023735e+02
1.651065270411584152e+02
-1.710850730428521445e+02
-1.676972736747572981e+02
-1.735301800148268114e+02
-1.634858360897669627e+02
-1.560646397068761075e+02
-1.649927346009943676e+02
1.731231692625632093e+02
1.512520857088604203e+02
-1.795264919412650784e+02
8.546222749209334779e+01
1.711646267865505138e+02
-1.786677801461303545e+02
1.774664411116054339e+02
-1.688079599100419443e+02
1.777760387596145506e+02
1.732731159509986867e+02
-1.764604408314500574e+02
-1.733741252943825373e+02
1.739041384554041940e+02
-1.797046635460529558e+02
1.779010940667964462e+02
1.780631996137789486e+02
1.741890201417214143e+02
1.628972710309476213e+02
-1.706365487542551591e+02
1.723039482779834373e+02
-1.797015871800051343e+02
8.723380641682982883e+00
1.762623704565899061e+02
1.787939512207800590e+02
1.770015328603055593e+02
1.767713521303643915e+02
-1.729650240895688569e+02
1.190819268340175228e+02
-1.787212886929501963e+02
-1.789904872173836168e+02
-1.719079174010553857e+02
1.751655936937367244e+02
-1.797322646612977906e+02
-1.794062826037874459e+02
-1.727079410354172921e+02
1.791001402850956197e+02
-1.691475091397465746e+02
9.456180798745700145e+01
-8.759178355887178213e+01
1.669260811417496484e+02
-1.217594800848128074e+02
1.771936297482117766e+02
-1.765236872507988721e+02
1.704457103275982490e+02
-1.569605640200964842e+02
1.757636052009411856e+02
1.721131165952201343e+02
-1.791736758602707482e+02
-1.728749836510982050e+02
1.770574795436313877e+02
-1.794183369424946193e+02
1.726389223284220691e+02
-1.743111427413943204e+02
-8.790109406679646042e+01
-1.647183922653051980e+02
1.469761324442033583e+02
1.800000000000000000e+02
1.785820771685488637e+02
-1.797106298365594057e+02
-1.744910503017839574e+02
-1.695922886875099493e+02
1.759757715317273039e+02
1.531863786708624389e+02
-1.729115243218539888e+02
-1.770185387800177921e+02
1.768675348014319866e+02
1.754487387268603698e+02
-1.746529183997006385e+02
1.733979197703520185e+02
-1.633879196635403730e+02
1.728007663616323555e+02
1.593734369335455199e+02
1.669867867207413497e+02
1.231517337615855752e+02
1.794123715837600344e+02
1.646991544275500132e+02
1.748055710922652111e+02
1.794464348141176231e+02
-1.791185960034178777e+02
1.800000000000000000e+02
1.575394159985033298e+02
1.757184637649293961e+02
1.797540968767293066e+02
1.757411538778296460e+02
1.785311992856141785e+02
-9.602399308231962038e+01
-1.779120161672766471e+02
1.725788840674294136e+02
-1.797218673327036527e+02
-1.703947958449870725e+02
1.797091609776494749e+02
1.800000000000000000e+02
1.797530369625737592e+02
-1.581428010672942435e+02
-1.751655936937367244e+02
1.794000661197460431e+02
1.771798275275515095e+02
1.786980473274211363e+02
-5.536882362483716236e+00
-1.792778225384551831e+02
1.784859266393648909e+02
1.483730093941240398e+02
1.774614554016012278e+02
1.701806993612420911e+02
1.659043826885460930e+02
1.619276778510404995e+02
1.640546040990771246e+02
-1.778490568724839989e+02
1.736929080652623441e+02
-1.782285302599659360e+02
1.786677801461303545e+02
1.749730321839350040e+02
1.770339591100128871e+02
-1.788542371618248978e+02
-1.772257226886992214e+02
-1.766690826195499540e+02
-1.780908475670036353e+02
-1.701221637101444344e+02
-1.675983041832786853e+02
-1.743954609376099540e+02
1.773842451245781433e+02
-1.790569447675289894e+02
1.773735943617092516e+02
-1.791319485502544637e+02
-1.794093427853533171e+02
-9.058166305750536651e+01
-1.718287664400502592e+02
1.723532379864328448e+02
1.771760397107576352e+02
1.761465195463979398e+02
-1.762847108945712193e+02
1.785738436644055298e+02
1.640546040990771246e+02
1.784845920999778741e+02
-1.678285417914125333e+02
-1.770517492780672910e+02
-1.300897387784174271e+02
-1.794299115550011265e+02
-1.782193575540013057e+02
1.776888685472385987e+02
1.689646458369651043e+02
1.693973868945240611e+02
-1.794000661197460431e+02
1.766335393365701805e+02
-1.706334900429878871e+02
1.696951535312339843e+02
-2.132368436554013869e+00
-1.780152968878464321e+02
-1.792292512546080161e+02
1.787381824611138939e+02
-1.786095987359559842e+02
1.723852880579689781e+02
1.750189180646916043e+02
1.728007663616323555e+02
7.247443162627712354e+01
1.670246682223377377e+02
1.675645584974723477e+02
-9.513975737899060903e+01
1.697431801583036304e+02
-1.769872124958166637e+02
1.475724450042275464e+02
-1.779854012121294318e+02
-8.725920940581742968e+01
1.709670303010288990e+02
1.800000000000000000e+02
-1.522942543893082643e+02
1.779174347202691422e+02
-1.526589811961330270e+02
-1.788248667627606494e+02
-1.038610275630211532e+02
1.789291755452130417e+02
-1.768040619864040934e+02
1.705873705631338453e+02
-1.749401311537359049e+02
1.797000248376961054e+02
8.765128094207117471e+00
-1.687410877970119145e+02
1.721466866980217958e+02
-1.795082028120540940e+02
1.800000000000000000e+02
-1.763177259376947177e+02
-1.721082975717642967e+02
-1.218875235131297696e+00
1.776862775021757841e+02
-1.786028189727036306e+02
1.746000265766749635e+02
1.730189425931702090e+02
1.763915311474336534e+02
1.800000000000000000e+02
9.719623542908136926e+01
-1.758150838748815943e+02
1.800000000000000000e+02
-1.773574547059352824e+02
-1.797076771307714580e+02
-1.781608591765916287e+02
1.797191405853166088e+02
1.613721368235449631e+02
1.744509841588910870e+00
-1.748055710922652111e+02
-1.714842175956499375e+02
1.754367702457621476e+02
-1.742030313809300139e+02
1.494897625938844499e+02
1.748268311207934005e+02
1.777207739785733054e+02
-1.723901628424480634e+02
1.781373790506933403e+02
1.800000000000000000e+02
-1.797061780653492917e+02
1.759958270592906047e+02
1.794974183332789721e+02
-1.797120839334428979e+02
-1.751415370809657190e+02
-1.776507213525198665e+02
1.800000000000000000e+02
-1.609470929259747720e+02
-1.741510783540710463e+02
1.732574133932872371e+02
-1.794000661197460431e+02
1.627681782426029713e+02
1.703401069215576911e+02
-1.690923382045019139e+02
1.800000000000000000e+02
1.800000000000000000e+02
-1.758150838748815943e+02
-1.740355128987469016e+02
-1.639845603937343412e+02
1.776140559696112007e+02
-1.791696845137419984e+02
-1.714270016363886100e+02
1.697689565554817932e+02
-1.779854012121294318e+02
-1.780998890344231427e+02
1.737199928743002317e+02
1.785461045348911284e+02
-1.771232349296994357e+02
1.786425341554694057e+02
1.789769698113321681e+02
-1.665042667192041961e+02
