-1.698379168059992423e+02
1.800000000000000000e+02
-1.769413024259041833e+02
1.779361802715430372e+02
-1.734633663512029216e+02
9.000000000000000000e+01
1.738170698340517504e+02
1.760353452771438754e+02
-1.787363274483417399e+02
-1.755673315313101455e+02
-1.751354855622394950e+02
-1.762218022928384187e+02
1.754752315271658176e+02
1.800000000000000000e+02
1.786881122174958989e+02
-1.782465951399284450e+02
1.623091103799666826e+02
1.716167515190706467e+02
-1.763955794608243082e+02
-1.745309050298880891e+02
-1.675350671579350319e+02
-1.686900675259797993e+02
-1.776626941408761979e+02
1.787811247648687072e+02
1.511443387802834764e+02
1.674711922908484780e+02
1.675740571345725130e+02
1.800000000000000000e+02
1.718698976458440200e+02
-1.779174347202691422e+02
1.775104470780008512e+02
1.800000000000000000e+02
-1.777320454640941705e+02
1.752363583092738111e+02
-1.790684434019225364e+02
1.800000000000000000e+02
1.782816419983445542e+02
1.782211996843261375e+02
-1.791512357284464088e+02
1.778389205117736367e+02
1.783516554951038700e+02
9.842696902148067295e+01
1.800000000000000000e+02
-1.776140559696112007e+02
-1.770185387800177921e+02
1.800000000000000000e+02
-1.784349309144077438e+02
-1.795936537666909771e+02
1.800000000000000000e+02
-1.694481904938077150e+02
1.776909372109743117e+02
1.655152664396770490e+02
1.776140559696112007e+02
1.794327335901420781e+02
1.787455483773184710e+02
1.800000000000000000e+02
1.764513180260955494e+02
-1.681663546938393381e+02
1.776862775021757841e+02
-1.761287437680143739e+02
-1.785679038158353649e+02
1.774438499214217018e+02
1.790371363743637971e+02
-1.771196224471524090e+02
1.722348339815746670e+02
-1.772297842027998058e+02
-1.761539699099526217e+02
1.787811247648687072e+02
-1.773804512046053219e+02
-1.727058036914591526e+02
1.800000000000000000e+02
1.737031812810156168e+02
-1.766335393365701805e+02
-9.099634789650492905e+01
-1.765317707410828802e+02
-1.784088597288054245e+02
-1.769335144988741035e+02
1.772736890060937469e+02
-1.733161358919658994e+02
1.734633663512029216e+02
-1.769552215558060198e+02
8.941536947929482437e+01
-1.742417398356332399e+02
-1.772297842027998058e+02
-1.765761287550693339e+02
1.800000000000000000e+02
-1.740194004752365515e+02
1.770390638658362548e+02
1.794031905487708229e+02
-1.795787150958314271e+02
-1.775736641683976416e+02
-1.782100893917539395e+02
-1.763670492605118056e+02
-1.652113223858348192e+02
-1.787981669355478971e+02
-1.781523897340053963e+02
-1.757493454253487926e+02
1.788228551140179263e+02
-1.669447527762034156e+02
-1.667594800848128216e+02
1.778307424102714833e+02
-1.717328266644893802e+02
1.070628571734614098e+02
-1.753071374944101706e+02
1.739623174785771198e+02
-1.699579763644705110e+02
-1.769644308749444406e+02
-1.780748162916768536e+02
-1.622553283749430761e+02
-1.773804512046053219e+02
1.800000000000000000e+02
-1.766050764578817507e+02
-1.741140121669717473e+02
1.779174347202691422e+02
-1.747661383527835710e+02
1.795817900585028895e+02
1.642488263365469834e+02
1.795452811383068763e+02
1.699579763644705110e+02
1.752644169649706214e+02
-2.642545294064723826e+00
-1.752690613762207761e+02
-1.786980473274211363e+02
-1.771612121589946298e+02
1.761083237059192470e+02
-1.752363583092738111e+02
-1.778983456723287304e+02
-1.724436559435605432e+02
1.733792239176850103e+02
-1.775889702533887942e+02
1.792205136788815310e+02
1.574569389999421105e+02
-1.771375947738882530e+02
1.748366931856264443e+02
1.740531369460264841e+02
-1.734537092167059882e+02
1.771936297482117766e+02
-1.771936297482117766e+02
-1.747323028719557669e+02
-1.711870983622555968e+02
1.792257798350719327e+02
9.188405023109180547e+01
1.755587588105672125e+02
-1.725284408234076352e+02
-1.755587588105672125e+02
1.800000000000000000e+02
1.680238675557966417e+02
-1.760740922963160244e+02
-1.746441749571448270e+02
9.384245312791486526e+01
1.795144541699918648e+02
-1.795523858291394674e+02
1.800000000000000000e+02
1.765761287550693339e+02
1.767427780593330624e+02
-1.771658889836934918e+02
1.740754180180175297e+02
-1.774738830883804610e+02
1.776862775021757841e+02
1.680238675557966417e+02
-1.756317225654116214e+02
1.712538377374447975e+02
-1.724605548604907028e+02
1.726139568487327551e+02
-1.746990734834743080e+02
1.787054004818357100e+02
1.786468080462203147e+02
-1.754425809802860101e+02
1.758777021882163751e+02
-1.772993706626047299e+02
1.800000000000000000e+02
-1.701722759888368728e+02
-1.790608090542644391e+02
-1.734633663512029216e+02
1.776531257075127144e+02
1.690949779547655396e+02
1.776721849109588618e+02
1.768201698801357509e+02
1.571663458220824623e+02
1.773574547059352824e+02
1.731402399944742001e+02
1.725191138204763206e+02
-1.704068657372696691e+02
-1.779174347202691422e+02
-1.774307589798518165e+02
-1.738844964337145882e+02
1.709982448774387080e+02
1.770068679940209222e+02
-1.729373973295842291e+02
1.800000000000000000e+02
-1.772951240142643599e+02
1.672756443145776473e+02
1.726319489283778239e+02
1.794093427853533171e+02
-1.745829778861433965e+02
-1.733792239176850103e+02
-1.770792784789996119e+02
-1.724673985990526432e+02
1.759555144258189046e+02
-1.337811247648687072e+02
1.795416435419995764e+02
-1.794031905487708229e+02
-1.794437477729193233e+02
-1.756384273549794273e+02
1.800000000000000000e+02
1.800000000000000000e+02
-1.727367552594154461e+02
1.631561914482725797e+02
-1.793097228021349281e+02
1.800000000000000000e+02
1.729421533501189288e+02
1.669170093251889000e+02
1.728749836510982050e+02
-9.000000000000000000e+01
1.800000000000000000e+02
-8.497092641821456027e+01
1.673806777065692302e+02
-1.737843641002973527e+02
-1.754260787400991433e+02
1.789122361596159010e+02
-1.739623174785771198e+02
1.769059419410828866e+02
1.789390883097357801e+02
1.800000000000000000e+02
1.778183585964485189e+02
-1.768778695378842940e+02
-1.716070748126075216e+02
1.800000000000000000e+02
1.800000000000000000e+02
1.783276056389107396e+02
1.580088700828228809e+02
-1.769872124958166637e+02
-1.782285302599659360e+02
-1.733792239176850103e+02
1.794929709390852395e+02
1.800000000000000000e+02
-1.751261035777952486e+02
-1.749203921399854380e+02
-1.745272883287495063e+02
-9.763333058723129909e+01
-1.749043000804414021e+02
-1.794490960207814396e+02
-1.749801463579804590e+02
1.794212744343922452e+02
-1.784306451952510315e+02
-1.790608090542644391e+02
-1.769471174852075706e+02
-1.768420552035607329e+02
1.795907513919650569e+02
1.661651468433412902e+02
-1.769151876695024157e+02
-9.547736872882887837e+01
1.784925642412250397e+02
1.784518423010220545e+02
-1.694319857909906659e+02
1.713726468559347893e+02
1.800000000000000000e+02
1.800000000000000000e+02
-1.787174729172898253e+02
9.000000000000000000e+01
-1.763915311474336534e+02
-1.786980473274211363e+02
1.800000000000000000e+02
1.774208524997165739e+02
1.676609127216738102e+02
-1.788188110866733780e+02
-1.779174347202691422e+02
-1.788655783690230123e+02
-1.775973905310139571e+02
9.272631099390628151e+01
1.655297058999341289e+02
-1.770559536500123841e+02
-1.758058172116091384e+02
1.725885071408211218e+02
1.696951535312339843e+02
1.790906195508008523e+02
1.720025265281961708e+02
1.795379472785692485e+02
-1.787078331137500697e+02
1.641342921972261877e+02
-1.754400499125881652e+02
1.776940332760049728e+02
1.715449723228225309e+02
1.800000000000000000e+02
1.743824194098731937e+02
1.719367538343027491e+02
-1.795379472785692485e+02
-1.808739322492065371e+00
1.613999341139669355e+02
1.800000000000000000e+02
-1.788147391813776039e+02
1.800000000000000000e+02
1.703624618870690597e+02
-1.795341909172350086e+02
1.800000000000000000e+02
1.800000000000000000e+02
1.674711922908484780e+02
1.753520293086129698e+02
1.688869594640516993e+02
1.770726520082591549e+02
1.800000000000000000e+02
-1.734537092167059882e+02
-1.770643265535788373e+02
-1.716943237944440170e+02
-1.760817511359326204e+02
1.604633450618716211e+02
-1.739382112112713799e+02
-1.613999341139669355e+02
1.724761795613613629e+02
-1.642790722141772335e+02
-1.662729034214502235e+02
1.772920825141338241e+02
1.695625246488818334e+02
1.725191138204763206e+02
-1.711870983622555968e+02
-1.734180553448219939e+02
-1.739724697044787547e+02
-1.773804512046053219e+02
-1.727058036914591526e+02
-1.759858243045889594e+02
1.756012946450044865e+02
-9.592458198198248454e+01
1.752057679333694296e+02
-1.693150875999972698e+02
