-1.733759673654824951e+02
-1.795523858291394674e+02
1.768778695378842940e+02
1.677352262721076102e+02
1.758295634751578973e+02
-1.682317110679793473e+02
-1.746854543300552507e+02
1.788387580916860031e+02
-1.771612121589946298e+02
1.800000000000000000e+02
-1.773974377975002028e+02
-1.786573759734622513e+02
1.724053566314085799e+02
-1.720565281894095904e+02
-1.794743653935423993e+02
1.643050758565799754e+02
1.800000000000000000e+02
1.794743653935423993e+02
-1.781671604940579527e+02
-8.900365210349508516e+01
-1.736598082540901089e+02
1.800000000000000000e+02
-1.773245733439708545e+02
-1.734801982483430152e+02
1.800000000000000000e+02
-1.266743496695731750e+02
1.777974018382342081e+02
-1.772736890060937469e+02
1.777542574341049146e+02
1.800000000000000000e+02
-1.795592719272389957e+02
1.800000000000000000e+02
-1.714481697661799444e+02
-1.768201698801357509e+02
-1.776962396753997950e+02
-1.743824194098731937e+02
-1.781159497689081945e+02
-1.789769698113321681e+02
1.800000000000000000e+02
-1.781816970355481828e+02
1.780419325707659652e+02
1.783727166776064053e+02
-1.748055710922652111e+02
-1.680887845680284158e+02
-1.779545915111127954e+02
1.767689900996317931e+02
-1.771014232007183011e+02
-1.765466837494689116e+02
-1.742894068625003570e+02
-1.744400527366904612e+02
1.028580901729981889e+02
-1.775283352383665942e+02
-1.744587952219601448e+02
-1.788188110866733780e+02
-1.716656354826421875e+02
-1.733547217897256019e+02
-1.745164095555355743e+02
1.790371363743637971e+02
1.724053566314085799e+02
-1.792411598757314550e+02
-1.742894068625003570e+02
-1.774791720922898435e+02
1.741843734705087741e+02
9.640435272638413267e+01
1.800000000000000000e+02
-1.778141991932244252e+02
1.738298249049703941e+02
1.774438499214217018e+02
-1.786754780877088251e+02
1.686900675259797993e+02
1.719887683871439776e+02
1.751354855622394950e+02
1.700594269668869742e+02
1.706279072914209110e+02
1.763955794608243082e+02
1.800000000000000000e+02
1.800000000000000000e+02
-1.745596679689944892e+02
-1.740428688852917958e+02
1.800000000000000000e+02
-9.320521593101349822e+01
-1.756384273549794273e+02
1.744724598483438456e+02
-1.735064746874607238e+02
-1.740819396478923977e+02
-1.729332702835989153e+02
-1.656299984848207032e+02
1.800000000000000000e+02
-1.743640593017065612e+02
1.773369992339328576e+02
-1.761214754971522893e+02
1.800000000000000000e+02
-1.759858243045889594e+02
-1.752363583092738111e+02
1.702867489750597372e+02
-1.735169263071027501e+02
-1.701341930569156489e+02
-1.681113419603720445e+02
-1.764236656250026556e+02
-1.759998142394869092e+02
1.800000000000000000e+02
-1.727249950421107485e+02
-1.771135814561353925e+02
8.550973962667232087e-01
1.736010433726310680e+02
1.766768795548645699e+02
5.826342029555775071e+00
-1.149656301758578003e+01
-1.788766972859245641e+02
1.733951645032460362e+02
1.800000000000000000e+02
-1.767210137411455833e+02
1.710850730428521445e+02
-1.793969088056194607e+02
1.783316625517066996e+02
1.800000000000000000e+02
-1.788618229925118328e+02
-1.665268418872688585e+02
1.800000000000000000e+02
1.716167515190706467e+02
-1.724436559435605432e+02
-1.722781741998690279e+02
-1.724346789315677029e+02
-1.682543665747120656e+02
-1.732243438306010148e+02
-1.782986453946738834e+02
-1.778114174395967950e+02
-1.784792303388562402e+02
-1.734492735288993117e+02
1.711796204479789481e+02
-1.796021190381654264e+02
-1.685934474160276011e+02
-1.753331416285610089e+02
1.746742593752322819e+02
-1.659637565320735177e+02
-1.699579763644705110e+02
-1.748055710922652111e+02
-1.643778997372891126e+02
1.779098408462893133e+02
1.497120470093339861e+02
1.800000000000000000e+02
1.800000000000000000e+02
-8.216447489351145350e+01
1.800000000000000000e+02
-1.782465951399284450e+02
-1.789708451956940394e+02
-1.683106308245608318e+02
-1.740599627476993589e+02
-1.745596679689944892e+02
-1.662550884934303213e+02
-1.779098408462893133e+02
-1.759432621387051370e+02
-9.000000000000000000e+01
-1.755074185200847126e+02
-1.689964591482504943e+02
1.720303896056786357e+02
-1.795523858291394674e+02
-1.794543424065842885e+02
-1.788766972859245641e+02
1.796668887560786345e+02
1.800000000000000000e+02
-1.720198862548314764e+02
-1.733674853848615385e+02
-1.770492208909936664e+02
-1.750862012376252608e+02
-1.753417458903244039e+02
1.673666380647249809e+02
1.800000000000000000e+02
-1.795225462226904369e+02
-1.727468053872746623e+02
-1.690705119978196080e+02
1.800000000000000000e+02
-1.764236656250026556e+02
-1.684248111826038041e+02
-1.730765510851894646e+02
1.794838357702351743e+02
-1.792882877939643151e+02
-1.767905136822080294e+02
-1.764482666451795865e+02
-1.706704603573019199e+02
-1.774324026708122233e+02
-9.000000000000000000e+01
4.166504885548681258e+00
1.800000000000000000e+02
-1.732901631922430852e+02
-1.779904461869788577e+02
1.765466837494689116e+02
-1.638671594695146325e+02
-1.694052342876628927e+02
1.746322631528438762e+02
1.800000000000000000e+02
1.800000000000000000e+02
1.726942404666891662e+02
-1.742127570359685080e+02
-1.697386252827656108e+02
1.758403577062873637e+02
0.000000000000000000e+00
1.781720317556950022e+02
-1.764236656250026556e+02
1.791987126698930126e+02
-1.712538377374447975e+02
1.791636246745775907e+02
-1.779904461869788577e+02
-1.735169263071027501e+02
-1.692868769772089763e+02
1.800000000000000000e+02
1.800000000000000000e+02
-1.795341909172350086e+02
1.782100893917539395e+02
1.675350671579350319e+02
-1.769872124958166637e+02
1.685244732485769532e+02
1.800000000000000000e+02
-1.793904934233248127e+02
1.783516554951038700e+02
1.767602997038978856e+02
-1.760698244542745385e+02
-1.686135712035908227e+02
1.800000000000000000e+02
-1.728749836510982050e+02
1.018643904512811389e+02
8.628471089457123355e+01
-1.766335393365701805e+02
-1.598636965717518592e+02
-1.612413496521577656e+02
-8.514690361300763755e+01
1.795626361324792697e+02
-1.700316438295261605e+02
-1.557255588655605436e+02
-1.685975057656109186e+02
-1.768201698801357509e+02
1.769471174852075706e+02
1.770643265535788373e+02
1.748572354421157797e+02
-1.789291755452130417e+02
-1.759143832200251154e+02
-1.732639887858806560e+02
-1.706108524386687577e+02
-1.781523897340053963e+02
1.794382946674334391e+02
-1.748055710922652111e+02
1.800000000000000000e+02
-1.646498635075755885e+02
-9.315071641326774454e+01
-1.602239233973608066e+02
8.090972307917768092e+01
-1.770390638658362548e+02
0.000000000000000000e+00
-1.785942507389536615e+02
-1.666607510966366021e+02
1.800000000000000000e+02
-1.770535526199876699e+02
1.703401069215576911e+02
1.800000000000000000e+02
1.737175079118386236e+02
1.800000000000000000e+02
-1.774551956201869132e+02
1.739275435927923183e+02
1.629371428265386328e+02
-1.791319485502544637e+02
1.734373014910625557e+02
-1.721935991707642302e+02
1.794743653935423993e+02
1.698544555661036668e+02
-1.789583733239900312e+02
-1.775633517531898633e+02
-1.739623174785771198e+02
-1.776337520085442065e+02
1.778225022073263801e+02
-1.762111101221153433e+02
1.800000000000000000e+02
1.800000000000000000e+02
-1.766768795548645699e+02
1.637397952916880683e+02
-7.058851314131642596e+01
1.709421118713823375e+02
1.800000000000000000e+02
-1.744945221420216797e+02
1.765732068427095385e+02
-1.740194004752365515e+02
-9.054051018713066412e+01
-1.782510539554457694e+02
-1.766335393365701805e+02
1.800000000000000000e+02
-1.671712171285445834e+02
1.728114628572633649e+02
-1.534349488229219958e+02
-1.719455855536182582e+02
1.748366931856264443e+02
1.712852671251388301e+02
-1.658219355852931187e+02
-1.755673315313101455e+02
-1.796154703404154986e+02
1.724436559435605432e+02
-1.592416757284535720e+02
-1.795558555668880558e+02
-1.763915311474336534e+02
-1.720025265281961708e+02
-1.623498757800698797e+02
-1.595739752369109965e+02
-1.674711922908484780e+02
-1.668424572599851956e+02
7.373979529168803992e+01
-1.781960048837994179e+02
-1.696026664775636732e+02
1.712852671251388301e+02
-1.704068657372696691e+02
-1.748768344628718694e+02
-1.749575489308290912e+02
-1.753520293086129698e+02
1.722925142770350249e+02
-1.765466837494689116e+02
-1.647919608093646673e+02
1.668274465766731112e+02
4.620527214307648678e-01
-1.772208331359279327e+02
1.648270846544747315e+02
-1.692374627768575408e+02
1.453365541464993100e+02
-1.777320454640941705e+02
-1.767105036199201606e+01
-1.732110254255612176e+02
-1.618698130874990682e+02
-1.746990734834743080e+02
