-1.069023827649909641e+01
1.800000000000000000e+02
-1.775736641683976416e+02
1.599180225158192457e+02
-1.754031924702905485e+02
-5.655548431141933463e+01
-1.766499236024985464e+02
1.615650511770780042e+02
1.780998890344231427e+02
1.747807354720117701e+02
8.666908261954995396e+01
1.794645410144354685e+02
-1.793041340604912079e+02
-1.708033441083711068e+02
1.800000000000000000e+02
1.689169574467449308e+01
1.575572466347056491e+02
1.703519546839018517e+02
9.882974466790906831e+01
-7.190911408420398665e+00
2.127960442769540705e+01
-1.767210137411455833e+02
9.568089081796595963e+01
-1.186812534267014456e+02
-1.779079337205198499e+02
-1.793904934233248127e+02
-9.186478525933900130e+01
1.795379472785692485e+02
-1.782007242758659515e+02
-8.873260101476674322e+01
3.664184320740717205e+00
1.666200368729386696e+02
1.741932730944684238e+02
-1.778490568724839989e+02
1.794123715837600344e+02
1.791736758602707482e+02
8.767454557922469860e+01
-1.683741013566913978e+02
-1.765491568062488454e+02
-1.735984637598502900e+02
1.788065105760179847e+02
1.735925597174668269e+02
1.728007663616323555e+02
1.800000000000000000e+02
-1.709658312181018402e+02
-1.690113489035060184e+02
8.581508387488159428e+01
1.023030188667835683e+00
8.754596832547292706e+01
8.483153202366170831e+01
1.745309050298880891e+02
1.793937180844826571e+02
1.005126271699213447e+02
1.791140534061457572e+02
1.773266523664131853e+02
1.747528610983835620e+02
-1.747341596882208989e+02
2.180140948635181175e+01
8.238528805796897814e+01
1.792654789657451886e+02
-1.707810738618925654e+02
-8.244365594356054316e+01
1.776507213525198665e+02
1.775736641683976416e+02
1.779132227244292324e+02
1.739530832984704318e+02
-1.767210137411455833e+02
0.000000000000000000e+00
-9.029997516230390886e+01
-1.694899566307313989e+02
-1.724649362766718923e+02
-1.797015871800051343e+02
1.780631996137789486e+02
1.702894307339865350e+02
-8.861408214918782278e+01
-1.791491351352697166e+02
-9.178991060824607473e+01
1.757858214772659551e+02
1.782642954110716289e+02
1.739909940425054629e+02
1.717900985616292928e+02
-1.778286882090851861e+02
1.759143832200251154e+02
1.797091609776494749e+02
1.744910503017839574e+02
-1.763537287912431566e+02
-1.772592094058174439e+02
1.760858627813875614e+02
8.504047606556049743e+01
9.182796824430501204e+01
1.788426669318704967e+02
9.182796824430501204e+01
1.797046635460529558e+02
5.644721753069634751e-01
1.677116768367246777e+02
-9.428287846524614224e+01
1.754752315271658176e+02
-1.755787105785693996e+02
1.738533743403533265e+02
1.753776297583157486e+02
-1.779010940667964462e+02
1.603461759419467114e+02
1.800000000000000000e+02
-1.827968244305004930e+00
1.696951535312339843e+02
-1.788678197248687241e+02
1.774489049109990617e+02
-1.754662088540154343e+02
1.726569918829931680e+02
1.682317110679793473e+02
-1.776978917075634001e+02
4.864514437760526278e+00
-8.280076636163235548e+01
6.617905169479270455e+01
-1.720672416858279234e+02
-1.778701467977345487e+02
1.722223621098706872e+02
-1.790411643387504910e+02
-8.535672741688115650e+01
1.800000000000000000e+02
1.712977762100532004e+02
1.765663696375494851e+02
1.800000000000000000e+02
1.769434195518505533e+02
1.779726772994997930e+02
1.677472404844525897e+02
-1.755056423473680240e+02
1.778900571518667562e+02
1.775104470780008512e+02
1.623238913013465208e+02
-1.658329444773688124e+02
1.765142088168778685e+02
-1.768201698801357509e+02
-9.959692441814672748e+01
1.673004155104026438e+02
0.000000000000000000e+00
1.740222264076393515e+02
1.752594894261088427e+02
1.774234281697311530e+02
-1.705376777919743745e+02
-1.772072976342867037e+02
1.042456059204413776e+02
1.764236656250026556e+02
1.720303896056786357e+02
1.733278000028005863e+02
1.800000000000000000e+02
-1.736328201357313219e+02
1.584102083122860165e+02
1.745460811114087676e+02
-1.787862879422461901e+02
1.667920715372208917e+02
1.797091609776494749e+02
-1.795103044068708016e+02
1.766890584853885571e+02
1.693988451363478873e+02
-1.779752349184389573e+02
6.012870792192813951e+01
-2.455342308342952506e+01
8.942127443439224521e+01
1.745309050298880891e+02
-8.769789170756338592e+01
-8.620532773168422125e+01
-1.639741325515502410e+02
1.772072976342867037e+02
-1.782100893917539395e+02
-1.277697573607484287e+02
-9.630709193473767016e+01
-1.026235635977026277e+02
-3.044778444193984690e+00
-1.644600876303664165e+02
1.778470372108995434e+02
1.794437477729193233e+02
1.660322102384672576e+02
-1.788821754176138938e+02
-1.508323866204221986e+02
1.677229019488919732e+02
1.688079599100419443e+02
9.976177477504225521e+01
1.780098277502451083e+02
1.763861192479963620e+02
1.169139327907418924e+00
1.773648154175485843e+02
1.800000000000000000e+02
1.775633517531898633e+02
-1.651371840576549914e+02
1.708194580423738387e+02
-9.795752522691714148e+01
-1.695362512220804376e+02
1.733951645032460362e+02
1.721466866980217958e+02
-1.589040437930339635e+02
-1.782285302599659360e+02
1.561551009670709504e+02
-1.712309377468524190e+02
1.765142088168778685e+02
-1.590920195289903631e+02
-1.166989195772049897e+02
3.721644047353460394e+01
1.773574547059352824e+02
1.742593933610480974e+02
1.726942404666891662e+02
1.727249950421107485e+02
-1.772499148250875862e+02
9.759464336859144851e+01
1.741932730944684238e+02
1.683582423970429431e+02
1.776250384842386154e+02
-1.001755108430432131e+02
1.752115334496864136e+02
-1.727718100900221714e+02
1.750175804096242018e+02
1.673764364022974007e+02
1.735956472736158673e+02
1.598984160218352599e+02
1.607347356908199743e+02
1.489316892418029852e+02
2.296769340056092545e+01
1.496357289998396709e+02
1.546040881508294547e+02
1.749137782903653715e+02
1.617541454724217544e+02
1.646547227883300195e+02
1.708789740054679953e+02
1.784198275271999989e+02
-1.699755132040533852e+02
1.681248360202998811e+02
-1.789860212772147179e+02
1.778789036033385571e+02
-1.157504741273182844e+02
-1.783153156821037157e+02
-5.937173962125846804e-01
1.728380662725002139e+02
1.670821871560660270e+02
-1.790796650331509454e+02
-1.738370111308844344e+02
8.890878377473741523e+01
-1.751655936937367244e+02
8.926407926739337029e+00
1.680957342845082678e+02
1.537052099294161565e+02
1.679247114168064741e+02
-1.704978059963834198e+02
-1.729881417255249119e+02
1.768040619864040934e+02
-1.797031333326753213e+02
-1.791185960034178777e+02
1.768435035296350861e+02
-1.761265102756554199e+02
-8.049061701674505187e+00
-9.504245106917092301e+01
-2.741403937332207996e-01
8.922577983507194688e+01
-1.782007242758659515e+02
-1.797407448484986219e+02
-1.786028189727036306e+02
1.626915084239649332e+02
1.788542371618248978e+02
-1.715072709718815247e+02
1.782007242758659515e+02
-9.115733306812951753e+01
1.733046172230951356e+02
1.751920460369695434e+02
1.793489396197705048e+02
-1.739594348171027320e+02
1.783235289531932608e+02
-1.608087151842522360e+02
1.783397176310171801e+02
-1.745337949612642774e+02
-1.657627195342389257e+02
1.779649655431400959e+02
1.688351198224514178e+02
1.713691982114515611e+02
1.773804512046053219e+02
-1.791736758602707482e+02
-1.767508884392792936e+02
-1.746717652180201696e+02
1.668947310097812817e+02
1.743455791773592978e+02
-1.782100893917539395e+02
-1.740475405620324523e+02
-1.765247672232699188e+02
1.800000000000000000e+02
1.726139568487327551e+02
1.757858214772659551e+02
1.772880165325550479e+02
-7.938034472384487117e+01
9.000000000000000000e+01
-1.711646267865505138e+02
9.456180798745700145e+01
1.800000000000000000e+02
-1.765317707410828802e+02
-1.699920201985586914e+02
1.746517277885686497e+02
6.284429160827533423e+01
1.772736890060937469e+02
1.662392148882087497e+02
1.797091609776494749e+02
-1.723275884002204634e+02
1.685759326579989192e+02
1.122991402239307348e+02
-1.777760387596145506e+02
1.727676212917223495e+02
1.800000000000000000e+02
-1.745309050298880891e+02
-1.793937180844826571e+02
1.689803172189654674e+02
-1.729881417255249119e+02
-1.776626941408761979e+02
-1.758935028348295759e+02
9.295077910900636198e+01
1.773301102379923861e+02
-1.787939512207800590e+02
1.793013056170165385e+02
1.773735943617092516e+02
-1.797487043327910499e+02
1.732731159509986867e+02
9.981351785925461684e+01
1.796984460501317358e+02
-1.763322119444685825e+02
1.620234076350784278e+02
-1.719759353647178273e+02
1.628769389595821053e+02
-1.789439761940024596e+02
-1.753567274168811423e+02
