1.741439864145710601e+02
1.800000000000000000e+02
-1.769872124958166637e+02
1.759464457681685872e+02
1.606556707278788565e+02
1.743362937419794321e+02
1.365911402711945755e+02
1.800000000000000000e+02
1.795523858291394674e+02
1.736158360604875384e+02
1.696951535312339843e+02
-1.732901631922430852e+02
1.728114628572633649e+02
-1.615650511770780042e+02
9.000000000000000000e+01
-1.740194004752365515e+02
1.594439547804165329e+02
-1.733455749539934061e+02
1.784088597288054245e+02
-1.793904934233248127e+02
1.781034816967907091e+02
1.800000000000000000e+02
1.795303729803103465e+02
1.800000000000000000e+02
1.784518423010220545e+02
1.800000000000000000e+02
-1.769178191754718625e+02
-1.733674853848615385e+02
1.760353452771438754e+02
1.800000000000000000e+02
1.771375947738882530e+02
-1.728114628572633649e+02
-1.786780243404630255e+02
8.582956347515789730e+01
9.813010235415598004e+01
1.788542371618248978e+02
-1.794031905487708229e+02
1.800000000000000000e+02
-1.789769698113321681e+02
-1.788188110866733780e+02
1.800000000000000000e+02
-1.737741709355742330e+02
8.946454101443546847e+01
-1.790206803456605087e+02
-1.796984460501317358e+02
1.788982938847936452e+02
1.800000000000000000e+02
1.772736890060937469e+02
-1.737175079118386236e+02
-1.711041430303367008e+02
1.764725319496259033e+02
-1.783634229583832678e+02
1.536767017321901108e+02
1.791117645047602309e+02
1.715910882673993001e+02
1.800000000000000000e+02
8.649646835521554067e+01
1.800000000000000000e+02
-1.730365314735119853e+02
1.734678633121475571e+02
-1.788542371618248978e+02
-1.731765376009664692e+02
-1.790759546472272916e+02
1.758403577062873637e+02
1.696241550799489630e+02
1.781816970355481828e+02
1.757636052009411856e+02
-1.750658356594399550e+02
1.752690613762207761e+02
-1.763217612780066190e+02
-1.708886429552160280e+02
-1.763086140135487199e+02
-1.753331416285610089e+02
1.800000000000000000e+02
1.800000000000000000e+02
1.755328409386107182e+02
-1.794382946674334391e+02
-1.787363274483417399e+02
1.800000000000000000e+02
-1.766335393365701805e+02
1.800000000000000000e+02
1.782642954110716289e+02
-1.758403577062873637e+02
1.784377750831576179e+02
-1.727697573607484287e+02
-1.781642252594542981e+02
-1.782986453946738834e+02
-9.201662387462310733e+01
-1.796128722458490472e+02
-1.795817900585028895e+02
-1.790371363743637971e+02
-1.707995995309296688e+02
1.738844964337145882e+02
1.796075692906591428e+02
-1.758295634751578973e+02
-1.721223003281331785e+02
-1.789677553084342776e+02
-1.778630891462427428e+02
1.753071374944101706e+02
-1.775104470780008512e+02
-9.165230467765130129e+01
-1.786360724683970886e+02
1.790344322125990857e+02
-1.782100893917539395e+02
1.786573759734622513e+02
-1.777760387596145506e+02
1.785311992856141785e+02
9.114576283817510216e+01
1.766615294562356553e+02
-1.756012946450044865e+02
1.800000000000000000e+02
1.704457103275982490e+02
-1.795692127829913716e+02
1.795452811383068763e+02
-8.299061574337875413e+01
-1.772072976342867037e+02
-1.788766972859245641e+02
1.791449026037332999e+02
1.800000000000000000e+02
1.800000000000000000e+02
1.800000000000000000e+02
1.794437477729193233e+02
1.707889734591833530e+02
-1.773245733439708545e+02
1.800000000000000000e+02
1.443954660195668964e+02
-1.789949139947458150e+02
1.800000000000000000e+02
-1.700958167870261093e+02
-1.790371363743637971e+02
1.691498953702026142e+02
-1.748978347476418094e+02
1.777974018382342081e+02
1.783634229583832678e+02
-1.767754773934801165e+02
-1.777630209365622989e+02
1.793013056170165385e+02
1.781282550347112590e+02
-9.106091169026423415e+01
-1.666330693036831576e+02
-1.785436413656603065e+02
1.750302592718896904e+02
1.725191138204763206e+02
1.769335144988741035e+02
-1.762173545534037089e+02
1.789291755452130417e+02
1.721309244482094982e+02
1.771375947738882530e+02
1.800000000000000000e+02
-1.795060831013812503e+02
1.775104470780008512e+02
-1.733161358919658994e+02
-1.773281354067274265e+02
1.796021190381654264e+02
-1.784518423010220545e+02
-1.785913712646615465e+02
-1.786521127198014085e+02
-1.763915311474336534e+02
1.800000000000000000e+02
1.771375947738882530e+02
1.652849283494022075e+02
-1.760548137709624541e+02
-1.783476953223486987e+02
-1.738298249049703941e+02
1.773245733439708545e+02
-1.719952711427071677e+02
-1.719408960971290412e+02
-1.758487147335783334e+02
1.800000000000000000e+02
1.785185428291129313e+02
1.747581800530204532e+02
1.759143832200251154e+02
1.800000000000000000e+02
1.795303729803103465e+02
1.800000000000000000e+02
9.000000000000000000e+01
1.777974018382342081e+02
1.800000000000000000e+02
-9.055625222708067668e+01
1.753520293086129698e+02
1.792257798350719327e+02
1.790451587461278109e+02
1.800000000000000000e+02
1.793969088056194607e+02
-1.754622274920933762e+02
-1.766981343255650074e+02
-1.643806078612892350e+02
-1.773245733439708545e+02
1.778789036033385571e+02
-1.794645410144354685e+02
-1.783476953223486987e+02
1.733915356616831502e+02
1.791048262897889458e+02
1.754260787400991433e+02
1.764012318831917128e+02
1.740194004752365515e+02
1.800000000000000000e+02
-1.738170698340517504e+02
1.800000000000000000e+02
-1.788065105760179847e+02
-1.709097230791776667e+02
1.783516554951038700e+02
1.767979794166778618e+02
-1.728749836510982050e+02
1.782816419983445542e+02
-1.795692127829913716e+02
-1.786140821491877944e+02
1.800000000000000000e+02
1.689388175384082160e+02
1.800000000000000000e+02
-1.702420365586521882e+02
1.748055710922652111e+02
-1.786468080462203147e+02
1.719408960971290412e+02
-1.784234499448162694e+02
-9.060950657667520147e+01
1.670472354866244871e+02
1.789325003162598193e+02
1.786468080462203147e+02
9.000000000000000000e+01
8.031121343963320669e+01
1.727468053872746623e+02
-1.594985741914337609e+02
-1.774142056575755362e+02
1.800000000000000000e+02
1.788766972859245641e+02
1.729987324425046609e+02
-1.784518423010220545e+02
1.787811247648687072e+02
1.795416435419995764e+02
1.795724274931666002e+02
1.782816419983445542e+02
1.750497277657082407e+02
1.791185960034178777e+02
1.637397952916880683e+02
-1.545158730095826911e+02
-1.776467031338916911e+02
-8.161675151907064674e+01
1.755587588105672125e+02
-1.794594898128693501e+02
-1.789488192504562676e+02
-1.772361426290874249e+02
1.800000000000000000e+02
-1.764236656250026556e+02
1.788655783690230123e+02
1.800000000000000000e+02
1.800000000000000000e+02
1.788065105760179847e+02
-1.772736890060937469e+02
1.776862775021757841e+02
-9.937706069430434752e+01
1.800000000000000000e+02
-1.728749836510982050e+02
1.750540334528958510e+02
-1.742072035049678504e+02
1.660973128857794450e+02
-1.781671604940579527e+02
1.776626941408761979e+02
-1.788065105760179847e+02
1.800000000000000000e+02
-1.791696845137419984e+02
1.787269699799433056e+02
1.761859251657096479e+02
-1.788982938847936452e+02
-1.753225821411182608e+02
-1.731363080853729457e+02
-1.783516554951038700e+02
1.795060831013812503e+02
-1.789455954964781768e+02
1.707538872544367621e+02
1.663570852240099214e+02
-1.706075506591810722e+02
1.720303896056786357e+02
1.727249950421107485e+02
1.800000000000000000e+02
1.165650511770779900e+02
1.685934474160276011e+02
8.649646835521554067e+01
1.729373973295842291e+02
-1.782773379283771931e+02
1.751354855622394950e+02
1.800000000000000000e+02
1.758295634751578973e+02
1.795936537666909771e+02
-1.716743496695731608e+02
1.778590986336768935e+02
-1.762915718428695584e+02
1.723493490446406042e+02
-8.141637851988605235e+01
1.776140559696112007e+02
-8.098679564435727229e+01
1.800000000000000000e+02
-4.813550893706532108e+00
-1.730590165712574162e+02
1.780079064270335607e+02
1.800000000000000000e+02
1.800000000000000000e+02
-1.767427780593330624e+02
1.684762782961026915e+02
-1.777542574341049146e+02
1.735583999006649663e+02
1.793259631020155211e+02
1.791512357284464088e+02
1.632016282186947080e+02
1.789190758133393331e+02
-1.738677775023207062e+02
-1.728065299447044652e+02
-1.781066141542537196e+02
-1.792205136788815310e+02
-1.728065299447044652e+02
1.735301800148268114e+02
-1.684762782961026915e+02
1.785797344536009632e+02
-1.721466866980217958e+02
1.728749836510982050e+02
1.793969088056194607e+02
-1.795017883873863695e+02
-9.160600298928225982e+01
1.796048629574925144e+02
1.800000000000000000e+02
1.777974018382342081e+02
1.783788540863465926e+02
-1.704508660712640733e+02
-1.733130906738176407e+02
