1.599689873191022684e+02
1.794884441334129690e+02
-1.680848529287349606e+02
-1.794327335901420781e+02
-1.709334972601838274e+02
1.758724082974882776e+02
-1.781912606775079553e+02
-1.779690857631468930e+02
-1.776531257075127144e+02
1.759958270592906047e+02
1.800000000000000000e+02
1.800000000000000000e+02
-1.787981669355478971e+02
-1.747099187946287486e+02
-1.785797344536009632e+02
-1.790371363743637971e+02
1.770185387800177921e+02
-1.777974018382342081e+02
-1.762570117043128732e+02
1.751920460369695434e+02
-1.762915718428695584e+02
1.728749836510982050e+02
1.761214754971522893e+02
-1.678285417914125333e+02
1.725191138204763206e+02
-1.482405199151872068e+02
1.800000000000000000e+02
-1.624744316262771235e+02
-1.558715970697321325e+02
-1.701120111844222151e+02
-1.741140121669717473e+02
-1.747581800530204532e+02
-1.687940524925974444e+02
1.800000000000000000e+02
-1.733547217897256019e+02
-8.953419091723500856e+01
1.800000000000000000e+02
-1.766050764578817507e+02
-1.762173545534037089e+02
1.776386253418243939e+02
-1.766335393365701805e+02
1.736598082540901089e+02
1.800000000000000000e+02
1.800000000000000000e+02
1.712147012821154135e+02
-1.728114628572633649e+02
-1.775104470780008512e+02
1.748895824389687732e+02
-1.785185428291129313e+02
-1.614130733385140957e+02
-1.794838357702351743e+02
-1.794791436254980397e+02
1.750062560141766141e+02
9.050702906091477473e+01
-1.742894068625003570e+02
-1.732901631922430852e+02
1.641047316274186869e+02
-1.713986151412851200e+02
-1.646938610259101381e+02
-1.784234499448162694e+02
-1.742373671134015467e+02
-1.617273617330147033e+02
-1.728065299447044652e+02
-1.772208331359279327e+02
-1.637203267978694896e+02
-1.670424199059068826e+02
-1.765761287550693339e+02
1.633549617853240647e+02
-1.785056664087334752e+02
-1.794031905487708229e+02
1.720792600983589296e+02
-1.614207296195553170e+02
-1.630724869358529645e+02
-1.747187593715548815e+02
1.800000000000000000e+02
-1.759143832200251154e+02
-1.770185387800177921e+02
-1.764964683552155691e+02
-1.745596679689944892e+02
1.778389205117736367e+02
1.783276056389107396e+02
-1.734678633121475571e+02
1.800000000000000000e+02
1.800000000000000000e+02
-1.789488192504562676e+02
-1.606556707278788565e+02
-1.644190761517483850e+02
-1.720106732336031143e+02
-1.763255004791703584e+02
1.745272883287495063e+02
-1.711193408494797836e+02
-1.688785398051096536e+02
-1.716341138759674152e+02
-1.767905136822080294e+02
-1.794212744343922452e+02
-1.710273733851036013e+02
1.800000000000000000e+02
-1.764513180260955494e+02
-1.771375947738882530e+02
-1.780419325707659652e+02
1.793969088056194607e+02
-1.734633663512029216e+02
1.725885071408211218e+02
-1.784088597288054245e+02
1.800000000000000000e+02
1.754425809802860101e+02
1.800000000000000000e+02
-1.758403577062873637e+02
-1.745361571867633756e+02
-1.772951240142643599e+02
-1.789087837747374010e+02
-1.767060350121548993e+02
-1.793634064240364978e+02
-1.618962369654933866e+02
-1.718019311539837020e+02
1.758150838748815943e+02
-1.766890584853885571e+02
1.724436559435605432e+02
-1.747099187946287486e+02
-9.177146974003407820e+01
1.752363583092738111e+02
1.785436413656603065e+02
1.743455791773592978e+02
1.783476953223486987e+02
-1.779545915111127954e+02
1.766981343255650074e+02
-1.695922886875099493e+02
1.800000000000000000e+02
1.659637565320735177e+02
-1.603821205918817157e+02
1.786780243404630255e+02
1.783153156821037157e+02
1.646938610259101381e+02
1.713691982114515611e+02
-1.760353452771438754e+02
-1.788982938847936452e+02
-1.720198862548314764e+02
1.778590986336768935e+02
-1.768201698801357509e+02
1.792701569359759048e+02
1.710850730428521445e+02
-1.765053610727466662e+02
1.685728984060548612e+02
1.794093427853533171e+02
-1.685788137250007424e+02
1.762915718428695584e+02
1.792257798350719327e+02
-1.682317110679793473e+02
-1.757108466711809740e+02
-1.742321111020858666e+02
1.735301800148268114e+02
-1.756839724801344005e+02
-1.742373671134015467e+02
1.800000000000000000e+02
-1.645965750375303855e+02
-1.659637565320735177e+02
-1.783476953223486987e+02
-1.787939512207800590e+02
-1.720025265281961708e+02
1.710546181664610685e+02
-1.736056022347724195e+02
-1.766661493384634127e+02
1.591666298429854862e+02
-1.760740922963160244e+02
1.697431801583036304e+02
1.590920195289903631e+02
1.794645410144354685e+02
-1.708194580423738387e+02
1.783153156821037157e+02
-1.765317707410828802e+02
1.713571974199954582e+02
1.796205632985810041e+02
-1.789087837747374010e+02
1.794694986833262078e+02
-1.783939970107177544e+02
-1.712094568171860658e+02
-1.714247673601647932e+02
1.442298862437277194e+02
-1.784656585002992415e+02
-1.641198612229247260e+02
1.755635255143426434e+02
1.796548488768358709e+02
1.757858214772659551e+02
-1.758023316428390785e+02
-1.790451587461278109e+02
-1.748572354421157797e+02
1.770643265535788373e+02
1.692611028990945385e+02
-1.473624924157143141e+02
1.782510539554457694e+02
1.800000000000000000e+02
-1.731182763693630591e+02
-1.740428688852917958e+02
1.800000000000000000e+02
-1.596108352197182967e+02
-1.791117645047602309e+02
8.212780189285886934e+00
-1.788982938847936452e+02
1.742417398356332399e+02
1.506109885336796594e+02
1.756676860168115013e+02
1.633498945013969603e+02
1.741843734705087741e+02
-1.728749836510982050e+02
1.730727818739908344e+02
1.724926533330503560e+02
-1.770792784789996119e+02
-1.760396881695416198e+02
-1.652564371635292844e+02
1.758058172116091384e+02
-1.740754180180175297e+02
1.749575489308290912e+02
-1.780250659891180192e+02
1.800000000000000000e+02
-1.779726772994997930e+02
1.800000000000000000e+02
1.762604966370689112e+02
1.730727818739908344e+02
1.783316625517066996e+02
-1.717328266644893802e+02
1.663902681041878111e+02
-1.639845603937343412e+02
1.784306451952510315e+02
1.778590986336768935e+02
-1.691917690596802117e+02
1.628240963842532665e+02
8.789834567232871620e+01
-8.828164199834453996e+01
-1.697488012491825771e+02
1.727468053872746623e+02
2.063819728456961933e+00
-1.760353452771438754e+02
4.807953963030470845e+00
1.788426669318704967e+02
-1.758295634751578973e+02
1.800000000000000000e+02
1.696513159120045202e+02
-1.788188110866733780e+02
1.739909940425054629e+02
1.757241588873710612e+02
1.800000000000000000e+02
-1.740754180180175297e+02
-1.789390883097357801e+02
-1.796075692906591428e+02
-1.739275435927923183e+02
-1.789190758133393331e+02
-1.744995885297981033e+02
1.783750236424752416e+02
-1.766615294562356553e+02
-1.557255588655605436e+02
-1.772736890060937469e+02
-1.435307656099481335e+02
1.785679038158353649e+02
-1.665042667192041961e+02
1.800000000000000000e+02
1.777974018382342081e+02
-1.615650511770780042e+02
1.758724082974882776e+02
-1.764604408314500574e+02
1.673806777065692302e+02
-1.705376777919743745e+02
1.778789036033385571e+02
-1.772736890060937469e+02
1.768201698801357509e+02
1.782901859558584761e+02
-1.776386253418243939e+02
1.695085229876684139e+02
1.637203267978694896e+02
-1.789291755452130417e+02
-1.787811247648687072e+02
5.877392606643136119e+00
1.665042667192041961e+02
-8.591438322002512962e+01
1.788387580916860031e+02
1.680558228115536679e+02
1.773974377975002028e+02
-1.770390638658362548e+02
1.750728900523509992e+02
1.749868862449641824e+02
1.600168934781000303e+02
-1.720928372970415410e+02
1.800000000000000000e+02
-1.702996080560542111e+02
1.226994611210019173e+02
-1.652803402825067565e+02
1.783634229583832678e+02
-1.783251620094708016e+02
1.800000000000000000e+02
1.753955128430184800e+02
-1.789769698113321681e+02
1.800000000000000000e+02
-1.684951846737411927e+02
1.795848204588551482e+02
1.794594898128693501e+02
1.774886367328369374e+02
1.685890168732346126e+02
-1.691699204565929904e+02
-1.711041430303367008e+02
1.776626941408761979e+02
1.800000000000000000e+02
1.800000000000000000e+02
1.602405292647868009e+02
1.092039735055000591e+02
-1.788542371618248978e+02
1.767689900996317931e+02
1.761859251657096479e+02
1.701806993612420911e+02
-1.770046967123972479e+02
1.329098408462893133e+02
1.767295120768164338e+02
-1.306012946450044865e+02
-1.769059419410828866e+02
-1.788982938847936452e+02
-1.758818102960112242e+02
-1.761287437680143739e+02
-1.777320454640941705e+02
1.754260787400991433e+02
1.782773379283771931e+02
-1.787546357332316518e+02
1.779726772994997930e+02
-1.785679038158353649e+02
-1.776862775021757841e+02
1.763861192479963620e+02
-1.667014296695057283e+02
