-1.783235289531932608e+02
-1.704919143995390698e+02
-1.719455855536182582e+02
-1.730405779285010226e+02
1.800000000000000000e+02
-1.769250830693841010e+02
1.784724745577870806e+02
1.800000000000000000e+02
-1.726809806244095853e+02
-1.746854543300552507e+02
-1.794270613023165311e+02
-1.686385888520393621e+02
-1.718698976458440200e+02
1.757727813346732546e+02
1.788929729543192479e+02
1.722572633323620153e+02
1.785236314901869150e+02
-1.704978059963834198e+02
-1.791968407481897714e+02
-1.758078063721247020e+02
-1.789630855354699008e+02
1.643252299249904240e+02
-1.797091609776494749e+02
1.756012946450044865e+02
-1.764407331787167834e+02
1.800000000000000000e+02
1.774208524997165739e+02
-1.755801288611453117e+02
-1.760457522844789082e+02
-1.747528610983835620e+02
-1.756222590712599185e+02
1.753366508941604138e+02
-1.783939970107177544e+02
-1.786425341554694057e+02
-1.787097726479395305e+02
1.719908597029627799e+02
-1.711267157727899360e+02
-1.686900675259797993e+02
-1.723867782340333861e+02
-1.707666764907228014e+02
-1.773855704034045573e+02
5.059868846264117259e+00
-1.756012946450044865e+02
1.775804907833436630e+02
1.775424618518229067e+02
-1.701864821407453974e+02
-1.751415370809657190e+02
1.800000000000000000e+02
-1.789087837747374010e+02
-8.446311763751627666e+01
-1.794299115550011265e+02
-1.738953151230711285e+02
8.848459209997787411e+01
-1.752823974954383175e+02
1.757171215347538578e+02
1.722079219217815762e+02
1.777432060735489472e+02
-1.784765352083481673e+02
-1.719092221280104127e+02
-1.771658889836934918e+02
-1.724567737096011228e+02
1.791968407481897714e+02
-1.676335028467851771e+02
-1.747145532506174277e+02
-1.741113912539543662e+02
1.762523550252339533e+02
1.745226312711711216e+02
-1.758214310311105351e+02
-1.758510963022656597e+02
1.781523897340053963e+02
-1.714827698916930956e+02
-1.769059419410828866e+02
1.783070215623710908e+02
-1.691835976646469248e+02
-1.744006606634794423e+02
-1.790491200140635044e+02
1.740648287690482050e+02
-1.792326916849103213e+02
1.726865113719683507e+02
1.792292512546080161e+02
-1.719066964715568986e+02
-1.689881698283556375e+02
1.763670492605118056e+02
1.782193575540013057e+02
1.800000000000000000e+02
-1.794464348141176231e+02
-1.756210313922476018e+02
1.710136891772164063e+02
-1.730080746533322156e+02
-1.724214645251402374e+02
1.782717723495014468e+02
1.789241493792087283e+02
-1.792115757375598832e+02
-1.736598082540901089e+02
1.800000000000000000e+02
1.790079644340113987e+02
-1.737256654429181992e+02
-1.726389223284220691e+02
-1.787939512207800590e+02
1.711121483087802631e+02
-1.762686030008395619e+02
-1.700539950575827106e+02
-1.687422970279330059e+02
-1.736887894248673661e+02
-1.781352147406610129e+02
-1.756791950450155468e+02
-1.700441862959922332e+02
8.369290806526234405e+01
-1.734093912318511173e+02
-1.778572798355214104e+02
1.800000000000000000e+02
1.762359651350942897e+02
-1.713358645668919564e+02
1.800000000000000000e+02
-1.695762827899340266e+02
-1.773974377975002028e+02
-1.778983456723287304e+02
-1.787491991852345734e+02
1.714340692270083650e+02
-1.789439761940024596e+02
1.789806097185449403e+02
1.775224011315543180e+02
-1.772519118199462582e+02
-1.691334481986674234e+02
-1.776386253418243939e+02
1.768636416316674058e+02
-1.797310077063035294e+02
-1.788065105760179847e+02
1.695977532348956629e+02
1.776531257075127144e+02
1.777542574341049146e+02
-1.774906352601483093e+02
-1.746854543300552507e+02
1.710028565789349386e+02
1.758487147335783334e+02
-1.736263606341225056e+02
-1.787097726479395305e+02
-1.719121200254620021e+02
-1.767649849422154489e+02
-1.758591139964801471e+02
1.800000000000000000e+02
-1.716167515190706467e+02
-1.757858214772659551e+02
-1.653791260113683563e+02
-1.649950796171397940e+02
-1.784377750831576179e+02
-1.791094637466394204e+02
1.800000000000000000e+02
1.773855704034045573e+02
-1.757321066997091918e+02
1.660322102384672576e+02
1.747261040426482452e+02
-1.721742548335911067e+02
-1.792187423383913654e+02
1.771232349296994357e+02
-1.638426601354120749e+02
1.797000248376961054e+02
-1.792187423383913654e+02
-1.737199928743002317e+02
1.737199928743002317e+02
-1.715072709718815247e+02
1.797015871800051343e+02
1.767819387162058149e+02
-1.741792757544749577e+02
-1.773974377975002028e+02
1.747556618892848519e+02
-1.710273733851036013e+02
-1.724409330189587877e+02
-1.791968407481897714e+02
-1.698544555661036668e+02
1.749960800477596763e+02
1.715934901026321313e+02
1.768983359701315408e+02
1.740837305887367847e+02
-1.776745455792247128e+02
-1.794299115550011265e+02
-1.714009112892225346e+02
-1.660336293992802155e+02
1.779216297546380474e+02
1.760476634178842232e+02
-1.789769698113321681e+02
1.783896993975010332e+02
1.775633517531898633e+02
-1.785236314901869150e+02
1.776784694101672812e+02
1.750607844578738082e+02
-1.703990592410289651e+02
-1.752582102454809387e+02
-1.782180394096733664e+02
1.771375947738882530e+02
-1.680823240952850313e+02
-1.788876003837022211e+02
1.773842451245781433e+02
-1.780443186024771194e+02
-1.785959727808957211e+02
-1.708749913520640291e+02
-1.785311992856141785e+02
1.750395893124379256e+02
-1.776862775021757841e+02
-1.714842175956499375e+02
1.712538377374447975e+02
1.752115334496864136e+02
1.787437149710436870e+02
1.794031905487708229e+02
-1.797297388935058677e+02
-1.699393102046770423e+02
-1.797708181042459046e+02
-8.389531512307111427e+01
1.790079644340113987e+02
-1.690543409616327892e+02
1.793937180844826571e+02
-8.821935755400131995e+01
-1.710897191488679994e+02
-1.752130008790499858e+02
-1.663286928678041647e+02
-1.791854229502402802e+02
-8.826429541107161469e+01
1.749785389577981789e+02
1.794410345191678573e+02
-1.763165136108395359e+02
-1.797475973177108415e+02
1.702382252249577448e+02
1.794000661197460431e+02
-1.780725041133281081e+02
-1.778789036033385571e+02
-1.703947958449870725e+02
-1.784765352083481673e+02
-1.766661493384634127e+02
1.763165136108395359e+02
-1.797046635460529558e+02
0.000000000000000000e+00
-1.751864491062934803e+02
-1.743191091820340546e+02
-1.780054306987581469e+02
-1.765317707410828802e+02
1.589040437930339635e+02
9.590614111377050222e+01
-1.759143832200251154e+02
-1.738533743403533265e+02
1.651065270411584152e+02
1.776140559696112007e+02
-1.794410345191678573e+02
-8.403551289874688734e+01
-9.754322629039890558e+01
-7.555596427550776184e+01
-1.690841175683069366e+02
-1.656832408810667800e+02
-8.215874415103101569e+00
-1.529105169743942554e+02
1.788065105760179847e+02
-1.794861502836458556e+02
-1.709334972601838274e+02
1.733832621020891622e+02
1.761431990144101576e+02
-1.753520293086129698e+02
-1.522942543893082643e+02
1.712337198381616474e+02
-1.794767654178158125e+02
-1.723422903062861451e+02
1.680463218118044040e+02
1.714827698916930956e+02
-1.719908597029627799e+02
-1.732387614899627977e+02
0.000000000000000000e+00
0.000000000000000000e+00
0.000000000000000000e+00
-1.797442169692607479e+02
0.000000000000000000e+00
0.000000000000000000e+00
-1.642774198961619732e+02
-1.597883514930878164e+02
-1.735748417624743638e+02
1.719455855536182582e+02
1.783235289531932608e+02
-1.797218673327036527e+02
1.721886872619193696e+02
-1.686900675259797993e+02
-1.672323368553171292e+02
-1.759780098229798853e+02
1.800000000000000000e+02
-1.712337198381616474e+02
1.800000000000000000e+02
1.766514051855431262e+02
1.791406277563553431e+02
1.752594894261088427e+02
1.742176076776359537e+02
-1.759958270592906047e+02
1.706852202457102408e+02
-1.706764082218620047e+02
-1.758752333938576271e+02
-1.769434195518505533e+02
1.785497837090665598e+02
-1.719121200254620021e+02
-1.734633663512029216e+02
-1.750540334528958510e+02
-1.602955464003265718e+02
-1.786028189727036306e+02
1.756364886083380838e+02
1.738425276604463647e+02
-1.797245416438647680e+02
-1.700919628972416149e+02
-1.741736579704442534e+02
-1.656038631528309963e+02
-1.728380662725002139e+02
-1.777867718236041981e+02
1.770015328603055593e+02
1.369999922990341759e+02
-8.086115088030732068e+01
-1.763670492605118056e+02
-1.667769323472986684e+02
1.797602701039191402e+02
-1.617186587970273877e+02
1.749078848755010540e+02
-1.664118708101159996e+02
1.729373973295842291e+02
-1.557352339379969521e+02
-1.650499136209874393e+02
-1.783397176310171801e+02
1.782717723495014468e+02
1.724815731205578118e+02
-1.731909498203866065e+02
1.772475145997313177e+02
-1.776250384842386154e+02
-8.809084756700362107e+01
