-1.326467031338916911e+02
1.795936537666909771e+02
-1.697431801583036304e+02
-9.357633437499735862e+01
9.566370625802056793e+01
1.732670786731404178e+02
-1.762482709294740459e+02
-1.647034526855699426e+02
1.713268259521202310e+02
-1.683663660010595606e+02
-1.782642954110716289e+02
1.781671604940579527e+02
-1.739041384554041940e+02
-1.751920460369695434e+02
1.670472354866244871e+02
-1.763588147420986729e+02
-1.789488192504562676e+02
-1.724673985990526432e+02
1.769552215558060198e+02
1.779545915111127954e+02
-1.782376089763394873e+02
-9.639895662736891779e+01
1.781671604940579527e+02
-1.785679038158353649e+02
1.766865746002072513e+02
1.800000000000000000e+02
-1.709097230791776667e+02
8.018069936124210528e+01
1.638986976008415866e+02
-1.697488012491825771e+02
-1.600509778164428667e+02
-1.753520293086129698e+02
1.742894068625003570e+02
-1.770185387800177921e+02
1.268698976458440200e+02
-1.784792303388562402e+02
-1.596344637359109981e+02
1.800000000000000000e+02
-1.737409636948777631e+02
-1.638556612197165236e+02
1.635084736940860921e+02
-1.678729089650698825e+02
9.762814966858071841e+01
-1.714954207591212025e+02
-1.761287437680143739e+02
1.697348595397862994e+02
-1.734337013792537050e+02
-1.758403577062873637e+02
1.396582541096755961e+02
-1.188107937429730612e+02
-7.660750224624889881e+01
-1.698544555661036668e+02
-1.728114628572633649e+02
-1.796180337952709749e+02
9.079023650242919530e+01
-1.780585136090856224e+02
-9.000000000000000000e+01
1.782465951399284450e+02
1.754519575908745992e+02
-8.121883726561453898e+01
-1.774438499214217018e+02
-1.624542712543037055e+02
1.372311746080312673e+02
1.735583999006649663e+02
1.800000000000000000e+02
-1.771375947738882530e+02
-1.700872485532761686e+02
-8.500625601417659993e+01
-1.623091103799666826e+02
1.773245733439708545e+02
-1.763477772196936826e+02
-7.293714282653860437e+01
-1.647919608093646673e+02
1.752798630689564447e+02
-1.786780243404630255e+02
1.739909940425054629e+02
-1.556954507340632858e+02
-1.454077113124900507e+02
1.736598082540901089e+02
1.778183585964485189e+02
1.800000000000000000e+02
1.800000000000000000e+02
-1.737227015104024304e+02
8.905304855322653168e+01
-1.696513159120045202e+02
-1.790122396003601750e+02
-1.781671604940579527e+02
1.800000000000000000e+02
-1.696951535312339843e+02
-1.714444417565871106e+02
-1.788188110866733780e+02
-1.789949139947458150e+02
-1.775889702533887942e+02
-1.675295382783311311e+02
-1.593159197320532030e+02
1.800000000000000000e+02
-1.783750236424752416e+02
-7.985445556610366680e+01
-1.714444417565871106e+02
1.768492835867322697e+02
-1.783028438103997360e+02
1.705376777919743745e+02
-1.755587588105672125e+02
-1.758777021882163751e+02
-1.769059419410828866e+02
-1.702933475906602894e+02
-1.680848529287349606e+02
-1.721847064532331331e+02
-1.780585136090856224e+02
1.677190455949006207e+02
-1.778983456723287304e+02
1.800000000000000000e+02
1.761493611760892577e+02
2.249647150023258391e+01
-1.609892335838329984e+02
1.621399059293209461e+02
-1.639509952074668035e+02
1.792097634975708047e+02
1.755074185200847126e+02
-1.677047335770018606e+02
-1.666863676878566025e+02
-1.769059419410828866e+02
1.181237353832888175e+02
1.554722795197419316e+02
-7.959228868750994934e+01
-1.724550709612431660e+02
1.720198862548314764e+02
-1.590874523086322938e+02
1.744006606634794423e+02
-1.734943733543163091e+02
-1.770068679940209222e+02
-1.628240963842532665e+02
-1.754622274920933762e+02
1.744546826911379753e+02
1.659637565320735177e+02
-1.778983456723287304e+02
1.760090869015702140e+02
-1.024259428654274870e+02
5.687026453158790673e+01
1.004516329439887130e+02
1.784925642412250397e+02
-1.720928372970415410e+02
-1.776140559696112007e+02
-1.051540680503126026e+02
1.800000000000000000e+02
1.772736890060937469e+02
1.362699485989153914e+01
-2.411029746611230706e+00
1.612319399331566387e+02
8.194558555361825825e+01
1.783788540863465926e+02
-1.741226073933568728e+02
1.688785398051096536e+02
-1.594439547804165329e+02
-1.520490309721098470e+02
-1.710273733851036013e+02
9.593741609948150995e+01
-1.737060518110489227e+02
-1.745076754428725678e+02
-1.423057595333108338e+02
-1.574258619213518102e+02
-1.682748879848349191e+02
8.434051815983752931e+01
1.800000000000000000e+02
-1.771375947738882530e+02
-1.779361802715430372e+02
-1.001755108430432131e+02
-1.769872124958166637e+02
-1.633549617853240647e+02
1.795225462226904369e+02
-1.691144729453412765e+02
-1.751920460369695434e+02
-1.548851651138554359e+02
1.800000000000000000e+02
1.606410058243052958e+02
1.674711922908484780e+02
-1.559848978358822080e+02
-1.741439864145710601e+02
1.710932558162202497e+02
9.210551418885604846e+01
-1.796569156004764807e+02
-1.761493611760892577e+02
1.630724869358529645e+02
1.114854433170634280e+02
1.500183606311506708e+02
-1.739382112112713799e+02
1.111304053594830066e+01
-1.715288553669851694e+02
-1.677352262721076102e+02
1.374195092166563370e+02
9.549232455712743217e+01
-1.044207731275109836e+02
1.715730309785193413e+02
1.782986453946738834e+02
1.789291755452130417e+02
1.685728984060548612e+02
-1.661779453642683109e+02
-1.430112316128560224e+02
-1.649487800074090273e+02
1.648445318953566741e+01
-1.639183480431862847e+02
9.206381972845696282e+01
-8.768627750217578409e+01
-2.682198120158150090e+01
-1.694722138800364348e+02
9.253355888839458032e+01
1.763588147420986729e+02
-1.781874473144844160e+02
-1.694792156861256274e+02
-1.727159763455831580e+02
-9.277021579720019417e+01
-1.353430843995235193e+02
-1.781912606775079553e+02
-1.697386252827656108e+02
1.628544490811382843e+02
-9.000000000000000000e+01
-1.715596347244933781e+02
1.781066141542537196e+02
1.713843518158358847e+02
-1.671712171285445834e+02
-1.775940294833546886e+02
1.434889438805047348e+02
1.742417398356332399e+02
8.868262833207593232e+00
-1.783939970107177544e+02
-6.801314823981574165e+00
1.745397874078516338e+02
-1.778307424102714833e+02
1.800000000000000000e+02
1.000079798014413512e+02
1.738709192350320052e+02
1.800000000000000000e+02
-1.752001638860953108e+02
-1.757241588873710612e+02
1.617481041629214644e+02
1.735411836212813341e+02
1.790977788384698499e+02
-1.759555144258189046e+02
-1.560876824482491259e+02
-1.784518423010220545e+02
-1.691285470741451604e+02
1.800000000000000000e+02
-9.748088617952367940e+01
1.268038349181981950e+01
7.572748661559967331e+01
1.673806777065692302e+02
8.943273359014206392e+01
1.536381244943883928e+02
1.788982938847936452e+02
-1.684653793463552915e+02
1.658849453307286410e+02
1.752363583092738111e+02
-1.789488192504562676e+02
-1.658465874121486081e+02
-1.661088088285451363e+02
-1.777275502672170830e+02
1.776531257075127144e+02
-1.783634229583832678e+02
1.800000000000000000e+02
-1.278749836510982192e+02
1.730887728809753412e+02
1.649315118405077953e+02
-1.787811247648687072e+02
-8.797267729949980719e+01
-1.756384273549794273e+02
-1.788188110866733780e+02
1.786468080462203147e+02
1.757001371798079390e+02
1.709097230791776667e+02
1.626810615684852621e+02
-1.715730309785193413e+02
-1.181949790624621670e+02
-1.734373014910625557e+02
9.275248540026868227e+01
1.702724214485984078e+02
-9.759464336859144851e+01
1.795379472785692485e+02
-1.756012946450044865e+02
-1.793969088056194607e+02
-1.758777021882163751e+02
-1.601148348861445641e+02
1.767060350121548993e+02
1.800000000000000000e+02
5.492624550665170347e+01
-1.749868862449641824e+02
1.575205656028968804e+02
-1.732901631922430852e+02
-1.589624889745781786e+02
1.543589941756947042e+02
-6.566298620746306547e+00
-9.420535700170859172e+01
8.669813432556500743e+01
1.004914770123316003e+02
9.168468431789629847e+01
-1.696466799560705567e+02
1.764236656250026556e+02
-1.770185387800177921e+02
-1.767602997038978856e+02
1.636639571102815296e+02
-1.594439547804165329e+02
-1.642790722141772335e+02
1.623289496380079981e+02
-8.890878377473741523e+01
-1.602189228929649687e+02
-1.695257651717741965e+02
-1.757946429982914367e+02
8.141637851988605235e+01
-8.842344994481626941e+01
8.754596832547292706e+01
1.779174347202691422e+02
-1.763915311474336534e+02
1.615650511770780042e+02
7.834970056246234549e+01
-1.731402399944742001e+02
1.589225058830132582e+02
8.701336300952483782e+01
-1.747376046004048931e+02
8.914926957147866204e+00
-1.786360724683970886e+02
-1.716070748126075216e+02
-1.690113489035060184e+02
1.733674853848615385e+02
-1.925183708323154885e+00
-1.733255309528824455e+02
