1.784792303388562402e+02
-1.787363274483417399e+02
-1.673474434994420221e+02
1.763255004791703584e+02
1.726476206401076468e+02
1.778983456723287304e+02
-1.726942404666891662e+02
-1.747099187946287486e+02
-1.778183585964485189e+02
-1.791512357284464088e+02
1.710273733851036013e+02
-1.654833000411453554e+02
-1.162947900705838578e+02
1.731025724422482597e+02
-1.598803668591817200e+02
1.800000000000000000e+02
1.800000000000000000e+02
-1.741932730944684238e+02
1.674711922908484780e+02
1.800000000000000000e+02
-1.678377964803181612e+02
1.632497354949742885e+02
9.412759170251173657e+01
1.761120904391669342e+02
1.663423574941878655e+02
1.718019311539837020e+02
-1.734000830180861215e+02
-1.751009075462122553e+02
1.740938588862294978e+02
1.665221772467586732e+02
1.781373790506933403e+02
-1.715524727520915462e+02
-1.726476206401076468e+02
-1.650685828218624636e+02
1.672928864986834014e+02
1.800000000000000000e+02
8.598582430458898784e+01
-1.756347422649720613e+02
1.054786381654183600e+02
-1.775633517531898633e+02
-1.731363080853729457e+02
1.775940294833546886e+02
-1.777093899573614806e+02
-1.360416266760099688e+02
-5.509039792185729256e-01
1.729373973295842291e+02
1.563706222693431869e+02
1.775940294833546886e+02
8.846222761530255241e+01
1.766661493384634127e+02
-1.703519546839018517e+02
1.690888716157166130e+02
-1.759555144258189046e+02
-1.765663696375494851e+02
2.361374658175619867e+00
-1.758295634751578973e+02
-1.586293777306568131e+02
1.786780243404630255e+02
-1.706829139308737808e+02
-1.633456936230766701e+02
1.776909372109743117e+02
1.767602997038978856e+02
-4.170436524842111581e+00
1.777542574341049146e+02
1.785185428291129313e+02
1.119148663271917314e+02
1.749427514674408712e+02
-1.795878072585976781e+02
-1.733255309528824455e+02
1.631913083737931345e+02
1.678285417914125333e+02
-1.590754982550788554e+02
8.081945804237385289e+01
1.753734292906284793e+02
1.781523897340053963e+02
1.783476953223486987e+02
1.788542371618248978e+02
-1.608398268780187550e+02
-1.736598082540901089e+02
1.775889702533887942e+02
1.775889702533887942e+02
1.712272627024705969e+02
1.763588147420986729e+02
-1.784088597288054245e+02
1.739909940425054629e+02
-1.748895824389687732e+02
-1.791048262897889458e+02
1.753758486715709353e+02
1.625407973643727928e+02
-1.747581800530204532e+02
-1.741093735837959002e+02
1.790977788384698499e+02
-1.773974377975002028e+02
-1.723718503314192958e+02
-1.783316625517066996e+02
1.770961811349037305e+02
-5.413715101413871622e+01
1.791319485502544637e+02
-1.759504182967286283e+02
-1.770891621738322499e+02
1.652254497249534211e+02
1.530197692817771440e+02
1.800000000000000000e+02
1.617320937927588886e+02
-1.733547217897256019e+02
-1.594439547804165329e+02
-1.691596945456694527e+02
-1.785913712646615465e+02
-1.510599873071606396e+02
8.621388796461840798e+01
-1.488406954916556231e+02
-1.737741709355742330e+02
-1.734943733543163091e+02
-1.591714442097931794e+02
1.746290053044643003e+02
-1.759555144258189046e+02
-1.745076754428725678e+02
1.717872198107141344e+02
1.795017883873863695e+02
1.747661383527835710e+02
-1.750728900523509992e+02
-1.745881308476829759e+02
-1.034957332807958181e+02
-1.751261035777952486e+02
1.571954595286789527e+02
-1.745076754428725678e+02
1.684951846737411927e+02
1.004202363552951027e+01
1.752720121811578053e+02
1.689861671096485907e+02
-1.751009075462122553e+02
1.722596588411620928e+02
-1.755635255143426434e+02
1.780585136090856224e+02
-1.796230595204028759e+02
-1.735411836212813341e+02
1.598636965717518592e+02
-1.066992442339936247e+02
-1.711870983622555968e+02
-1.576937949450923497e+02
-1.787363274483417399e+02
1.752363583092738111e+02
8.043990351911369885e+01
-1.764236656250026556e+02
1.681868552998628275e+02
1.735956472736158673e+02
1.800000000000000000e+02
-1.741554341226131442e+02
1.778983456723287304e+02
-1.733951645032460362e+02
-1.784925642412250397e+02
-1.691435866519377385e+02
-1.709982448774387080e+02
-1.719367538343027491e+02
-1.764964683552155691e+02
9.180873932249205893e+01
8.449958852979808910e+01
1.691983817643092891e+02
-1.760353452771438754e+02
1.725685920288274815e+02
-1.764236656250026556e+02
-9.258302066863505786e+01
1.729264623250386421e+02
-1.759464457681685872e+02
1.617481041629214644e+02
1.796180337952709749e+02
-1.630724869358529645e+02
-1.790530485532265459e+02
-1.693150875999972698e+02
-1.767947840689865302e+02
-1.774664411116054339e+02
-1.679052429229879237e+02
-1.764236656250026556e+02
-1.671419098270018253e+02
1.674066700438968667e+02
1.762953725579228887e+02
-1.732599439020530667e+02
-9.270062933739529853e+01
1.715910882673993001e+02
1.700737544933483036e+02
-1.669666436740861570e+02
1.745596679689944892e+02
-1.665042667192041961e+02
-7.889616656336390577e+01
-1.721998121158183039e+02
-1.759143832200251154e+02
1.794327335901420781e+02
1.720424747730828585e+02
-1.731363080853729457e+02
1.497435628364707156e+02
-9.719923363836764452e+01
-1.752363583092738111e+02
-1.610753555839487774e+02
-1.760275040592493383e+02
-1.677116768367246777e+02
1.419727692860264767e+02
-1.666908213045995240e+02
-1.672756443145776473e+02
1.749575489308290912e+02
-1.683540257515167866e+02
1.769872124958166637e+02
1.756839724801344005e+02
-1.741439864145710601e+02
-1.553948760820483699e+02
-1.620874906140367386e+02
-1.706979452887011917e+02
-1.727676212917223495e+02
1.745309050298880891e+02
-1.781912606775079553e+02
-1.781373790506933403e+02
1.759464457681685872e+02
-1.788426669318704967e+02
-1.785056664087334752e+02
1.800000000000000000e+02
9.976177477504225521e+01
-1.698592068538872013e+02
-1.701887431320039639e+02
-1.707066914006028924e+02
1.761345388301482444e+02
-1.782642954110716289e+02
1.788308606720925980e+02
-1.658276622998680523e+02
-1.780250659891180192e+02
3.573547601486701808e+01
1.494440357244922382e+02
-1.749709264182145603e+02
1.730727818739908344e+02
8.656636963754948511e+01
1.658542045058970018e+02
1.749427514674408712e+02
-1.791117645047602309e+02
-1.789291755452130417e+02
-1.689964591482504943e+02
-1.657189042640291916e+02
1.558544580395783612e+02
8.505403345289583683e+01
1.757461635638808275e+02
1.800000000000000000e+02
-1.614045592172433885e+02
-1.731363080853729457e+02
-1.763255004791703584e+02
7.499507961713977977e+01
1.684653793463552915e+02
1.746441749571448270e+02
-1.775104470780008512e+02
-3.917365797044423203e+01
1.800000000000000000e+02
1.663730051401084893e+02
1.625820292077971487e+02
1.751354855622394950e+02
9.333847054376435892e+01
-1.619802307182228560e+02
-1.677748773242642528e+02
1.628972710309476213e+02
-1.777542574341049146e+02
1.737459672560835315e+02
-1.740625839005184901e+02
1.714912966837297006e+02
1.800000000000000000e+02
1.613721368235449631e+02
-8.464417495714481277e+01
1.689704687760195441e+02
1.785913712646615465e+02
-9.600900595749452293e+01
-1.688048885737000262e+02
1.726735933398304610e+02
1.800000000000000000e+02
-1.704508660712640733e+02
-1.705376777919743745e+02
1.731572265873690526e+02
1.738448316567260008e+02
1.684653793463552915e+02
1.709252419789913233e+02
-1.779174347202691422e+02
1.800000000000000000e+02
5.946863053973499902e+00
1.638426601354120749e+02
1.516608679641041135e+02
1.611468412355808937e+02
1.732204320548500505e+02
9.333385066153657306e+01
-1.678686789333675051e+02
-1.795993367442078466e+02
-1.788188110866733780e+02
1.735411836212813341e+02
1.738298249049703941e+02
1.554622715234222028e+02
-1.704457103275982490e+02
-1.776909372109743117e+02
-1.707164471947386630e+02
1.789455954964781768e+02
1.764964683552155691e+02
-1.674711922908484780e+02
1.800000000000000000e+02
-1.675350671579350319e+02
1.790206803456605087e+02
-6.095861544595816639e+00
1.737227015104024304e+02
1.740754180180175297e+02
-1.793138558021647668e+02
1.718698976458440200e+02
1.786780243404630255e+02
1.220053832080835008e+02
-1.741140121669717473e+02
1.792559407971112933e+02
1.800000000000000000e+02
1.761859251657096479e+02
1.604633450618716211e+02
1.756012946450044865e+02
-1.700636100565716617e+02
1.617108416499972350e+02
-9.310602709561642598e+01
-1.704068657372696691e+02
1.635827671695652157e+02
1.692611028990945385e+02
-1.750540334528958510e+02
-1.763477772196936826e+02
1.800000000000000000e+02
1.759504182967286283e+02
-1.661924809837987027e+02
1.791048262897889458e+02
-1.742454346688978148e+02
-1.751864491062934803e+02
-1.652373830307055584e+02
