1.771087304037794468e+02
1.748521151758637018e+02
1.789087837747374010e+02
-1.629371428265386328e+02
1.773842451245781433e+02
-1.794670313773457622e+02
1.768201698801357509e+02
-1.746441749571448270e+02
-1.797359660187408963e+02
-1.784448404949328619e+02
-1.788655783690230123e+02
1.608209919741892975e+02
-1.754031924702905485e+02
-1.677352262721076102e+02
2.087983832723344424e+00
1.795575703419605418e+02
1.075535448263398877e+02
-1.763477772196936826e+02
1.738953151230711285e+02
9.077422016492806733e+01
-1.780347394280794902e+02
1.795264919412650784e+02
-1.693260187797774847e+02
0.000000000000000000e+00
1.788188110866733780e+02
-1.665812919189312709e+02
1.792559407971112933e+02
1.035905248808371226e+01
1.792042764472607246e+02
-6.981057406829795475e+00
8.548008888546483774e+01
-1.717872198107141344e+02
-1.782465951399284450e+02
-1.794123715837600344e+02
1.746106882400266045e+02
-1.788248667627606494e+02
1.765466837494689116e+02
9.135106508271964287e+01
-8.332560096374171721e+00
-1.790906195508008523e+02
6.028999135822399325e+01
8.303154862580108819e-01
1.773162248405310208e+02
1.766514051855431262e+02
-9.143808570740365838e+01
9.078125766160864885e+01
-1.795724274931666002e+02
-2.540118867541399439e+01
8.525706513147063959e+01
1.636104596659652373e+02
1.800000000000000000e+02
-1.739594348171027320e+02
-1.732243438306010148e+02
1.749662130437999679e+02
4.398705354995532169e+00
1.721565789250493879e+02
1.663954711353679272e+02
-1.657499673021964099e+02
-1.710572460515903117e+02
1.768664975672404296e+02
-5.599339336520571031e+00
1.776140559696112007e+02
-1.784587813562761198e+02
1.797046635460529558e+02
-1.786163130326314956e+02
1.753331416285610089e+02
1.715110561194952936e+02
-1.794212744343922452e+02
1.800000000000000000e+02
-1.502179619122141219e+02
-1.788023532853916322e+02
-1.029498544732788332e+02
-3.964654722856122859e+00
-9.181830296445184558e+01
9.164328065449278427e+01
-1.742635046131288448e+02
1.692868769772089763e+02
-1.393354300858401871e+02
1.683010623911973482e+02
-1.797245416438647680e+02
-1.659637565320735177e+02
-1.631416012322617348e+02
1.647212346703388448e+02
-1.714009112892225346e+02
-1.695085229876684139e+02
-1.781265069864000736e+02
-1.715410875998294387e+02
7.765166018425333050e+00
-1.794093427853533171e+02
-1.735277296970969587e+02
1.665388516925770261e+02
-1.776507213525198665e+02
-1.781912606775079553e+02
-1.770436893424963500e+02
-1.773057157101439145e+02
-1.745226312711711216e+02
-1.721260618682743768e+02
-7.848616881551298263e+01
-1.791140534061457572e+02
9.136392753160292557e+01
1.789630855354699008e+02
1.634651621426548616e+02
-1.726865113719683507e+02
-1.726865113719683507e+02
1.782465951399284450e+02
-1.767038840274537108e+02
1.759324804334198689e+02
1.019042657154917464e+02
1.773162248405310208e+02
1.768201698801357509e+02
-1.746717652180201696e+02
1.730540323792371851e+02
-1.773162248405310208e+02
-1.782816419983445542e+02
1.731788476352156465e+02
1.664550266320544836e+02
1.753937021493581483e+02
-9.410649716517042407e+01
1.706852202457102408e+02
1.727468053872746623e+02
-2.398421334092505131e+00
-1.792461516669292223e+02
1.782717723495014468e+02
1.759350526922573010e+02
1.772736890060937469e+02
1.765398167710135624e+02
-1.754622274920933762e+02
-8.630861401354873408e+01
-1.482633287434063334e+02
-1.607239011465321710e+02
1.792151753970080961e+02
-1.757108466711809740e+02
-1.767379665226032444e+02
-1.795017883873863695e+02
-1.622323595329130796e+02
-1.663135432701897116e+02
1.706650015368617801e+02
8.442780219603621106e+01
9.951096037929060856e+01
-8.631772593769473190e+01
1.769727548177200163e+02
1.800000000000000000e+02
-1.748330510803322682e+02
-1.668093892877931523e+02
1.633755218560350215e+02
1.747261040426482452e+02
-1.733225978219587660e+02
-1.701701076653625648e+02
1.407289512847448805e+02
-1.765317707410828802e+02
9.451398845800126480e+01
-1.444968585386910149e+02
-1.791615850255978728e+02
-1.112641246605522980e+02
-1.755361488180316201e+02
7.380452711502987029e+01
-1.746990734834743080e+02
-1.726232739930547382e+02
1.796167563543652648e+02
-1.758510963022656597e+02
-1.735630793991446694e+02
1.679432374661673748e+02
1.643577535427912721e+02
-2.045408488887227705e+00
-1.599933052622597529e+02
9.458609889617085287e+01
-1.716808033505002697e+02
2.740790594182570317e+00
-1.748826851500273563e+02
-1.725329233597396694e+02
1.534341499700768718e+00
-1.673666380647249809e+02
-1.766690826195499540e+02
8.294769399215880412e+01
-1.771886264054734852e+02
1.715630958685941039e+02
9.706473675040260218e+01
-1.743693172423647582e+02
-1.685934474160276011e+02
-1.722079219217815762e+02
1.677229019488919732e+02
8.219590140805610190e+01
1.749328382741468033e+02
-1.769552215558060198e+02
1.788065105760179847e+02
-1.756012946450044865e+02
-3.546676720996998711e+01
1.670272936389516190e+02
-1.606836471804958535e+02
1.477766447692521297e+02
-1.735630793991446694e+02
1.791615850255978728e+02
1.028682955929397878e+02
-1.702382252249577448e+02
1.702078537570825176e+02
-1.783788540863465926e+02
1.654655449194598873e+02
-1.782020681430994955e+02
1.783476953223486987e+02
-9.032969698971092143e+00
-1.732429024554941179e+02
1.749262952699370430e+02
1.796984460501317358e+02
1.794464348141176231e+02
-1.641808060524998609e+02
-1.597897307848427886e+02
-1.739909940425054629e+02
-1.654397243806431277e+02
-1.746789787672987870e+02
1.789087837747374010e+02
-1.738572818476454529e+02
9.620982614718626280e+01
1.676972736747572981e+02
-1.698835569499618146e+02
1.767078528870039804e+02
-1.618298988108053607e+02
-1.739623174785771198e+02
-1.778789036033385571e+02
-1.783788540863465926e+02
-1.797310077063035294e+02
1.781720317556950022e+02
-1.709670303010288990e+02
-1.684762782961026915e+02
-1.779752349184389573e+02
-1.730032336428656947e+02
-9.327898625885443096e+01
-1.716167515190706467e+02
1.753567274168811423e+02
-1.449476261234341621e+02
1.727197109160062780e+02
1.779079337205198499e+02
1.777002005782080118e+02
-1.764407331787167834e+02
-1.588156711549538898e+02
-1.782100893917539395e+02
-1.749662130437999679e+02
1.707273982227997067e+02
-1.622842072936230693e+02
-1.623266931879653043e+02
-1.702563587129628502e+02
-1.797284580543154675e+02
1.748750766540209440e+02
-1.705873705631338453e+02
-1.674066700438968667e+02
1.661757004957385959e+02
-1.776386253418243939e+02
-1.748055710922652111e+02
-1.730616141946637754e+02
1.616616712870301740e+02
1.773120310343964263e+02
1.774081332947650083e+02
-1.738448316567260008e+02
6.120207014983123628e+01
1.640952971174573634e+02
-1.949053050797542852e+01
1.156410058243052816e+02
-1.251158759924779389e+02
1.685134110060776038e+02
-1.634290488330861706e+02
1.708858249452087819e+02
-1.733407927338631964e+02
-8.521547031183497722e+01
-1.654758480625808090e+02
1.727249950421107485e+02
-1.797046635460529558e+02
-1.794212744343922452e+02
1.749137782903653715e+02
1.671167234867314448e+02
-1.748718089581471702e+02
1.313838861038452706e+02
1.612001148413473288e+02
6.068590592006641060e+01
1.740035259275884698e+02
-1.500352346637987466e+02
-1.777295503293348986e+02
1.785386899091187729e+02
-1.776626941408761979e+02
-1.722733823809027740e+02
-1.569745079914719668e+02
1.785236314901869150e+02
1.711381355936024420e+02
3.407719528013073784e+01
1.648759926916894187e+02
-9.985308020417481600e+01
1.723275884002204634e+02
1.918879715599278057e+01
1.597603086303817008e+02
-1.228049503381013068e+02
1.794861502836458556e+02
-1.770339591100128871e+02
-1.791048262897889458e+02
-1.769285378829296178e+02
9.507370473006295697e+01
-8.049322801073431322e+01
-1.578905516562483342e+02
0.000000000000000000e+00
1.742030313809300139e+02
-1.475754654997444391e+02
1.733729405671275572e+02
-1.678661198293666814e+02
-1.726809806244095853e+02
-1.762810060268419647e+02
-1.608870262663266999e+02
1.644913618031702072e+02
-1.736263606341225056e+02
-1.663286928678041647e+02
1.800000000000000000e+02
-1.681901170429717638e+02
-1.362453642667683482e+02
-1.751354855622394950e+02
1.735108336040724453e+02
1.800000000000000000e+02
-7.034617594194669721e+01
1.269228512162688105e+02
1.759717363335148548e+02
1.729052508323889867e+02
-1.767713521303643915e+02
1.774614554016012278e+02
-8.861864406397563343e+00
-1.544184707420611176e+02
-1.616514700851695352e+02
1.787939512207800590e+02
-1.393668389625565283e+02
-1.757636052009411856e+02
