-9.111282154510006137e+01
-9.361087318975413041e+01
1.758240436375093623e+02
1.708338682467177136e+02
-1.728961738972822104e+02
-1.784522506087328111e+02
1.756689628132270968e+02
1.706110292834983966e+02
1.738995246646472026e+02
1.719184706416981498e+02
-9.000000000000000000e+01
-1.712570708234045185e+02
1.754550715356058674e+02
-1.799780576835508441e+02
-1.790756635130949519e+02
7.650479577587663016e+01
9.272529864732416627e+01
5.382814111189659201e+01
4.925251819449079704e+01
1.606768707539702632e+02
1.880715152834926940e+01
-1.773483526108500712e+02
-4.012763503865723180e+01
1.777761663864700665e+02
1.769676344824942760e+02
1.350147282346026145e+02
1.789093216381838829e+02
-1.720170094542569075e+02
1.790980562113543044e+02
-1.750285790683884102e+02
-9.398190030486270530e+01
-1.791514812130164387e+02
2.887364736485545702e+00
-2.222723329490290922e+01
-1.790533541038288092e+02
9.119397511314784310e+01
-1.783148319399132902e+02
1.680887845680284158e+02
-1.305845344926788414e+02
1.778995987910895735e+02
-1.776376750960855304e+02
1.739018431604160924e+02
-1.769789646509059367e+02
1.788660168308461493e+02
-1.763601038420744942e+02
-8.952664474785825632e+01
1.620250831269859191e+02
-1.700370427212716038e+02
-1.706174568257740702e+02
-1.647606640720581197e+02
2.532684515844926931e+00
1.143651529357966190e+01
9.785057391258283133e+01
9.000000000000000000e+01
1.690057508248675049e+02
1.788080324444815119e+02
-1.767957832992822205e+02
9.241202036066441394e+01
1.741209306044978291e+02
-1.745097249882723816e+02
-1.685883341886905669e+02
-1.737986358580618287e+02
8.645901848230337805e+01
1.779685234362541451e+02
-1.771602969158062137e+02
1.775310517067788396e+02
1.764340350806136541e+02
1.800000000000000000e+02
-1.723607648424195418e+02
1.776155915297466663e+02
-1.789475987701783595e+02
-1.712570708234045185e+02
8.607259293836027325e+01
1.709779265322477499e+02
1.789929513400172709e+02
1.788979691694462417e+02
7.196305671182549268e+00
-9.568843271334336009e+01
1.751778389344582649e+02
1.800000000000000000e+02
8.299635644113759270e+01
1.800000000000000000e+02
-8.609046160985548113e+01
1.563815661942421400e+02
1.693354774467314883e+02
1.730533658169554485e+02
1.788080324444815119e+02
9.776743657299464019e+01
-1.777551162674671161e+02
-9.056149031481778877e+01
8.817456993813994615e+00
-1.706371936983178728e+02
7.809329193602638952e+01
1.800000000000000000e+02
-1.128841050842096472e+01
1.758494551359644618e+02
-1.794163545421760659e+02
-1.764834268203601084e+02
-1.768523222818246836e+02
1.629169322363228218e+02
-1.747011951913976020e+02
1.762361843649573245e+02
-1.399550394148358805e+02
-1.739983172928507145e+02
-1.728180654938176986e+02
-1.795253758296809394e+02
1.800000000000000000e+02
1.761845099029774815e+02
9.878705983766606380e+01
-1.794867904850857201e+02
1.722321091577198615e+02
-1.703142311624895342e+02
-1.763268132390381027e+02
-1.730207788923806049e+02
-1.732189312305623332e+02
1.063836026276186999e+02
-9.367593528828300009e+01
1.790145406710149416e+02
1.777623387503921322e+02
-1.713453626420478599e+02
-1.777099856801055182e+02
1.744105184892174805e+02
1.751678674458747480e+02
-1.731953975161169694e+02
1.761135598426810986e+02
1.800000000000000000e+02
1.745544994252466040e+02
1.768481563317216114e+02
-1.767199335441488586e+02
1.773154067657017663e+02
-1.771586479912193113e+02
1.752677923231413502e+02
-1.790039903538005035e+02
1.740712392878608341e+02
1.781867987216223241e+02
-1.698583751582366688e+02
-1.782370795867760762e+02
1.800000000000000000e+02
1.700133012224419247e+02
-1.732920723070047018e+02
1.781192023939557032e+02
1.743115672866566399e+02
-1.686005361524456703e+02
1.794756559420803228e+02
-1.795908655439021686e+02
1.692636358130211249e+02
1.759127595765757803e+02
1.786538253633409852e+02
-1.743887809986645436e+02
-1.742672481524193415e+02
1.722142793138069976e+02
-1.686685487936057370e+02
-1.762675494726482839e+02
-1.729178912382157591e+02
1.637033554774602662e+00
1.782636107018911673e+02
-1.741668627189589245e+02
9.598280913745965393e+01
-1.743179776453978036e+02
-1.799776188372660783e+02
-1.780754475628289981e+02
-1.776373296695540489e+02
1.800000000000000000e+02
1.695435375473377633e+02
-1.747676898961006486e+02
-1.699273286160901932e+02
1.636523280409115841e+02
1.757623902850720867e+02
1.734612269617774132e+02
1.777323491387882086e+02
1.800000000000000000e+02
-1.699619777293734728e+02
8.750974306891427545e+01
-1.711948304614472534e+02
-1.732923449494099088e+02
1.783628142175866742e+02
-1.779354543565661118e+02
-1.758312537586056123e+02
1.794210460116478316e+02
1.800000000000000000e+02
-1.591641583010491274e+02
8.511034854966726471e+01
1.692668298567475347e+02
-1.775720459571386414e+02
8.514868285488314825e+01
1.665254308143141486e+02
8.362465773333877905e+01
-1.760399861549986156e+02
9.000000000000000000e+01
1.763462629885859485e+02
-1.783159602399641983e+02
-1.005557611974426067e+02
-1.697810343398345481e+02
8.941513637062681141e+01
-1.749098431833536722e+02
1.743344766310341356e+02
1.767392532708231556e+02
-9.056149031481778877e+01
-1.766223679859798779e+02
-1.733761610184770348e+02
1.666032458730842905e+02
1.777761663864700665e+02
1.700379994601852900e+02
-1.686939789812728634e+02
-1.778782902435330584e+02
1.800000000000000000e+02
1.800000000000000000e+02
1.787957477194142371e+02
1.733979704876275321e+02
1.773805175575892576e+02
1.698316290804557696e+02
-1.737540644860813472e+02
-1.746021006458170746e+02
1.754272645044872547e+02
-1.795104678378026222e+02
1.769680802534223858e+02
1.800000000000000000e+02
-1.698503689068965343e+02
-1.715085346198353875e+02
-1.717256845718874274e+02
-1.739292128731919718e+02
-1.760897296477356235e+02
-1.755057605977283401e+02
-1.728731709524303426e+02
1.758201187661618405e+02
1.750326737590148412e+02
1.787944467788473162e+02
8.164629596160256142e+01
6.481172058782260770e+00
-1.575820278771243181e+02
-1.600814014344220766e+02
9.844430846345971986e+01
1.656546674274059328e+01
9.908971974954668838e+01
-1.501669098107486207e+02
-1.694686547464778243e+02
8.100166807305662076e+01
-8.817127232803136394e+01
-1.675575306560314459e+02
9.049838089106653172e+01
-1.651684647139762596e+00
-1.765331353259375362e+02
-1.737540644860813472e+02
-1.779538784868269659e+02
1.772155198753385434e+02
-8.783821113440495765e+01
-1.731236526941608531e+02
1.188121327912960901e+01
1.793666864754541166e+02
-1.766993713024450869e+02
1.766444940165806941e+02
-1.669214596482066497e+02
1.794151363706268114e+02
-3.849197410292302113e+00
-1.719306189755042169e+02
-1.740963081565017205e+02
-9.909376985241509317e+01
1.640773451593576340e+02
-1.669158911323199277e+02
-1.586060506502579415e+02
1.766554064807776001e+02
-1.742914206606519372e+02
6.994477392268720450e+00
-1.623909813207915818e+02
9.051634592950725278e+01
-1.746479674880673940e+02
-1.779377546251270417e+02
1.747219507564790888e+02
1.764251164742931621e+02
1.721284559153849898e+02
-1.718004920240333604e+02
-1.689364826232844052e+02
9.000000000000000000e+01
-1.780057950211815694e+02
-1.723183711796903026e+02
1.743985291272359177e+02
1.549978669432609593e+02
6.095746450381994030e+00
-8.505588125878431072e+01
-6.322161261440554370e+01
-8.216317097365467248e+01
1.259119879609287409e+02
-7.798194367567670326e+01
-9.222383361352994768e+01
9.457534498744695384e+01
-1.611601013007305596e+02
1.445675540005485260e+01
-1.690414458362920129e+02
1.624000127536538969e+02
1.613967399208739550e+02
-8.407767782555707470e+01
-1.788979691694462417e+02
-1.285837467262366829e+02
1.701988569077050499e+02
1.788060248868521569e+02
1.733719181598765999e+02
-1.765331353259375362e+02
-8.732554828792885360e+01
-1.152112719004247481e+02
1.760904616098554811e+02
1.771879947984241710e+02
1.698316290804557696e+02
-8.890932163818385447e+01
2.536541460537049275e+01
1.790579101080133171e+02
-1.778312593916494393e+02
1.751374965225872984e+02
1.759307112147274950e+02
-1.703833961829940051e+02
1.028528143185459527e+02
-6.680967560562289975e+01
1.043874213785629905e+02
1.800000000000000000e+02
1.717646185698762906e+02
1.800000000000000000e+02
-1.770107070409711412e+02
-7.764909386605253871e+01
1.723697059556123179e+02
1.630029521196993585e+02
1.698585389701471797e+02
-1.731598731822395791e+02
-1.635714213327775042e+02
-1.686674163184082431e+02
-1.794156024022234135e+02
