9.283666010112546019e+01
1.757041594887284930e+02
1.746990734834743080e+02
1.784845920999778741e+02
1.765142088168778685e+02
1.790079644340113987e+02
1.778983456723287304e+02
-1.742231945119523289e+02
-1.637611583703077258e+02
1.751415370809657190e+02
-1.797297388935058677e+02
1.752594894261088427e+02
-1.765890550446442830e+02
1.788248667627606494e+02
1.778252558853899643e+02
1.687462949657443403e+02
-1.757830571708314267e+02
1.773574547059352824e+02
-8.622453417571018974e+01
1.737459672560835315e+02
1.752143045076250587e+02
-1.771375947738882530e+02
1.639741325515502410e+02
-1.736278886030675039e+02
-1.797592628472782224e+02
-9.456435282653740160e+01
-1.726632261904539121e+02
1.800000000000000000e+02
-1.791185960034178777e+02
1.721847064532331331e+02
1.778789036033385571e+02
8.504287393031930264e+01
-1.768519039004372644e+02
1.752560340569595496e+02
-1.749868862449641824e+02
9.000000000000000000e+01
-1.757636052009411856e+02
-1.770185387800177921e+02
1.772342381657504973e+02
-1.714163785198860523e+02
1.748055710922652111e+02
-1.734579618537881345e+02
-1.755587588105672125e+02
-1.757358366508472614e+02
-1.792808438834549349e+02
-1.717675229254041653e+02
-1.719481705199829946e+02
1.800000000000000000e+02
-1.782007242758659515e+02
1.800000000000000000e+02
-1.752115334496864136e+02
-1.654218521626678182e+02
-1.767754773934801165e+02
-7.602827877902512910e+01
-1.698846386759328482e+02
1.730032336428656947e+02
1.668835638746085408e+02
-1.717087285083089228e+02
-1.560067894307718461e+02
-1.700737544933483036e+02
-1.783397176310171801e+02
-1.755787105785693996e+02
-1.641314595587001293e+02
1.709806775686183187e+02
1.186812534267014456e+02
1.782816419983445542e+02
-1.737790500788403847e+02
-1.779228252348372052e+02
1.791736758602707482e+02
8.608586278138757564e+01
-1.677352262721076102e+02
-1.773162248405310208e+02
1.767602997038978856e+02
1.764421481338819149e+02
1.756635952143400061e+02
-1.737256654429181992e+02
-1.748055710922652111e+02
-1.086278631764550511e+02
9.056170533256654664e+01
-1.797106298365594057e+02
1.800000000000000000e+02
-1.797708181042459046e+02
-1.759555144258189046e+02
-1.739176633067179409e+02
-1.687462949657443403e+02
-1.745962086397503015e+02
-1.704030755818532725e+02
-1.782791851663271530e+02
4.864514437760526278e+00
-1.788248667627606494e+02
-1.765906639795098556e+02
1.721672044337653631e+02
1.612113780178315494e+02
-1.668462918055231228e+02
-8.144203487654176854e+01
-9.022826883015342503e+01
8.728542273099893123e+01
1.686900675259797993e+02
-1.053289217273055840e+02
1.781858080909700561e+02
1.762359651350942897e+02
1.777784328670639695e+02
1.673004155104026438e+02
-1.784448404949328619e+02
-8.855344431342608402e+01
-8.010939505824195805e+01
1.789035639160069877e+02
-9.693434890126955850e+01
-1.797135234897229452e+02
1.777879579979516507e+02
-1.781744576926701313e+02
1.795592719272389957e+02
-1.738219350978716591e+02
1.653688061664667828e+02
-1.782554901584111064e+02
1.750086667424754694e+02
-1.793513962411090290e+02
1.747625239331874809e+02
1.743485051185023735e+02
-1.779120161672766471e+02
-9.059371739621259678e+01
-1.779454271190743384e+02
1.770940790003466532e+02
1.736292830681059911e+02
-1.794620272698877557e+02
1.759527980848778270e+02
1.797135234897229452e+02
-1.755095480788836824e+02
7.724788024979238799e+01
1.704919143995390698e+02
1.617424369246102742e+02
-1.678557219504330078e+02
1.678631755447077296e+02
-1.780817196748531899e+02
-1.757858214772659551e+02
1.744976595738174865e+02
1.759527980848778270e+02
1.787811247648687072e+02
-1.741303995569853100e+02
-1.787939512207800590e+02
1.695085229876684139e+02
1.732901631922430852e+02
-1.714308581201623554e+02
-1.757858214772659551e+02
-1.729063270722129175e+02
9.415964229371263627e+01
-1.779854012121294318e+02
1.791275428770979943e+02
-1.752130008790499858e+02
8.970002483769609114e+01
-1.708011913456626303e+02
1.800000000000000000e+02
-1.793338000298168708e+02
1.794183369424946193e+02
1.800000000000000000e+02
-1.794670313773457622e+02
1.281572265873690526e+02
1.800000000000000000e+02
-1.790289780689208499e+02
1.685180086452519106e+02
-9.000000000000000000e+01
1.770643265535788373e+02
-1.680066512764130096e+02
-7.976895655548176478e+01
1.607099537808112473e+02
-1.647655135537072795e+02
9.026403398125910371e+01
-1.796952380895789361e+02
-1.756839724801344005e+02
1.775633517531898633e+02
1.779545915111127954e+02
1.797015871800051343e+02
-1.723493490446406042e+02
-1.770185387800177921e+02
-7.674276115341889692e+01
-1.786921043983362267e+02
-1.773615081745888062e+02
-1.694341267288685060e+02
1.701975032847547595e+02
-1.751354855622394950e+02
-1.744278021960361968e+02
1.791275428770979943e+02
1.777652011412611444e+02
1.800000000000000000e+02
8.682016988013576508e+01
1.101183017164437139e+01
-1.744006606634794423e+02
1.670446807187342131e+02
1.758752333938576271e+02
1.696951535312339843e+02
1.778900571518667562e+02
-1.779335230143557567e+02
1.790906195508008523e+02
1.748055710922652111e+02
1.747461972487377295e+02
1.771087304037794468e+02
1.649315118405077953e+02
1.784636998711162335e+02
1.778079302797755759e+02
-1.743907255535542049e+02
1.764236656250026556e+02
-1.787653682945958735e+02
-1.792292512546080161e+02
-1.708305610147782829e+02
-1.749820203613654428e+02
1.773085899842216122e+02
-1.778789036033385571e+02
1.629853167234770410e+02
1.739760069176803654e+02
-9.241950921665633700e+01
1.791736758602707482e+02
1.797335099239415968e+02
-1.793904934233248127e+02
-1.783476953223486987e+02
1.685223730403922389e+02
-1.794594898128693501e+02
-1.581985905136481847e+02
-1.771485437092629240e+02
1.723566219285204397e+02
-1.773301102379923861e+02
1.715421562518765768e+02
1.767547450961098434e+02
-1.778426174907021107e+02
-1.792428311349414685e+02
-1.791491351352697166e+02
-1.790954049662673242e+02
1.754367702457621476e+02
1.757241588873710612e+02
-1.752852454812950498e+02
-1.785497837090665598e+02
1.738758139395375224e+02
9.995581370400779520e+01
-1.775736641683976416e+02
-1.727197109160062780e+02
-1.766028670806602463e+02
1.718698976458440200e+02
-1.778900571518667562e+02
-1.793704013915897235e+02
-1.788633281224012137e+02
1.800000000000000000e+02
1.711702553320909317e+02
-1.791736758602707482e+02
-1.797284580543154675e+02
-1.759717363335148548e+02
1.762053277316842355e+02
-1.781775673123671311e+02
1.044702941000658996e+02
1.755371815279594898e+02
1.760652179436305573e+02
1.750175804096242018e+02
8.850825956462728072e+01
1.772736890060937469e+02
-1.782708412558407076e+02
-1.761214754971522893e+02
-1.778079302797755759e+02
-1.746106882400266045e+02
-1.755056423473680240e+02
-1.721553039004704146e+02
-1.778789036033385571e+02
1.727857379607932273e+02
1.757830571708314267e+02
1.672928864986834014e+02
-1.745309050298880891e+02
1.797551477319556739e+02
1.797061780653492917e+02
-1.797135234897229452e+02
1.797258596062667664e+02
1.797076771307714580e+02
1.787964841906949687e+02
-1.626994728080550203e+02
1.788367937547588724e+02
-1.770339591100128871e+02
1.714163785198860523e+02
1.722107145220383302e+02
1.776978917075634001e+02
-1.677576688011255897e+02
1.756012946450044865e+02
-1.782007242758659515e+02
-1.796952380895789361e+02
1.779954659678941198e+02
-1.750862012376252608e+02
-1.701233988257861824e+02
-1.765236872507988721e+02
-1.776862775021757841e+02
-1.741113912539543662e+02
-1.783070215623710908e+02
1.794952044314441650e+02
-1.776434786542106394e+02
-1.787174729172898253e+02
-1.662284002829175904e+02
-1.708376529542782976e+02
-1.734749175313521619e+02
1.792361015390700345e+02
1.748301721124421704e+02
1.768361163811192682e+02
1.729792208547987968e+02
-7.474488129694222494e+01
-1.796968505562858809e+02
1.756430249941537056e+02
1.753645365730973538e+02
1.675690779237122854e+02
-1.797061780653492917e+02
1.797335099239415968e+02
-1.787546357332316518e+02
1.688961665633639200e+02
1.623115337517672003e+02
1.671317044070602265e+02
1.693507803407550796e+02
8.589612452736305670e+01
-1.682194762230845981e+02
-1.793969088056194607e+02
-1.718327649358690792e+02
1.756199395449363578e+02
-1.519023170325640706e+02
-1.732744829026747482e+02
-1.656354175503028046e+02
-8.356307939914469785e+01
-1.625672075009156572e+02
-1.772628436949393347e+02
-1.759527980848778270e+02
-1.703519546839018517e+02
-1.760443545196158368e+02
1.743129466226849615e+02
-1.770643265535788373e+02
