9.045950337326874591e-01
1.722733823809027740e+02
1.728409195769231985e+02
-1.687992022121155742e+02
-1.796968505562858809e+02
1.640546040990771246e+02
1.779545915111127954e+02
-9.649580184541764538e+01
1.677116768367246777e+02
1.702475750583462286e+02
1.760156839976278036e+02
1.758553762588957170e+02
-9.400417294070939533e+01
9.079942411331755636e+01
1.485571929295356313e+02
1.714692343900518665e+02
1.699920201985586914e+02
1.712122437124371856e+02
1.765491568062488454e+02
1.771505254393227915e+02
1.748871502201175190e+02
1.715449723228225309e+02
-1.787811247648687072e+02
1.797612689669010990e+02
-1.774489049109990617e+02
1.554838388564068339e+02
1.773313654306557225e+02
-1.758295634751578973e+02
-1.795558555668880558e+02
1.790164780808609066e+02
1.731986851760184436e+02
-1.794815003127093291e+02
1.734458194096072532e+02
1.797371771667634732e+02
1.714896862112475446e+02
1.745361571867633756e+02
1.797297388935058677e+02
1.634356325872815603e+02
1.733618187070525778e+02
-1.594748920233673175e+02
-1.738370111308844344e+02
-1.780443186024771194e+02
-1.797000248376961054e+02
1.750395893124379256e+02
1.764236656250026556e+02
-1.789390883097357801e+02
-5.654420822640700450e+00
1.765142088168778685e+02
-1.791094637466394204e+02
1.606048766104116510e+02
1.764785466230777899e+02
-1.797149487224161817e+02
-9.000000000000000000e+01
-1.696951535312339843e+02
1.783397176310171801e+02
9.047945139879657006e+01
1.743176313821449526e+02
1.724436559435605432e+02
1.719952711427071677e+02
1.800000000000000000e+02
1.768995085501922233e+02
1.794694986833262078e+02
-1.731986851760184436e+02
-1.797106298365594057e+02
-1.775212108914216742e+02
1.761062924449028628e+02
1.742072035049678504e+02
1.790411643387504910e+02
1.733979197703520185e+02
1.791406277563553431e+02
1.786425341554694057e+02
-1.737790500788403847e+02
1.678661198293666814e+02
1.792948567786503133e+02
-1.695187818558690651e+02
1.779726772994997930e+02
-1.789860212772147179e+02
1.742622653299436024e+02
1.765448266322806035e+02
-9.000000000000000000e+01
-9.809208259894462856e+01
-1.758935028348295759e+02
-1.716419315562999941e+02
1.764785466230777899e+02
-8.975824709073189922e+01
1.785959727808957211e+02
1.791892647807376306e+02
1.745852979290443443e+02
1.779854012121294318e+02
1.765716314411450298e+02
1.772208331359279327e+02
1.774104981527590894e+02
1.719348588192707723e+02
1.746441749571448270e+02
1.744278021960361968e+02
1.797135234897229452e+02
1.735169263071027501e+02
1.777207739785733054e+02
-1.725497509313438229e+02
-1.794410345191678573e+02
8.894881925045625337e+01
1.781720317556950022e+02
1.719121200254620021e+02
1.763396014521245831e+02
1.702050938890905911e+02
-1.766335393365701805e+02
-1.771518120886121039e+02
1.739153061347312530e+02
1.769872124958166637e+02
1.800000000000000000e+02
1.684762782961026915e+02
1.737256654429181992e+02
1.754031924702905485e+02
1.714270016363886100e+02
1.788876003837022211e+02
1.652803402825067565e+02
1.708789740054679953e+02
1.761677302538051890e+02
1.759336812251940216e+02
-1.746607631962624225e+02
1.760652179436305573e+02
1.289041384554041940e+02
-1.616570186414541581e+02
1.800000000000000000e+02
9.000000000000000000e+01
1.765491568062488454e+02
-1.797335099239415968e+02
1.776015786659074820e+02
1.679460083230910641e+02
-1.704508660712640733e+02
-9.178064244599868005e+01
1.674436197330572611e+02
1.721168606832702608e+02
-1.794355278246930538e+02
1.800000000000000000e+02
1.746358422376699480e+02
1.684861688155129968e+02
-1.794241824067550510e+02
1.746854543300552507e+02
8.626860300083954769e+01
1.737580856525849526e+02
1.782285302599659360e+02
-1.728749836510982050e+02
1.746162983231882322e+02
1.727013606082597050e+02
1.746789787672987870e+02
1.705376777919743745e+02
1.773574547059352824e+02
1.692868769772089763e+02
1.764964683552155691e+02
-1.776573879935017430e+02
1.714420348765417828e+02
1.782730122495123624e+02
1.732574133932872371e+02
1.770157178564066385e+02
1.800000000000000000e+02
-1.790122396003601750e+02
1.770436893424963500e+02
1.736144074874329419e+02
1.797245416438647680e+02
1.677934931464414205e+02
1.742609015019104106e+02
1.700737544933483036e+02
1.791854229502402802e+02
1.759757715317273039e+02
-1.728090885915796093e+02
-1.763714678445635968e+02
-1.767366686817646269e+02
1.793937180844826571e+02
1.789190758133393331e+02
1.733951645032460362e+02
1.789341549724384208e+02
-1.770492208909936664e+02
1.729100698558447959e+02
-1.682194762230845981e+02
1.761265102756554199e+02
1.712538377374447975e+02
1.701906977521209967e+02
-1.775917835588718106e+02
-1.783153156821037157e+02
1.639312991685337693e+02
1.640888514228605004e+02
-1.777017372554551855e+02
-1.756929678139976829e+02
-1.780817196748531899e+02
1.778389205117736367e+02
1.776386253418243939e+02
1.716925118983117500e+02
1.767078528870039804e+02
-1.797245416438647680e+02
1.770133630095248520e+02
1.749960800477596763e+02
1.791230922585693577e+02
-1.724225729107921836e+02
1.755587588105672125e+02
-1.766822188316651818e+02
-1.739333669263948821e+02
1.792151753970080961e+02
1.755655294938987936e+02
1.752798630689564447e+02
1.677352262721076102e+02
1.756012946450044865e+02
-1.793990173611520902e+02
1.561398248086576643e+02
1.738011626864943366e+02
-1.566659587232902311e+02
-1.773438527960428814e+02
1.703217399468660744e+02
-1.779120161672766471e+02
-1.789488192504562676e+02
1.774091980148049004e+02
1.748871502201175190e+02
1.724926533330503560e+02
1.761859251657096479e+02
1.725242626144517715e+02
1.800000000000000000e+02
-1.779854012121294318e+02
1.743693172423647582e+02
1.748786834892214017e+02
9.187349301359992637e+01
-1.791930705448976369e+02
1.766865746002072513e+02
-1.767877902398907679e+02
1.761663234629119188e+02
1.797530369625737592e+02
1.745731875014271850e+02
1.707666764907228014e+02
-1.792955791886199108e+02
1.603105995543964468e+02
-1.797031333326753213e+02
1.800000000000000000e+02
-1.791048262897889458e+02
-1.723493490446406042e+02
-1.784377750831576179e+02
-1.760652179436305573e+02
-1.742894068625003570e+02
1.792005758866824578e+02
-1.780908475670036353e+02
1.314482666451795865e+02
1.727197109160062780e+02
1.794815003127093291e+02
-9.029083902235055348e+01
1.713843518158358847e+02
1.747341596882208989e+02
-1.766499236024985464e+02
1.599660768355371090e+02
-1.721644748935114535e+02
1.623607747298172512e+02
1.785461045348911284e+02
1.727826208409707931e+02
-1.746854543300552507e+02
1.789190758133393331e+02
1.779335230143557567e+02
1.711847789767768404e+02
1.800000000000000000e+02
1.696202897504322493e+02
-1.797661409741267562e+02
1.660226422045708148e+02
1.794153694792948386e+02
1.718315213759545088e+02
-8.341805534482199391e+01
-1.765247672232699188e+02
-1.769434195518505533e+02
1.800000000000000000e+02
1.750862012376252608e+02
-1.778789036033385571e+02
-1.698244891569567869e+02
-1.713763080450740404e+02
1.800000000000000000e+02
1.777688253919687611e+02
1.800000000000000000e+02
1.776745455792247128e+02
1.743455791773592978e+02
1.791656544244532085e+02
1.790954049662673242e+02
-1.733865395176852644e+02
-1.780152968878464321e+02
1.730977788192087701e+02
1.729063270722129175e+02
-1.723448329431670913e+02
1.787546357332316518e+02
-1.794815003127093291e+02
-1.690229023352564184e+02
-1.756236496105158551e+02
1.750927001577118745e+02
1.736598082540901089e+02
1.667427611534189111e+02
1.669260811417496484e+02
-1.754173870260406431e+02
-1.792955791886199108e+02
-1.759324804334198689e+02
-1.773245733439708545e+02
1.741984131123529949e+02
1.791013163792620162e+02
1.715730309785193413e+02
1.725562835908829697e+02
1.738655900560760870e+02
-1.782554901584111064e+02
1.759717363335148548e+02
1.792079429078376052e+02
1.787875719100550782e+02
8.678779023989079633e+01
-1.715288553669851694e+02
1.793464643193221946e+02
1.756236496105158551e+02
1.763670492605118056e+02
1.738370111308844344e+02
1.800000000000000000e+02
1.733225978219587660e+02
1.778490568724839989e+02
1.794382946674334391e+02
1.756172856519889365e+02
1.351680223321664585e+02
1.787546357332316518e+02
-1.691144729453412765e+02
-1.753971317337140476e+02
-1.741030364897891900e+02
-1.773842451245781433e+02
1.143123414295651514e+02
1.736914109974451321e+02
1.745076754428725678e+02
1.756676860168115013e+02
1.733605294811063402e+02
1.788308606720925980e+02
