-1.109245017449211730e+02
-1.740793792859532232e+02
-1.772736890060937469e+02
1.789087837747374010e+02
1.800000000000000000e+02
1.758295634751578973e+02
-1.712538377374447975e+02
-3.044778444193984690e+00
1.795626361324792697e+02
1.637676493388437962e+02
-1.783788540863465926e+02
-1.646938610259101381e+02
1.778389205117736367e+02
1.589932105692281539e+02
1.748055710922652111e+02
1.720792600983589296e+02
1.582994632606825576e+02
-1.792361015390700345e+02
1.751864491062934803e+02
-1.789583733239900312e+02
1.692868769772089763e+02
1.780250659891180192e+02
-1.786486037792312231e+01
1.774362297885350017e+02
1.794382946674334391e+02
1.717241071729248176e+02
1.705376777919743745e+02
-1.668490513190552917e+02
-1.396582541096755961e+02
-1.678631755447077296e+02
1.772475145997313177e+02
-1.732464259644690117e+02
1.692711407019899639e+02
1.789291755452130417e+02
-1.221571913413085575e+01
-1.730189425931702090e+02
1.729332702835989153e+02
1.665268418872688585e+02
5.710593137499642147e+00
-1.757493454253487926e+02
-1.724673985990526432e+02
-1.642752542772525999e+02
1.700594269668869742e+02
-1.746990734834743080e+02
-1.761493611760892577e+02
9.699192534666779864e+01
1.376025622024997972e+02
-3.239700296102129951e+00
-1.741093735837959002e+02
-1.783153156821037157e+02
-1.764604408314500574e+02
1.695922886875099493e+02
9.530127832599951887e+00
-1.750445510599477643e+02
1.569384804677064835e+02
-1.763322119444685825e+02
1.727058036914591526e+02
-1.675925814725992780e+02
1.772519118199462582e+02
-1.791117645047602309e+02
1.698907015075048434e+02
1.601045686652343534e+02
1.788655783690230123e+02
1.587494944928667735e+02
3.200538320808349368e+01
-8.623596513509427552e+01
1.724926533330503560e+02
-1.786468080462203147e+02
1.742218809308733398e+02
1.621213034041586525e+02
1.667920715372208917e+02
-1.781720317556950022e+02
-1.677842808658691354e+02
-1.709723870492849187e+02
-1.754057466687335989e+02
-1.759504182967286283e+02
-1.718698976458440200e+02
8.790543182813944867e+00
1.782239557466412521e+02
1.780908475670036353e+02
1.783788540863465926e+02
1.686900675259797993e+02
-1.708194580423738387e+02
1.772241965512168633e+02
-1.724053566314085799e+02
8.337444438846725703e+00
1.776626941408761979e+02
1.741303995569853100e+02
1.683407073464770178e+02
-1.726476206401076468e+02
-1.766890584853885571e+02
-1.793969088056194607e+02
-1.711665853487809841e+02
1.427835595264654103e+02
-1.751965142409309237e+02
-1.784234499448162694e+02
1.717976457553744183e+02
-1.769872124958166637e+02
-1.701541776321474231e+02
-8.758897025338876574e+01
9.581562652949124015e+01
-1.742485979096340145e+02
1.777093899573614806e+02
1.763217612780066190e+02
-1.614045592172433885e+02
-1.610295921915134727e+02
-1.591209831194425988e+02
1.727554931475588091e+02
-1.266456491646203233e+02
-1.656064070315094909e+02
-1.003048464687660299e+02
1.732243438306010148e+02
-1.770792784789996119e+02
-1.703624618870690597e+02
-1.752852454812950498e+02
-1.755635255143426434e+02
-1.781373790506933403e+02
1.732901631922430852e+02
-1.708033441083711068e+02
1.650413639262791321e+02
-1.543978124485582271e+02
-1.673073344548820955e+02
1.757636052009411856e+02
7.405460409907715302e+01
9.888065915052024479e+01
-1.766335393365701805e+02
-1.712926297284795965e+02
-1.733201139367774317e+02
8.702223789946797794e+00
-1.025876933816487906e+02
1.004077113124900649e+02
-1.771612121589946298e+02
1.769872124958166637e+02
9.388790956083306583e+01
-1.794838357702351743e+02
1.722881075873411021e+02
1.727367552594154461e+02
-1.780113621435259290e+02
-1.776531257075127144e+02
-1.735504652961577392e+02
-9.916234704572171665e+01
1.218875235131297696e+00
9.515208170220623174e+01
-1.422669544058117026e+02
-1.698544555661036668e+02
9.792073990164107045e+01
-1.708376529542782976e+02
1.689964591482504943e+02
1.795592719272389957e+02
-1.704508660712640733e+02
1.758818102960112242e+02
1.612882621249002568e+02
1.710760115563685986e+02
1.521027289690523787e+02
8.338653951768523598e+01
1.800000000000000000e+02
-1.718019311539837020e+02
-1.769552215558060198e+02
-1.599689873191022684e+02
1.143937393861631762e+02
-1.650231640604579297e+02
1.690459373566016552e+02
1.671118148742343124e+02
1.789949139947458150e+02
9.936650995701212707e+01
-1.645286718344798658e+02
-1.700636100565716617e+02
1.553084418365219506e+02
-1.795724274931666002e+02
-9.248955292199916300e+01
1.786251652194305848e+02
-9.473093862377923813e+01
-1.711193408494797836e+02
1.800000000000000000e+02
-1.276942404666891662e+02
1.769413024259041833e+02
-1.780385823322296517e+02
1.690609088168078529e+02
-1.750882118274940069e+02
1.800000000000000000e+02
-1.015466905459273192e+02
1.024074185274007505e+02
1.626759104600290300e+02
-1.734474453291707334e+02
1.775853434791492305e+02
-1.063649181698809087e+02
-1.060664005351966637e+02
1.604633450618716211e+02
1.770096550248346148e+02
1.549831065218999981e+02
1.564051794301185225e+02
-1.773974377975002028e+02
-1.725457011872515523e+02
1.795103044068708016e+02
-1.776626941408761979e+02
1.725284408234076352e+02
1.728065299447044652e+02
1.772993706626047299e+02
-1.763588147420986729e+02
-1.559797532027351110e+02
-1.773245733439708545e+02
-1.695085229876684139e+02
-1.648459319496874116e+02
-1.790289780689208499e+02
-1.775940294833546886e+02
-1.728749836510982050e+02
1.792461516669292223e+02
1.744546826911379753e+02
-1.767602997038978856e+02
-1.787811247648687072e+02
-1.710273733851036013e+02
-1.741843734705087741e+02
1.800000000000000000e+02
1.759958270592906047e+02
1.602920211570212814e+02
1.748055710922652111e+02
-1.577509763427876521e+02
-1.794929709390852395e+02
-8.809084756700362107e+01
1.719952711427071677e+02
-1.784825858749878762e+02
-8.943273359014206392e+01
1.680379486023337847e+02
1.795144541699918648e+02
7.062602670415772721e+00
-1.137671077045815622e+02
-1.761214754971522893e+02
1.500684881594922331e+02
1.683814756472053489e+02
-8.519651424093092373e+01
-1.767295120768164338e+02
-1.762482709294740459e+02
-8.883086067209258374e+01
-1.013099324740202150e+02
-6.937646861667477083e+01
-8.560129464500447227e+01
-1.795264919412650784e+02
-8.594644576816860138e+01
1.685788137250007424e+02
-1.707164471947386630e+02
0.000000000000000000e+00
-9.160600298928225982e+01
7.792078078218435344e+00
-8.839399701071775439e+01
-8.275892827075200131e+00
1.800000000000000000e+02
1.794212744343922452e+02
-1.568685791853725391e+02
-1.771375947738882530e+02
-1.455207843138743726e+02
1.328470372108995434e+02
-1.776386253418243939e+02
1.654257838019612734e+02
9.196655891628900292e+00
-1.721260618682743768e+02
-8.149542075912118833e+01
-1.670925913287341587e+02
-8.943829466743345336e+01
-1.773632415738595682e+02
-1.769606004310730896e+02
1.525109034701492874e+02
-1.203432488842395855e+02
-1.794645410144354685e+02
-8.505403345289583683e+01
-1.776140559696112007e+02
1.643577535427912721e+02
1.621649850573319327e+02
-1.708376529542782976e+02
-9.000000000000000000e+01
-1.673666380647249809e+02
9.090938044919914773e+01
1.650332804359951524e+02
7.873938131725627620e+00
-1.713086924641151541e+02
-1.767295120768164338e+02
1.753331416285610089e+02
1.764604408314500574e+02
-1.575205656028968804e+02
-1.646730821120778216e+02
-1.698949636349620391e+02
7.869006752597978505e+01
1.787546357332316518e+02
1.065981043928610461e+02
-1.716456491646203233e+02
-1.750728900523509992e+02
1.800000000000000000e+02
-1.593764686166747708e+02
-1.781720317556950022e+02
-8.880659150520244793e+00
1.606258602313424149e+02
-1.666286680301080878e+02
-1.733161358919658994e+02
-1.635480233163462174e+02
-1.342747757009407508e+02
-8.652008249573029275e+01
-1.624201485733447328e+02
1.751864491062934803e+02
1.754622274920933762e+02
7.275004957889255053e+00
-1.710273733851036013e+02
-1.637726389564845135e+02
1.739623174785771198e+02
-8.025635871296283597e+01
-9.039482803355120666e+00
1.781159497689081945e+02
1.243302171955033231e+02
1.800000000000000000e+02
1.376078511179123964e+01
-1.653791260113683563e+02
4.685899839502702946e+00
1.440085037420251695e+02
-1.615650511770780042e+02
-1.783153156821037157e+02
-1.515570713756366388e+02
1.766050764578817507e+02
-1.021368244552922704e+02
-4.394559549647816254e+01
-1.660698057861700505e+01
1.710546181664610685e+02
1.645286718344798658e+02
-1.733201139367774317e+02
1.534341499700768718e+00
-1.730365314735119853e+02
1.782376089763394873e+02
