1.752789367317712390e+02
-1.794064147477808149e+02
-1.731875505730420457e+02
-1.754870279390381711e+02
-1.758143553672383064e+02
-1.780636012624270279e+02
-1.635057197480564639e+02
-1.773580360443400536e+02
1.761071655117254693e+02
-1.799873096495582843e+02
1.785308757021344093e+02
-1.730525318339917931e+02
-1.751224846205881249e+02
-1.681863436381305803e+02
-1.743178392440582058e+02
-1.766329328412372774e+02
1.794438637679550084e+02
1.779654089458589112e+02
-1.755683063123426848e+02
1.715857777180111725e+02
-1.696929646909590588e+02
-1.755144530491019736e+02
-1.737129300343949296e+02
1.769405129433875175e+02
-1.788190725743064036e+02
-1.753927679550662049e+02
-1.789037892332747504e+02
-1.773364676809723619e+02
-1.746844115832948603e+02
-1.708247528535330275e+02
1.778188044664088636e+02
-1.709933839602682042e+02
-1.777765020848628694e+02
-1.767386910395924815e+02
-1.651847986490804487e+02
-1.760475086899968176e+02
1.766698380202977887e+02
-1.542577725100298665e+02
1.645114577368206596e+02
-1.748815967742272903e+02
1.757522571337853492e+02
-1.791013661331012941e+02
1.022369016620519488e+02
-1.696281398397863143e+02
1.794030569652263978e+02
-1.785079257959233132e+02
-1.792224281694746253e+02
-1.739465532988997154e+02
1.747540047502361347e+02
1.792325444855305818e+02
1.776857758292526341e+02
1.676641006854979992e+02
1.742017753123504349e+02
-1.771395940624946661e+02
1.713965071472444208e+02
9.337831988642618342e+01
-1.785001156912142335e+02
-1.761054189869811353e+02
-1.770636806600145121e+02
1.768047574737170180e+02
-1.760849801469003353e+02
-1.739896447390449907e+02
1.729076677134126214e+02
1.782281380631756633e+02
1.755418796464298339e+02
9.675975516195686055e+01
-1.730487785614525933e+02
1.762178337540040332e+02
1.765912857783523577e+02
1.771945089260808857e+02
1.794465496913554432e+02
-1.750803573950552732e+02
7.691501078032617045e+01
-1.763641513845191184e+02
-1.623887235025993334e+02
-1.739637719486586320e+02
-1.785464214468116211e+02
-1.783791824228786993e+02
-1.728871042324643952e+02
-1.788145635876220183e+02
-1.745480501062020551e+02
-1.794088417504233064e+02
1.770485683385266498e+02
1.800000000000000000e+02
-1.774493515822488234e+02
-1.635658913671921368e+02
1.728447278862134624e+02
1.727045916326929387e+02
1.692539001221017543e+02
1.635344587104970913e+02
1.733284640026269017e+02
-1.784407606879245520e+02
-1.776259566501960308e+02
-1.718956273665019978e+02
1.734421628584624102e+02
8.763638576421624293e+01
-1.637428584627582779e+02
1.769865322517886739e+02
-1.716239399343622551e+02
1.764041835196625527e+02
1.782228995130470537e+02
-1.771369806951476846e+02
9.089497345170362053e+01
-1.714528432960759972e+02
1.055958497114237531e+02
-1.711521720420858799e+02
-1.677868185070292384e+02
1.760556460311445903e+02
8.787932508262692011e+01
1.800000000000000000e+02
1.714801790379189015e+02
-1.786612883787970532e+02
-1.779420467532251280e+02
1.797062427943680802e+02
8.642446373762371081e+01
-1.753265960854068908e+02
-1.561214382607230107e+02
1.701826879527112055e+02
-1.732055545259161136e+02
-1.685390880454428952e+02
-1.764957020276682158e+02
-9.746553700332087544e+01
1.792325444855305818e+02
1.720406596042287219e+02
-1.596351367306012321e+02
1.753022370776006653e+02
1.748435872221319585e+02
1.753060557274410485e+02
1.692677569773567825e+02
-1.610717934392354778e+02
1.720995868827806135e+02
1.762443601449066364e+02
-1.777547298737157462e+02
-1.791096619360349962e+02
1.722363318250120017e+02
1.753728051343326797e+02
1.726246731824531651e+02
-1.749586053315074423e+02
1.793999311337549329e+02
-1.794234013029721666e+02
-1.753060557274410485e+02
-1.775892315581825187e+02
-8.389392266783900709e+01
1.697081878067185983e+02
-1.793597734940428268e+02
-1.660142846300284702e+02
1.779640630253136635e+02
-1.759678867401407842e+02
-1.744654345580047163e+02
-1.694616844189233973e+02
1.761054189869811353e+02
-9.675975516195686055e+01
1.662273653438442693e+02
-1.745065475425170689e+02
1.043195817718100074e+02
-1.705713192167692398e+02
-1.742444197658419967e+02
-1.793773995754248176e+02
1.794152412925268720e+02
-1.797077412010641240e+02
1.624350375809123932e+02
-1.703350950713016232e+02
1.671950173747108863e+02
-1.743188379246302873e+02
1.732363622416192470e+02
1.797030672259304254e+02
1.796903775862844270e+02
-1.774610686423850154e+02
8.795503944361634296e+01
-1.699019955758330696e+02
1.530412038508326589e+02
1.682194224590804197e+02
-1.723578346345338161e+02
-1.797173535738048997e+02
-1.730065676156392556e+02
1.782551098060419861e+02
-1.704783652213255039e+02
-1.776258762369301394e+02
1.737590514441286871e+02
-1.785747211643183903e+02
1.753393150939194811e+02
1.649971950133301846e+02
1.728901570580570990e+02
-1.695068800289923558e+02
1.786618256713321671e+02
1.744076273420735674e+02
1.787814031999046449e+02
1.669070880151761287e+02
-1.786298305707999532e+02
1.776621821934810725e+02
1.755777349822328972e+02
-1.750553412340900650e+02
1.763732133970295592e+02
1.597482018420202508e+02
1.791571483128208797e+02
1.751853653870734888e+02
1.695068800289923558e+02
-1.750803175253124664e+02
8.886533707048062070e+01
1.788721795674223358e+02
1.766994889985143402e+02
1.649626924322643617e+02
-1.797351040541252871e+02
1.788646336993458874e+02
1.782551098060419861e+02
1.692055634450399282e+02
-1.764777724444752494e+02
1.679528900008283472e+02
1.692680826189872221e+02
1.687353688184966245e+02
-1.738681956971247189e+02
-1.706876110912990612e+02
1.677255518092412956e+02
-1.720487245675107317e+02
-1.780274701215193716e+02
-1.739054001340792581e+02
-1.757644447101651792e+02
-1.682291502774350818e+02
1.786486611256861750e+02
1.644204272126198703e+02
1.672314217429401708e+02
-1.751507694634944983e+02
-1.720642918807833439e+02
1.693187319611601538e+02
-1.708874270669634825e+02
-1.786685604626313761e+02
1.699329172981101124e+02
1.750999098038313377e+02
1.789679550205445651e+02
1.723430850606528111e+02
1.785185823803149106e+02
-1.695499929015034297e+02
-1.707781681744689024e+02
-1.732606642299917894e+02
-1.717424433229082581e+02
1.777330031081782806e+02
-1.729115697643503040e+02
-1.779654089458589112e+02
-1.783313146837624004e+02
1.754702162117519038e+02
1.739139886406951518e+02
1.731885020206537718e+02
-1.773432652029052292e+02
1.736046368660321662e+02
-1.088017300731357295e+02
1.765995642085661927e+02
1.720974036931966964e+02
-1.796985142302762881e+02
1.737966881924191966e+02
1.736866851363940043e+02
-1.782982836241496045e+02
8.672174579924494253e+01
1.755501094547106504e+02
1.774867158816647361e+02
-1.773004982162799479e+02
1.747540047502361347e+02
1.800000000000000000e+02
-1.788887609721111573e+02
-1.743720706735072383e+02
-1.654334871214797715e+02
1.754930294589086657e+02
-1.673540244660929375e+02
1.674913048823827637e+02
-1.728623587271163728e+02
1.741014555564303805e+02
1.736715568525766571e+02
-1.747135856907939910e+02
-1.722717338276396788e+02
1.745005813660318097e+02
1.791855887773371023e+02
-1.797351040541252871e+02
-1.779564530410547434e+02
-1.745065475425170689e+02
1.800000000000000000e+02
-1.775920286298638189e+02
1.779357810814622667e+02
-1.572864689041340682e+02
1.763262226130345027e+02
1.702351209041571849e+02
-1.709181749306830227e+02
-1.720554576804692317e+02
-1.758520165682724041e+02
1.767252518827436063e+02
-1.795061745583244885e+02
1.647317036827374181e+02
1.770036302760653939e+02
1.620199741870563344e+02
1.547334623168476355e+02
1.776502041491854413e+02
1.774891093280735106e+02
-1.746408962306614399e+02
1.782412085700600812e+02
1.714026863818738775e+02
-1.713721972658196648e+02
1.722096620762824557e+02
-1.655833895069792163e+02
-1.783673666642712590e+02
1.748859998128947097e+02
1.685603176210331924e+02
1.714963743038254051e+02
-9.897063089739405939e+01
1.770291683346974594e+02
1.667785158105765504e+02
1.608551461730235417e+02
1.669286491510736710e+02
-1.755549082057600003e+02
1.642641815791785120e+02
-1.724381885168020858e+02
1.700758442331219555e+02
-1.781916693622441414e+02
1.730417183735287665e+02
1.769128617461840065e+02
1.731320398839677352e+02
1.761669445563260581e+02
1.783936746479061242e+02
1.534244734912515185e+02
1.493204850435660376e+02
-1.789929513400172709e+02
-1.760522534090232796e+02
1.769225553132569075e+02
1.656067596221533904e+02
1.758304933003414590e+02
-1.793935802265229995e+02
-1.779115491949714283e+02
