1.759555144258189046e+02
-1.748330510803322682e+02
-1.785750257274845865e+02
1.772208331359279327e+02
1.776140559696112007e+02
-1.756012946450044865e+02
-1.761859251657096479e+02
1.739760069176803654e+02
-1.758724082974882776e+02
-1.656710603323383282e+02
1.715449723228225309e+02
-1.716600239342764951e+02
1.800000000000000000e+02
1.797163598442421915e+02
-1.598457888431544518e+02
1.800000000000000000e+02
-1.781265069864000736e+02
1.779649655431400959e+02
-1.693973868945240611e+02
-9.207717476516280897e+01
1.729115243218539888e+02
1.762994569448216566e+02
-1.785159853243378905e+02
-1.669828878109225059e+02
-1.642132079279107586e+02
1.715110561194952936e+02
1.732901631922430852e+02
-1.680238675557966417e+02
1.721709234899403782e+02
1.730470425318260936e+02
1.751611011990767111e+02
-1.260273733851036155e+02
1.722482208457032868e+02
-9.027678905217776162e+01
1.579829912320474250e+02
-1.780817196748531899e+02
1.800000000000000000e+02
1.749575489308290912e+02
-1.713358645668919564e+02
1.765491568062488454e+02
1.767038840274537108e+02
1.762994569448216566e+02
1.772736890060937469e+02
1.773974377975002028e+02
-1.794031905487708229e+02
-1.687965651347706739e+02
-1.680971878649304472e+02
1.745187034053026593e+02
-1.785159853243378905e+02
-1.717610394243647818e+02
-1.765834118082286750e+02
8.733011023799237194e+01
1.800000000000000000e+02
-1.743775993729102822e+02
-1.790906195508008523e+02
-9.206647698564422910e+01
-1.748315320236617083e+02
1.758214310311105351e+02
1.773426093170945137e+02
-1.794410345191678573e+02
1.786489349172803429e+02
-1.796952380895789361e+02
1.786489349172803429e+02
-1.786739456232951113e+02
-1.770468831465128119e+02
-1.698753283446021953e+02
-1.792115757375598832e+02
1.800000000000000000e+02
-1.786489349172803429e+02
-1.665689711293183564e+02
-1.766981343255650074e+02
1.760652179436305573e+02
1.733497996833407910e+02
1.797135234897229452e+02
-1.752363583092738111e+02
-1.756236496105158551e+02
-1.742609015019104106e+02
1.758752333938576271e+02
1.775104470780008512e+02
1.770643265535788373e+02
1.561612598168282773e+02
-1.797271650169319344e+02
1.784518423010220545e+02
1.780538048829692457e+02
-1.758078063721247020e+02
-1.781775673123671311e+02
1.688614402338163529e+02
-1.701221637101444344e+02
-1.720362129392812278e+02
-9.364627120875684341e+01
-1.777760387596145506e+02
-1.726569918829931680e+02
1.743485051185023735e+02
1.790371363743637971e+02
1.626994728080550203e+02
-1.790954049662673242e+02
-1.771844433157887693e+02
-1.782901859558584761e+02
1.797258596062667664e+02
-1.797135234897229452e+02
1.788002637618786252e+02
1.772880165325550479e+02
1.787811247648687072e+02
1.761465195463979398e+02
1.703112134396332067e+02
1.783634229583832678e+02
-1.713218311147592487e+02
1.753498151501137556e+02
1.769581578433816276e+02
-1.766514051855431262e+02
-1.761493611760892577e+02
1.779854012121294318e+02
-1.794031905487708229e+02
1.720249602700071136e+02
-1.743162936646155288e+02
-1.780908475670036353e+02
1.800000000000000000e+02
1.748330510803322682e+02
1.753181217636010274e+02
1.749262952699370430e+02
1.800000000000000000e+02
-1.700958167870261093e+02
-1.796984460501317358e+02
1.800000000000000000e+02
-1.776015786659074820e+02
-1.610992420943129844e+02
1.796984460501317358e+02
-8.603534527714388958e+01
1.723493490446406042e+02
1.679234436147242207e+02
1.784765352083481673e+02
-1.738939061527157435e+02
1.800000000000000000e+02
1.779545915111127954e+02
-1.678847581975421406e+02
-1.784991439127065576e+02
-1.788542371618248978e+02
1.784845920999778741e+02
1.800000000000000000e+02
1.797106298365594057e+02
-1.663209575121723276e+02
-1.661000125879643861e+02
1.780908475670036353e+02
1.609065079995143890e+02
1.783711750594742682e+02
-1.754462320208413644e+02
-1.793937180844826571e+02
-1.748289475819975110e+02
1.785750257274845865e+02
-1.729881417255249119e+02
-1.791615850255978728e+02
1.762435474521959407e+02
-1.763714678445635968e+02
1.650332804359951524e+02
1.742635046131288448e+02
-1.791533259761385182e+02
-1.797383772543051919e+02
-1.742593933610480974e+02
-1.773021943666836933e+02
1.780250659891180192e+02
-1.695861745290108047e+02
1.779545915111127954e+02
1.717405620201211889e+02
1.689174305369703575e+02
1.682804009050058482e+02
-1.745309050298880891e+02
-1.764909734113834361e+02
1.774104981527590894e+02
1.665941247588634440e+02
-1.789630855354699008e+02
-1.658219355852931187e+02
-1.773974377975002028e+02
1.756012946450044865e+02
-1.716257409724009619e+02
1.775342410050022579e+02
1.797046635460529558e+02
1.717610394243647818e+02
1.768040619864040934e+02
1.791094637466394204e+02
8.850825956462728072e+01
1.753937021493581483e+02
1.741439864145710601e+02
1.716419315562999941e+02
1.770185387800177921e+02
-1.772618534806448167e+02
1.752363583092738111e+02
1.770492208909936664e+02
1.754260787400991433e+02
1.779228252348372052e+02
1.788876003837022211e+02
9.512537602278984039e+00
-1.781816970355481828e+02
-1.688383737853916386e+02
1.709212421340110382e+02
1.725575587573457312e+02
9.059371739621259678e+01
-1.728037645709186449e+02
-1.772208331359279327e+02
1.755787105785693996e+02
-1.710546181664610685e+02
-1.685788137250007424e+02
1.756012946450044865e+02
1.731463648283497889e+02
1.788426669318704967e+02
-1.786800543060782331e+02
1.719539089925476105e+02
-1.782100893917539395e+02
-1.791854229502402802e+02
1.718301916372917333e+02
-1.736929080652623441e+02
8.593505269225728682e+01
-1.791275428770979943e+02
1.785004529620223650e+02
-1.788114613907911803e+02
1.700441862959922332e+02
1.483730093941240398e+02
-1.764076701537506722e+02
1.800000000000000000e+02
1.800000000000000000e+02
-1.788766972859245641e+02
1.714981205885185602e+02
1.797310077063035294e+02
-1.728749836510982050e+02
-1.753718624622676714e+02
1.687916556810735074e+02
1.749203921399854380e+02
1.727419698923487772e+02
1.652254497249534211e+02
1.663064305533515039e+02
-1.786425341554694057e+02
-1.784014629073240314e+02
1.762245341757102040e+02
1.732429024554941179e+02
-1.670053832080834866e+02
1.773438527960428814e+02
1.689728676949393105e+02
1.700222873798494447e+02
1.624201485733447328e+02
-1.735984637598502900e+02
1.696466799560705567e+02
-1.758150838748815943e+02
-1.773842451245781433e+02
1.785890591796172657e+02
1.793937180844826571e+02
1.779174347202691422e+02
1.781608591765916287e+02
-1.636441828989827627e+02
-1.796968505562858809e+02
1.735925597174668269e+02
-1.751864491062934803e+02
1.741890201417214143e+02
1.758972030767579895e+02
-1.750679125717351496e+02
-1.704905207824471063e+02
-1.740428688852917958e+02
1.800000000000000000e+02
1.797015871800051343e+02
-1.736929080652623441e+02
1.631587942638576294e+02
1.739333669263948821e+02
1.750775818128639969e+02
-1.754260787400991433e+02
1.746106882400266045e+02
1.791094637466394204e+02
-9.965378608853654896e+01
-1.771886264054734852e+02
1.770792784789996119e+02
1.785386899091187729e+02
-1.787381824611138939e+02
1.719908597029627799e+02
-1.780908475670036353e+02
1.755558938783473195e+02
6.712194197188185285e+01
1.694539659869097932e+02
1.755328409386107182e+02
-1.791406277563553431e+02
-1.781912606775079553e+02
1.758724082974882776e+02
1.784695608179852115e+02
-1.635932278530973747e+02
-1.797205106094552605e+02
1.732040559839810498e+02
-1.775889702533887942e+02
-1.794000661197460431e+02
-1.718272351224455008e+02
1.800000000000000000e+02
-1.782901859558584761e+02
-1.695625246488818334e+02
1.778789036033385571e+02
1.743732542848592573e+02
-1.743907255535542049e+02
-1.692737055338747894e+02
-1.695861745290108047e+02
-1.729421533501189288e+02
-1.789291755452130417e+02
1.707666764907228014e+02
1.784377750831576179e+02
1.781912606775079553e+02
1.734180553448219939e+02
1.788367937547588724e+02
1.744278021960361968e+02
8.251911382047633481e+01
1.743907255535542049e+02
-1.797232109478222526e+02
-1.682317110679793473e+02
1.727630779740320008e+02
-1.699920201985586914e+02
-1.782816419983445542e+02
1.731689940506484788e+02
1.777394980888587384e+02
1.720303896056786357e+02
1.779752349184389573e+02
8.647854662307776152e+01
-9.139718102729638360e+01
-1.720424747730828585e+02
1.745719028138892952e+02
-1.788599359662136123e+02
1.788929729543192479e+02
-1.797191405853166088e+02
1.744063965508877629e+02
1.750175804096242018e+02
1.727311150783524738e+02
1.709097230791776667e+02
1.800000000000000000e+02
