-1.733605294811063402e+02
1.757636052009411856e+02
1.308505993623218266e+01
1.673845555935016023e+02
-1.717328266644893802e+02
-1.770574795436313877e+02
-1.676291558357155793e+02
-1.780054306987581469e+02
1.800000000000000000e+02
-1.678134228421162106e+02
1.738147450844176660e+02
-1.755801288611453117e+02
-1.690821146395685730e+02
1.762810060268419647e+02
1.784765352083481673e+02
8.626237045658989189e+01
-1.720844875769734301e+02
-1.739909940425054629e+02
-1.796952380895789361e+02
1.800000000000000000e+02
-1.770029574197163242e+02
-1.709723870492849187e+02
-1.794437477729193233e+02
8.940934278535333135e+01
-1.782567535156942142e+02
1.784014629073240314e+02
-1.717142029760462663e+02
-1.779120161672766471e+02
8.379140145291452768e+01
-1.794031905487708229e+02
-1.711646267865505138e+02
-1.795284404459238488e+02
-1.684595022533906672e+02
1.740133359323900777e+02
-1.754790421004185816e+02
-1.782376089763394873e+02
1.695625246488818334e+02
-9.813010235415598004e+01
-1.693431517530787005e+02
-8.719362974821176238e+01
-1.665689711293183564e+02
-1.717610394243647818e+02
-1.757184637649293961e+02
1.774614554016012278e+02
1.634070065102531260e+02
-1.734294416283591147e+02
-1.745708410927828709e+02
-1.797061780653492917e+02
-1.703176489983518422e+02
-1.719016053235772858e+02
-1.684279660628116915e+02
1.768675348014319866e+02
-1.784925642412250397e+02
-1.713174761187317756e+02
1.760931836158965780e+02
1.793937180844826571e+02
-1.655043500469590185e+02
1.787039365019828949e+02
1.695861745290108047e+02
1.797551477319556739e+02
1.783010470285540805e+02
-1.781858080909700561e+02
9.560096480886301151e+00
-1.600674634380604857e+02
-1.743693172423647582e+02
-1.723493490446406042e+02
1.778490568724839989e+02
1.314236656250026556e+02
-1.773369992339328576e+02
-1.760090869015702140e+02
1.743954609376099540e+02
1.769872124958166637e+02
1.754711757630674640e+02
-1.742894068625003570e+02
1.733071246421659168e+02
-1.737655199044587846e+02
1.730250704840038622e+02
8.618592516570964790e+01
1.727886515524263018e+02
1.770436893424963500e+02
-1.747793487693760994e+02
1.737536843790098828e+02
1.737312790438558068e+02
1.800000000000000000e+02
1.690858869941892522e+02
1.515407900022127219e+00
-1.787491991852345734e+02
1.722348339815746670e+02
-1.742109911548276671e+02
-8.860959873595598424e+01
1.445580810818399300e+02
-1.797419126486638277e+02
-3.040553365100084804e+01
-1.748055710922652111e+02
-1.761663234629119188e+02
1.709097230791776667e+02
-1.738655900560760870e+02
-1.615650511770780042e+02
-1.794815003127093291e+02
-2.592845760111450204e+01
9.599819951109058991e+01
-9.547736872882887837e+01
1.791275428770979943e+02
-1.782100893917539395e+02
-1.797031333326753213e+02
-1.761677302538051890e+02
-1.721168606832702608e+02
1.775736641683976416e+02
-1.793937180844826571e+02
1.749960800477596763e+02
-8.805380488296924568e+01
-1.701664360357928842e+02
-1.755558938783473195e+02
1.666555490102596480e+02
-1.056023805997542198e+00
1.029498544732788332e+02
-1.199736238121378529e+00
8.945434240658428848e+01
1.741285205755963545e+02
1.800000000000000000e+02
-1.791854229502402802e+02
1.025617742069595693e+02
9.565149488149764068e+01
-1.773709181143613591e+02
-1.735411836212813341e+02
1.782414714395609110e+02
-1.783476953223486987e+02
1.733255309528824455e+02
-1.781177175569892768e+02
1.778524145717015017e+02
7.928687697720896210e+01
-1.720260165497023195e+02
1.770157178564066385e+02
1.080924186660688679e+00
1.782816419983445542e+02
-1.616454098614325119e+02
-1.749662130437999679e+02
-1.794645410144354685e+02
1.179129384572765957e+02
-1.719367538343027491e+02
-1.788367937547588724e+02
1.025288077091515078e+02
-1.153879062910959306e+02
-1.780443186024771194e+02
-1.629743591506120310e+02
-1.765834118082286750e+02
1.646167030331186822e+02
1.739623174785771198e+02
-1.669208762199332057e+02
-1.772880165325550479e+02
-1.706144817399569433e+02
-8.031121343963320669e+01
1.782730122495123624e+02
-1.780817196748531899e+02
-1.758972030767579895e+02
-1.797031333326753213e+02
-1.529222485970734624e+02
-1.797271650169319344e+02
-1.668835638746085408e+02
-1.789536180929018485e+02
-1.794670313773457622e+02
1.735277296970969587e+02
1.724225729107921836e+02
1.797091609776494749e+02
-1.786095987359559842e+02
1.568791513375752800e+02
-1.039752256214381845e+02
8.332560096374171721e+00
1.101015839781647543e+02
1.800000000000000000e+02
-1.747099187946287486e+02
-1.789139541739936021e+02
8.812212255271464301e+01
1.712309377468524190e+02
1.769471174852075706e+02
-1.791140534061457572e+02
-1.762053277316842355e+02
1.797383772543051919e+02
-1.683312259996310445e+02
-1.714692343900518665e+02
1.025588369409475717e+02
-1.752823974954383175e+02
-1.628416260699578118e+02
-9.000000000000000000e+01
-1.704932280107343274e+02
-1.783939970107177544e+02
1.667427611534189111e+02
-1.710850730428521445e+02
-7.851800864525191059e+01
-1.697731422936586512e+02
6.009005957494524708e+00
-1.745018372750190281e+02
1.746441749571448270e+02
1.752130008790499858e+02
-1.768778695378842940e+02
1.712766193583170207e+02
-1.750927001577118745e+02
1.787811247648687072e+02
1.797149487224161817e+02
-1.734373014910625557e+02
1.747376046004048931e+02
1.530000745968959279e+02
1.756012946450044865e+02
1.794062826037874459e+02
-1.743176313821449526e+02
1.609564694269569429e+02
-1.777320454640941705e+02
1.758295634751578973e+02
-1.747145532506174277e+02
-1.794464348141176231e+02
-1.711381355936024420e+02
-1.706334900429878871e+02
-1.706279072914209110e+02
1.750862012376252608e+02
-1.751611011990767111e+02
-1.784925642412250397e+02
-6.730040999277376557e+01
-1.781144002292203083e+02
-1.638916472588534248e+02
-1.655717732782142946e+02
-1.791815445383113854e+02
-8.909540496626732420e+01
1.755587588105672125e+02
1.733255309528824455e+02
-1.627305322378780659e+02
-8.573210669970919184e+01
1.730080746533322156e+02
1.725318992515746856e+02
-1.714827698916930956e+02
-1.738533743403533265e+02
1.728454801627104871e+02
1.797000248376961054e+02
-1.794299115550011265e+02
-1.791615850255978728e+02
-1.768347936111896104e+02
1.745187034053026593e+02
1.768040619864040934e+02
9.026162274569479393e+01
-1.737227015104024304e+02
1.696715944126961233e+02
-1.786489349172803429e+02
1.772342381657504973e+02
-1.339583733239900312e+02
-1.710273733851036013e+02
-1.733792239176850103e+02
1.754381920125429986e+02
-1.769135107362189103e+02
-1.597024302277713161e+02
-1.655717732782142946e+02
-1.689174305369703575e+02
1.685788137250007424e+02
-8.349694405511830553e+01
-1.775546909143905907e+02
-1.546395890820696479e+02
-1.738298249049703941e+02
-1.776991749851906945e+02
-1.791892647807376306e+02
-1.716419315562999941e+02
-1.727913809193127292e+02
1.797310077063035294e+02
-1.772618534806448167e+02
-1.793904934233248127e+02
1.375077017270662623e+02
-1.782376089763394873e+02
-1.742622653299436024e+02
-1.783397176310171801e+02
1.796984460501317358e+02
-8.154215625187656258e+01
-1.775194233867967455e+02
1.739909940425054629e+02
1.785311992856141785e+02
-1.782986453946738834e+02
-1.771375947738882530e+02
1.745018372750190281e+02
1.730189425931702090e+02
-1.716113110994399449e+02
-9.576263288659845330e+01
-7.610880882854515050e+01
1.137283910759525440e+02
-9.757467968315785356e+01
8.830104702855406629e+01
-1.717087285083089228e+02
1.800000000000000000e+02
1.653302909245254000e+02
-8.885993596621361235e+01
-1.646537911041908444e+02
-1.020752885831935544e+02
1.723493490446406042e+02
-1.683010623911973482e+02
-1.647235261807066706e+02
-1.689117135364392368e+02
6.092939596291007831e+01
-1.779545915111127954e+02
-3.306746480242524378e+00
1.783070215623710908e+02
1.720424747730828585e+02
-1.755205395476497188e+02
1.656710603323383282e+02
1.735041981545823546e+02
1.784161884291380602e+02
1.766690826195499540e+02
1.797395664321866207e+02
-1.570323065994390674e+02
-1.759143832200251154e+02
1.043813945910905971e+02
9.934161498594653494e+01
1.777867718236041981e+02
-1.742894068625003570e+02
-9.207717476516280897e+01
-1.683885135761115066e+02
1.709806775686183187e+02
1.773615081745888062e+02
1.793904934233248127e+02
-1.781297819042515584e+02
1.739784098609566740e+02
1.800000000000000000e+02
-1.784398003130713164e+02
-1.784925642412250397e+02
-1.666607510966366021e+02
-9.636943920611230396e+01
1.695977532348956629e+02
-1.709199271359732961e+02
-1.722129820453675393e+02
-1.733071246421659168e+02
