9.309405805891711339e+01
1.732901631922430852e+02
1.774922982729337662e+02
-1.747099187946287486e+02
1.800000000000000000e+02
1.800000000000000000e+02
1.800000000000000000e+02
1.800000000000000000e+02
1.715288553669851694e+02
1.800000000000000000e+02
-1.742321111020858666e+02
-1.768778695378842940e+02
1.713843518158358847e+02
8.924115987573145503e+01
1.781912606775079553e+02
1.739041384554041940e+02
-1.747528610983835620e+02
1.695922886875099493e+02
-1.780748162916768536e+02
8.756335175318986330e+01
1.719829069263446684e+02
-1.793219750892486957e+02
-1.733792239176850103e+02
-1.771778447001882171e+02
1.800000000000000000e+02
-1.784656585002992415e+02
-1.797106298365594057e+02
1.800000000000000000e+02
-1.789860212772147179e+02
1.795787150958314271e+02
1.795965152649412460e+02
-9.000000000000000000e+01
-1.783153156821037157e+02
-1.731909498203866065e+02
1.767295120768164338e+02
1.800000000000000000e+02
-4.275841112628942398e+00
1.784377750831576179e+02
1.748978347476418094e+02
-1.794645410144354685e+02
1.769413024259041833e+02
1.800000000000000000e+02
-1.777454250340649651e+02
-1.778141991932244252e+02
1.713358645668919564e+02
1.778789036033385571e+02
1.785913712646615465e+02
-1.786441400238933284e+02
1.699579763644705110e+02
1.774738830883804610e+02
1.800000000000000000e+02
-1.774738830883804610e+02
-1.773775985394589156e+02
-1.719509382983254966e+02
-1.784088597288054245e+02
1.668795968470227251e+02
-1.773245733439708545e+02
-1.731731376615263116e+02
-1.751147974318826925e+02
1.705376777919743745e+02
1.800000000000000000e+02
-1.768778695378842940e+02
-1.762173545534037089e+02
1.800000000000000000e+02
1.749575489308290912e+02
-1.796102388046819556e+02
1.746854543300552507e+02
1.684574742995631311e+02
1.721935991707642302e+02
1.800000000000000000e+02
1.800000000000000000e+02
1.800000000000000000e+02
1.718698976458440200e+02
-1.786028189727036306e+02
1.800000000000000000e+02
1.800000000000000000e+02
1.800000000000000000e+02
1.731572265873690526e+02
1.800000000000000000e+02
1.800000000000000000e+02
1.737655199044587846e+02
1.785679038158353649e+02
-1.794884441334129690e+02
1.700872485532761686e+02
1.789190758133393331e+02
-1.792510782171761718e+02
1.646383836881513503e+02
1.748444156825937625e+02
-1.735411836212813341e+02
1.768492835867322697e+02
1.780250659891180192e+02
1.779398889762768761e+02
-1.750302592718896904e+02
1.724673985990526432e+02
1.744278021960361968e+02
1.795416435419995764e+02
1.768588701643638785e+02
-1.729476939921588041e+02
-1.736598082540901089e+02
1.699579763644705110e+02
-1.774738830883804610e+02
0.000000000000000000e+00
1.736598082540901089e+02
1.760353452771438754e+02
-1.747691928244468045e+02
1.733255309528824455e+02
1.762604966370689112e+02
-3.394923542118278625e+00
-1.776337520085442065e+02
-1.721309244482094982e+02
1.760090869015702140e+02
1.746854543300552507e+02
-1.677995312726192196e+02
1.792882877939643151e+02
1.753893506813394083e+02
-1.675350671579350319e+02
-1.793969088056194607e+02
1.687940524925974444e+02
1.705376777919743745e+02
1.800000000000000000e+02
1.800000000000000000e+02
1.751009075462122553e+02
1.773162248405310208e+02
-1.745361571867633756e+02
-1.794645410144354685e+02
-1.683312259996310445e+02
1.680643974567325643e+02
-1.728749836510982050e+02
1.712147012821154135e+02
-1.709334972601838274e+02
1.709252419789913233e+02
1.709097230791776667e+02
1.632101696288152652e+02
-1.790122396003601750e+02
-1.777093899573614806e+02
1.700222873798494447e+02
1.761214754971522893e+02
1.711870983622555968e+02
1.800000000000000000e+02
-1.787078331137500697e+02
1.800000000000000000e+02
-1.753800765183395924e+02
1.731986851760184436e+02
1.756012946450044865e+02
1.742894068625003570e+02
1.725930878715047641e+02
-1.780748162916768536e+02
1.800000000000000000e+02
1.670925913287341587e+02
1.796303549381529763e+02
1.800000000000000000e+02
1.758553762588957170e+02
1.711353766115892086e+02
1.800000000000000000e+02
1.783476953223486987e+02
-1.773102296768495592e+02
1.735301800148268114e+02
1.788982938847936452e+02
1.707889734591833530e+02
1.800000000000000000e+02
1.800000000000000000e+02
1.759717363335148548e+02
1.800000000000000000e+02
-1.705376777919743745e+02
-1.783316625517066996e+02
1.758553762588957170e+02
-1.794153694792948386e+02
1.740938588862294978e+02
1.682317110679793473e+02
-1.795452811383068763e+02
1.800000000000000000e+02
1.756749395652615249e+02
-1.718091386235366258e+02
1.774438499214217018e+02
-1.791930705448976369e+02
1.706229393056956383e+02
-1.777542574341049146e+02
-1.771612121589946298e+02
1.800000000000000000e+02
-1.774886367328369374e+02
1.784234499448162694e+02
1.800000000000000000e+02
-1.795626361324792697e+02
-1.699630975460364937e+02
1.777803444468021041e+02
5.659481840162479571e+00
1.739909940425054629e+02
1.775736641683976416e+02
1.685412476541227988e+02
-1.659637565320735177e+02
-1.645158302860843378e+02
-1.789488192504562676e+02
-1.759958270592906047e+02
-1.775283352383665942e+02
-1.621038670749607604e+02
-1.718057366653697784e+02
-1.736128829742354753e+02
-1.790608090542644391e+02
-1.687850853153464357e+02
1.756430249941537056e+02
1.779974668681731202e+02
-1.752755483028291223e+02
1.734633663512029216e+02
1.783750236424752416e+02
1.736598082540901089e+02
1.742127570359685080e+02
-1.726942404666891662e+02
1.773974377975002028e+02
-1.794270613023165311e+02
1.800000000000000000e+02
-1.661028236849846564e+02
-1.784518423010220545e+02
1.793904934233248127e+02
1.688571101416606837e+02
-1.740625839005184901e+02
-1.743362937419794321e+02
-1.724053566314085799e+02
1.648542938555698356e+02
1.786677801461303545e+02
-1.747528610983835620e+02
1.643204758775807761e+02
1.772475145997313177e+02
-1.753893506813394083e+02
1.795103044068708016e+02
1.743296426561061310e+02
-1.772736890060937469e+02
1.800000000000000000e+02
1.761859251657096479e+02
-1.754462320208413644e+02
-1.796075692906591428e+02
-1.794838357702351743e+02
-1.749305798673875074e+02
-1.784792303388562402e+02
1.800000000000000000e+02
1.791253232288786705e+02
1.789769698113321681e+02
-1.675667648119043633e+02
-1.753331416285610089e+02
-1.776140559696112007e+02
-1.786573759734622513e+02
1.781221225527146430e+02
-1.729296551798424275e+02
1.672603532075179089e+02
-1.765317707410828802e+02
1.755328409386107182e+02
1.800000000000000000e+02
-1.743753719585540978e+02
-1.735260440313277002e+02
1.777760387596145506e+02
-1.788655783690230123e+02
-1.696409475119162948e+02
1.800000000000000000e+02
1.756347422649720613e+02
-1.775736641683976416e+02
1.782465951399284450e+02
1.756749395652615249e+02
1.800000000000000000e+02
-1.794694986833262078e+02
-1.608747739792129323e+02
-1.780419325707659652e+02
1.777275502672170830e+02
-1.749868862449641824e+02
-1.752001638860953108e+02
-1.706334900429878871e+02
-1.783634229583832678e+02
0.000000000000000000e+00
1.772736890060937469e+02
-1.780419325707659652e+02
1.756384273549794273e+02
1.766890584853885571e+02
1.781816970355481828e+02
1.745397874078516338e+02
1.740355128987469016e+02
-1.759780098229798853e+02
-1.745361571867633756e+02
1.800000000000000000e+02
1.733951645032460362e+02
-1.771135814561353925e+02
-1.714444417565871106e+02
-1.695741914741152243e+02
1.800000000000000000e+02
-1.758724082974882776e+02
1.744724598483438456e+02
1.774551956201869132e+02
-1.767295120768164338e+02
1.737580856525849526e+02
1.800000000000000000e+02
1.800000000000000000e+02
1.648459319496874116e+02
1.800000000000000000e+02
1.787363274483417399e+02
1.800000000000000000e+02
-1.754752315271658176e+02
1.754260787400991433e+02
-1.778789036033385571e+02
1.800000000000000000e+02
1.683497005624623455e+02
-1.784518423010220545e+02
-1.739909940425054629e+02
-1.735006537203454400e+02
-1.757636052009411856e+02
-1.788766972859245641e+02
1.800000000000000000e+02
1.791319485502544637e+02
-1.765663696375494851e+02
-1.748055710922652111e+02
-1.796021190381654264e+02
1.800000000000000000e+02
-1.790759546472272916e+02
-1.722781741998690279e+02
1.794743653935423993e+02
-1.703624618870690597e+02
-1.790122396003601750e+02
1.800000000000000000e+02
1.745164095555355743e+02
-1.744587952219601448e+02
1.800000000000000000e+02
1.800000000000000000e+02
-1.755153939904553795e+02
1.789087837747374010e+02
1.794694986833262078e+02
-1.790036521034950567e+02
1.720672416858279234e+02
-1.674711922908484780e+02
