-1.722733823809027740e+02
1.800000000000000000e+02
-1.764604408314500574e+02
-1.785082595646272807e+02
-1.768830114008798375e+02
9.000000000000000000e+01
1.766981343255650074e+02
1.745596679689944892e+02
-1.759904984585607508e+02
-1.771936297482117766e+02
-1.725799851047387961e+02
-1.751172404361669521e+02
1.791275428770979943e+02
1.760817511359326204e+02
1.791230922585693577e+02
-1.710136891772164063e+02
1.639091836511478562e+02
-1.791449026037332999e+02
-1.778183585964485189e+02
-1.758935028348295759e+02
-1.721565789250493879e+02
-1.708376529542782976e+02
-1.784518423010220545e+02
1.702563587129628502e+02
1.655792268724890164e+02
1.699426910850361878e+02
1.654034244745058402e+02
1.800000000000000000e+02
1.729945364864877604e+02
1.794093427853533171e+02
1.785534443134260982e+02
1.775633517531898633e+02
-1.789341549724384208e+02
1.792079429078376052e+02
-1.794861502836458556e+02
1.787759174778237821e+02
1.766865746002072513e+02
1.760468204982027487e+02
1.773974377975002028e+02
1.800000000000000000e+02
1.759350526922573010e+02
-1.774664411116054339e+02
-1.752582102454809387e+02
1.794838357702351743e+02
-1.739382112112713799e+02
1.800000000000000000e+02
1.792309753174219509e+02
-1.791656544244532085e+02
1.782376089763394873e+02
-1.718327649358690792e+02
1.750175804096242018e+02
1.685563033032173905e+02
1.783864610671188018e+02
-1.786295489822003901e+02
1.791815445383113854e+02
-1.781720317556950022e+02
1.754933931162316867e+02
-1.701469197958251982e+02
1.766169942086694107e+02
-1.773162248405310208e+02
-1.792808438834549349e+02
1.781720317556950022e+02
-1.779120161672766471e+02
1.788163713072713108e+02
1.747831109681655164e+02
-1.782567535156942142e+02
-1.776978917075634001e+02
1.758949014868374263e+02
-1.783692439254986084e+02
-1.722966017233996183e+02
1.793969088056194607e+02
1.750428739303193026e+02
-1.782465951399284450e+02
-9.058762841623996565e+01
-1.786625982903505871e+02
1.800000000000000000e+02
-1.782986453946738834e+02
1.761493611760892577e+02
-1.712094568171860658e+02
1.742348654420276262e+02
-1.785820771685488637e+02
8.891498238050259317e+01
-1.703947958449870725e+02
-1.747807354720117701e+02
-1.783153156821037157e+02
1.800000000000000000e+02
-1.769727548177200163e+02
1.756236496105158551e+02
1.789536180929018485e+02
-1.795017883873863695e+02
-1.766499236024985464e+02
-1.790079644340113987e+02
-1.781523897340053963e+02
-1.698657487126043293e+02
-1.791656544244532085e+02
-1.789035639160069877e+02
-1.770157178564066385e+02
1.791094637466394204e+02
-1.676524118642416568e+02
-1.713358645668919564e+02
-1.776029714699403996e+02
-1.699437236832935412e+02
1.638986976008415866e+02
-1.723275884002204634e+02
1.728176592284915216e+02
-1.701588682403656207e+02
-1.784213820277018954e+02
-1.758150838748815943e+02
-1.652709755492901138e+02
-1.758214310311105351e+02
1.800000000000000000e+02
-1.778676315634459968e+02
-1.744052025405617314e+02
-1.770351386908397728e+02
-1.771135814561353925e+02
1.797347436566240333e+02
1.698860478542082717e+02
1.797572227262331808e+02
1.711680913490307034e+02
1.767559369703714651e+02
-4.028263666485140782e+00
-1.748055710922652111e+02
-1.760817511359326204e+02
-1.783700721146158514e+02
1.779361802715430372e+02
-1.766932535197574907e+02
-1.768054105348895746e+02
-1.747261040426482452e+02
1.775575846893428889e+02
1.776140559696112007e+02
1.797271650169319344e+02
1.628195027997595332e+02
-1.780502583278931183e+02
1.747014349301000777e+02
1.729834982552770839e+02
-1.759717363335148548e+02
1.764862497393950491e+02
-1.784765352083481673e+02
-1.767789597844995058e+02
-1.740059070508915227e+02
-1.775342410050022579e+02
9.167647104680675341e+01
1.748572354421157797e+02
-1.735984637598502900e+02
-1.783276056389107396e+02
1.800000000000000000e+02
1.707022021912167133e+02
-1.770390638658362548e+02
-1.737580856525849526e+02
9.260256220249979719e+01
1.760468204982027487e+02
-1.797091609776494749e+02
1.786615570789762728e+02
1.776467031338916911e+02
1.782938217055530004e+02
-1.786095987359559842e+02
1.780152968878464321e+02
-1.784792303388562402e+02
-1.778389205117736367e+02
1.745473780121874654e+02
-1.770157178564066385e+02
1.740059070508915227e+02
-1.748826851500273563e+02
1.725685920288274815e+02
-1.715344024460183903e+02
1.765864017252281428e+02
1.766690826195499540e+02
-1.760652179436305573e+02
-1.794241824067550510e+02
-1.785311992856141785e+02
1.778900571518667562e+02
-1.681718283770816242e+02
-1.790608090542644391e+02
-1.731135726685679970e+02
-1.776745455792247128e+02
1.712977762100532004e+02
-1.794645410144354685e+02
1.769581578433816276e+02
1.590920195289903631e+02
1.785971184673485368e+02
1.757184637649293961e+02
1.756457789369304123e+02
-1.704483625416181383e+02
-1.755558938783473195e+02
-1.784982074776406762e+02
-1.742290637784256546e+02
1.710572460515903117e+02
1.777974018382342081e+02
-1.765317707410828802e+02
1.800000000000000000e+02
-1.782007242758659515e+02
1.709199271359732961e+02
1.757321066997091918e+02
1.796952380895789361e+02
-1.766050764578817507e+02
-1.743732542848592573e+02
-1.779865245046090081e+02
-1.714815772979852397e+02
1.783010470285540805e+02
-1.674711922908484780e+02
-1.786163130326314956e+02
-1.797551477319556739e+02
-1.788711652033393591e+02
-1.773757799722179413e+02
1.800000000000000000e+02
1.800000000000000000e+02
-1.760206175473217911e+02
1.636591943688533490e+02
1.780325979700807011e+02
1.800000000000000000e+02
-1.794594898128693501e+02
1.685265215015168963e+02
1.731689940506484788e+02
-9.000000000000000000e+01
1.800000000000000000e+02
-8.389531512307111427e+01
1.718019311539837020e+02
-1.777760387596145506e+02
-1.756405921556551846e+02
1.793041340604912079e+02
-1.734969440551182913e+02
1.785619142925963558e+02
1.778524145717015017e+02
-1.770846778833574717e+02
1.790289780689208499e+02
-1.783397176310171801e+02
-1.739333669263948821e+02
1.800000000000000000e+02
1.800000000000000000e+02
1.787212886929501963e+02
1.680091650209607508e+02
-1.749960800477596763e+02
-1.792079429078376052e+02
-1.749401311537359049e+02
1.796984460501317358e+02
1.800000000000000000e+02
-1.757946429982914367e+02
-1.768054105348895746e+02
-1.770598997762166107e+02
1.743657333442326092e+02
-1.765167285310023431e+02
1.788188110866733780e+02
-1.761859251657096479e+02
1.797061780653492917e+02
-1.784306451952510315e+02
-1.794767654178158125e+02
-1.784306451952510315e+02
-1.779268498511536052e+02
1.797498016798024594e+02
1.660366518865252203e+02
-1.775104470780008512e+02
-9.933141052529377646e+01
1.800000000000000000e+02
1.788655783690230123e+02
-1.677604001630681694e+02
1.739623174785771198e+02
1.800000000000000000e+02
1.800000000000000000e+02
-1.791696845137419984e+02
1.681579238846722433e+02
-1.779545915111127954e+02
-1.791449026037332999e+02
1.800000000000000000e+02
1.800000000000000000e+02
1.701722759888368728e+02
-1.794815003127093291e+02
-1.797475973177108415e+02
-1.795225462226904369e+02
-1.784518423010220545e+02
9.140402721910429307e+01
1.675971168782347718e+02
-1.769444065422470658e+02
-1.770436893424963500e+02
1.722107145220383302e+02
1.715823428229868455e+02
1.767754773934801165e+02
1.718315213759545088e+02
1.770792784789996119e+02
-1.791319485502544637e+02
1.672076979728590800e+02
-1.772332115988304793e+02
1.783555967353049141e+02
1.740754180180175297e+02
1.779992143833314344e+02
1.743191091820340546e+02
1.715231217755389821e+02
-1.797383772543051919e+02
1.776531257075127144e+02
1.661886652081383318e+02
1.800000000000000000e+02
1.794996129012077688e+02
1.800000000000000000e+02
1.706279072914209110e+02
-1.796984460501317358e+02
1.800000000000000000e+02
1.778058326474012745e+02
1.730080746533322156e+02
1.767547450961098434e+02
1.697709917126404662e+02
1.788766972859245641e+02
1.800000000000000000e+02
-1.738219350978716591e+02
-1.783397176310171801e+02
-1.748750766540209440e+02
-1.774664411116054339e+02
1.700054164525846261e+02
-1.764049903389908991e+02
-1.684215794278826195e+02
1.747261040426482452e+02
-1.677790806680695823e+02
-1.656321874353263297e+02
1.780998890344231427e+02
1.730727818739908344e+02
1.722348339815746670e+02
-1.716269733252176195e+02
-1.753520293086129698e+02
-1.754962750044080906e+02
-1.781352147406610129e+02
-1.742894068625003570e+02
-1.760244463273965039e+02
1.751354855622394950e+02
-9.261334627530924024e+01
1.770574795436313877e+02
-1.747604563145707743e+02
