1.785461045348911284e+02
1.709806775686183187e+02
-1.726878451347017744e+02
1.765557974853467158e+02
1.694792156861256274e+02
-1.778079302797755759e+02
1.800000000000000000e+02
1.797163598442421915e+02
1.800000000000000000e+02
-1.752115334496864136e+02
1.766661493384634127e+02
1.800000000000000000e+02
1.758150838748815943e+02
-1.764964683552155691e+02
-1.793097228021349281e+02
1.767295120768164338e+02
-1.760995062576181169e+02
1.800000000000000000e+02
1.800000000000000000e+02
-1.771375947738882530e+02
1.800000000000000000e+02
1.751655936937367244e+02
1.785607103721175974e+02
-1.791815445383113854e+02
1.768919690650001826e+02
-1.785890591796172657e+02
-1.797335099239415968e+02
1.794861502836458556e+02
1.759143832200251154e+02
-1.781177175569892768e+02
1.791449026037332999e+02
1.779010940667964462e+02
-1.772854227309989597e+02
-1.788002637618786252e+02
-1.778389205117736367e+02
1.747047870633828666e+02
1.793937180844826571e+02
-1.794000661197460431e+02
-1.795452811383068763e+02
1.169165546169513448e+02
1.775424618518229067e+02
-1.766822188316651818e+02
-1.742321111020858666e+02
1.781088452983146340e+02
-1.717028550301631356e+02
-1.794996129012077688e+02
-1.757740018220415550e+02
-1.720565281894095904e+02
1.737580856525849526e+02
1.770585350060889027e+02
1.800000000000000000e+02
1.800000000000000000e+02
-1.779992143833314344e+02
1.800000000000000000e+02
-1.779335230143557567e+02
-1.779854012121294318e+02
-1.767508884392792936e+02
-3.873489724344576945e+00
1.767427780593330624e+02
-1.788308606720925980e+02
-1.785497837090665598e+02
-1.792292512546080161e+02
1.728749836510982050e+02
1.800000000000000000e+02
1.771113784501570478e+02
1.788308606720925980e+02
1.777591345007864732e+02
-1.722079219217815762e+02
-1.741736579704442534e+02
-1.794241824067550510e+02
1.622006359712482890e+02
1.784868784439317153e+02
-1.782170495204263432e+02
1.744349011650883483e+02
1.690277597621883672e+02
-2.862405226111747414e+00
1.795060831013812503e+02
-1.797642162301233952e+02
-1.752115334496864136e+02
1.775529513576763918e+02
-1.753331416285610089e+02
1.794490960207814396e+02
1.800000000000000000e+02
1.788126926842711839e+02
1.731335701975023085e+02
-1.784448404949328619e+02
1.797383772543051919e+02
-1.785159853243378905e+02
-1.659637565320735177e+02
1.749960800477596763e+02
-1.753275572446105457e+02
1.696688951556603229e+02
-1.747644103382015714e+02
1.783555967353049141e+02
1.768336734809965378e+02
1.790608090542644391e+02
-1.731025724422482597e+02
-1.696202897504322493e+02
-1.784925642412250397e+02
1.800000000000000000e+02
-1.739909940425054629e+02
1.796984460501317358e+02
1.800000000000000000e+02
8.817203175569500218e+01
1.780998890344231427e+02
1.794569283062762111e+02
1.620385592358129259e+02
-1.081659565292255394e+02
-1.789630855354699008e+02
1.341449026037332999e+02
-1.767713521303643915e+02
1.795724274931666002e+02
-1.780443186024771194e+02
-1.750404760655604832e+02
-1.733618187070525778e+02
-1.741030364897891900e+02
1.750062560141766141e+02
-1.706852202457102408e+02
-1.750639758899160086e+02
4.184916125118415486e+00
1.758935028348295759e+02
-1.782567535156942142e+02
1.634496400896615853e+02
-1.751695800417100486e+02
-1.726039234402873603e+02
-1.797245416438647680e+02
1.800000000000000000e+02
1.800000000000000000e+02
1.750062560141766141e+02
-1.783939970107177544e+02
1.769335144988741035e+02
1.658960310559168931e+02
-1.771518120886121039e+02
-1.771728754218387394e+02
1.774937037180119148e+02
1.785820771685488637e+02
1.738425276604463647e+02
1.763670492605118056e+02
1.743150770128943634e+02
-1.767547450961098434e+02
1.670258972707633518e+02
1.758935028348295759e+02
1.768830114008798375e+02
1.719121200254620021e+02
1.800000000000000000e+02
1.772020565275035722e+02
-1.797442169692607479e+02
1.790684434019225364e+02
1.764862497393950491e+02
-1.788982938847936452e+02
1.780443186024771194e+02
1.784151456069494941e+02
-1.795264919412650784e+02
1.717952938084313246e+02
-1.755328409386107182e+02
-1.735504652961577392e+02
-9.059371739621259678e+01
1.794327335901420781e+02
1.800000000000000000e+02
-1.764407331787167834e+02
1.797258596062667664e+02
1.743139657034794254e+02
8.912754287709796586e+01
1.755655294938987936e+02
1.794299115550011265e+02
-1.755056423473680240e+02
-1.703401069215576911e+02
1.762810060268419647e+02
1.704257721149081704e+02
-1.794645410144354685e+02
1.188774012222827992e+02
1.766680479327868625e+02
1.665941247588634440e+02
1.756749395652615249e+02
1.800000000000000000e+02
1.765526131481348102e+02
-1.757636052009411856e+02
1.707701137562722806e+02
1.746529183997006385e+02
1.595671713206013180e+02
-1.788212408300887830e+02
-1.787546357332316518e+02
1.795416435419995764e+02
1.763477772196936826e+02
1.771760397107576352e+02
-1.722107145220383302e+02
1.796952380895789361e+02
-1.690277597621883672e+02
1.800000000000000000e+02
1.732766500369480980e+02
-1.793904934233248127e+02
1.656710603323383282e+02
5.145458167938817162e+00
1.800000000000000000e+02
-1.775889702533887942e+02
-1.773120310343964263e+02
-1.797149487224161817e+02
1.721288180631689784e+02
1.775762286558864389e+02
1.727311150783524738e+02
-1.785607103721175974e+02
1.714981205885185602e+02
-1.751611011990767111e+02
-1.791048262897889458e+02
1.783153156821037157e+02
-1.749026002620209965e+02
-8.676029970389788559e+01
1.781255344373954870e+02
-1.737580856525849526e+02
-1.711702553320909317e+02
1.724238451043109137e+02
-1.774438499214217018e+02
-1.759904984585607508e+02
1.758653286262635902e+02
-1.748315320236617083e+02
1.640546040990771246e+02
-1.714009112892225346e+02
1.909152432996376270e+00
-1.704532330785961562e+02
1.701562766093056496e+02
-1.672424678391233499e+02
1.739909940425054629e+02
1.800000000000000000e+02
1.769552215558060198e+02
1.744213637446066230e+02
-1.636441828989827627e+02
1.786800543060782331e+02
1.730887728809753412e+02
1.765873206484131401e+02
-1.791968407481897714e+02
1.736865694756438643e+02
1.736929080652623441e+02
1.751009075462122553e+02
1.741140121669717473e+02
-1.768519039004372644e+02
1.720399142967243336e+02
1.418597600055258283e+02
1.777093899573614806e+02
1.782791851663271530e+02
1.769335144988741035e+02
-1.787155564781992325e+02
1.794270613023165311e+02
1.718287664400502592e+02
1.703573612212307467e+02
1.800000000000000000e+02
1.789536180929018485e+02
-1.781352147406610129e+02
1.762623704565899061e+02
-1.716167515190706467e+02
-1.663730051401084893e+02
-9.955813704007780984e+00
-1.791406277563553431e+02
1.788766972859245641e+02
-1.795907513919650569e+02
1.745076754428725678e+02
-1.770185387800177921e+02
-1.789677553084342776e+02
1.784859266393648909e+02
1.797407448484986219e+02
-1.791185960034178777e+02
-1.716743496695731608e+02
-1.757411538778296460e+02
-1.730405779285010226e+02
1.797487043327910499e+02
-1.750415490805146419e+02
-1.749057034256824466e+02
-1.794861502836458556e+02
-1.713102497108604325e+02
-1.781912606775079553e+02
-1.720858354909523484e+02
-1.784792303388562402e+02
-1.767295120768164338e+02
-1.767947840689865302e+02
1.786677801461303545e+02
-1.791968407481897714e+02
1.688914578372475432e+02
-1.733255309528824455e+02
1.794517317636958182e+02
1.744976595738174865e+02
-1.794031905487708229e+02
-1.694672881768579771e+02
1.764604408314500574e+02
-1.772606642780814354e+02
-1.760652179436305573e+02
-1.756405921556551846e+02
8.614651954639792564e+01
-1.722826302411972108e+02
9.070731936854426181e+01
1.753937021493581483e+02
-1.797453537677271527e+02
1.789231384793974087e+02
1.732901631922430852e+02
-1.723867782340333861e+02
1.173512525859915101e+01
1.272164404735346181e+02
-1.737256654429181992e+02
1.717872198107141344e+02
1.718287664400502592e+02
1.670272936389516190e+02
1.762550728264579334e+02
1.716848742432081281e+02
1.800000000000000000e+02
-1.795017883873863695e+02
1.744101310401722174e+02
1.747556618892848519e+02
-1.767713521303643915e+02
1.800000000000000000e+02
-1.729074826717269389e+02
1.756457789369304123e+02
1.745596679689944892e+02
1.751354855622394950e+02
1.790530485532265459e+02
1.786028189727036306e+02
-1.797232109478222526e+02
-1.775633517531898633e+02
1.666466297927590006e+02
1.788367937547588724e+02
1.705843736084596856e+02
-1.658960310559168931e+02
1.797031333326753213e+02
1.733255309528824455e+02
1.719952711427071677e+02
-1.750927001577118745e+02
1.629853167234770410e+02
