1.800000000000000000e+02
1.758295634751578973e+02
1.743753719585540978e+02
1.800000000000000000e+02
-1.557090375916490359e+02
1.756012946450044865e+02
9.365222278030634584e+01
1.725149610496266632e+02
1.734801982483430152e+02
1.722348339815746670e+02
9.835075253233141268e+01
1.634126614430725795e+02
-1.775104470780008512e+02
1.612502423696888911e+02
1.739623174785771198e+02
1.727249950421107485e+02
-1.744173942434689195e+02
1.632580296147068850e+02
1.725497509313438229e+02
1.794694986833262078e+02
-1.770185387800177921e+02
-1.772208331359279327e+02
1.718698976458440200e+02
0.000000000000000000e+00
1.800000000000000000e+02
1.787546357332316518e+02
1.800000000000000000e+02
1.751469036130076233e+02
1.761120904391669342e+02
1.800000000000000000e+02
1.724673985990526432e+02
-1.777275502672170830e+02
-1.792205136788815310e+02
-1.792461516669292223e+02
1.736963722437104991e+02
1.773574547059352824e+02
-1.756839724801344005e+02
1.768849352400945065e+02
1.726059913574017344e+02
1.710273733851036013e+02
1.722596588411620928e+02
-1.764236656250026556e+02
-1.786780243404630255e+02
-1.768636416316674058e+02
-1.790684434019225364e+02
1.794490960207814396e+02
-1.786251652194305848e+02
1.788542371618248978e+02
1.744173942434689195e+02
1.791930705448976369e+02
1.800000000000000000e+02
1.800000000000000000e+02
1.712977762100532004e+02
-1.788065105760179847e+02
1.777275502672170830e+02
1.706979452887011917e+02
-1.776626941408761979e+02
1.578336541779175661e+02
-1.751864491062934803e+02
1.800000000000000000e+02
-1.748055710922652111e+02
1.773632415738595682e+02
-1.715524727520915462e+02
-1.750302592718896904e+02
9.639439776522759473e+01
-8.126515942537368975e-01
-1.795144541699918648e+02
1.786780243404630255e+02
1.747099187946287486e+02
1.738533743403533265e+02
-1.788426669318704967e+02
-1.765433808279580035e+02
-1.652564371635292844e+02
-1.794594898128693501e+02
1.791319485502544637e+02
1.744850884087549616e+02
1.791512357284464088e+02
1.675925814725992780e+02
-1.727249950421107485e+02
-1.793969088056194607e+02
1.776626941408761979e+02
1.789860212772147179e+02
1.706184898392517653e+02
1.800000000000000000e+02
1.752363583092738111e+02
1.733255309528824455e+02
1.715524727520915462e+02
-3.632950739488206793e+00
1.748895824389687732e+02
1.731572265873690526e+02
1.789488192504562676e+02
1.686900675259797993e+02
-1.740194004752365515e+02
1.710028565789349386e+02
-1.778470372108995434e+02
1.800000000000000000e+02
1.800000000000000000e+02
1.794929709390852395e+02
1.770829927133722776e+02
-1.778183585964485189e+02
1.715288553669851694e+02
1.747421908310452920e+02
1.794929709390852395e+02
1.800000000000000000e+02
1.685110187978407907e+02
1.790451587461278109e+02
1.770133630095248520e+02
-1.781523897340053963e+02
-1.732243438306010148e+02
1.800000000000000000e+02
-1.123302714075429032e+00
-1.761493611760892577e+02
1.711353766115892086e+02
-1.726319489283778239e+02
1.664641436308657774e+02
1.800000000000000000e+02
1.800000000000000000e+02
1.761539699099526217e+02
1.794743653935423993e+02
-1.780908475670036353e+02
-1.754622274920933762e+02
1.800000000000000000e+02
5.405101871306665640e-01
1.795103044068708016e+02
1.787897058310787770e+02
1.775104470780008512e+02
-1.794974183332789721e+02
-1.777394980888587384e+02
-1.752363583092738111e+02
1.800000000000000000e+02
-1.776721849109588618e+02
1.800000000000000000e+02
1.667594800848128216e+02
-1.699309373011105606e+02
1.767295120768164338e+02
1.794212744343922452e+02
1.800000000000000000e+02
1.756347422649720613e+02
-1.669306821037178281e+02
-1.675925814725992780e+02
-1.794543424065842885e+02
-1.744587952219601448e+02
1.789949139947458150e+02
1.800000000000000000e+02
1.800000000000000000e+02
-1.760884281874713508e+02
1.130993247402021318e+01
-1.783939970107177544e+02
-1.788426669318704967e+02
-1.739458081058851633e+02
-1.696111421845303937e+02
-1.756749395652615249e+02
1.800000000000000000e+02
1.744546826911379753e+02
-1.752720121811578053e+02
1.775318820861714642e+02
1.726942404666891662e+02
-1.665838165181590966e+02
-1.758900020387252141e+02
-1.736598082540901089e+02
-1.925183708323154885e+00
-1.731986851760184436e+02
-1.739275435927923183e+02
-1.793904934233248127e+02
1.731363080853729457e+02
-1.795017883873863695e+02
1.730727818739908344e+02
1.794929709390852395e+02
-1.734180553448219939e+02
1.721466866980217958e+02
1.746441749571448270e+02
1.800000000000000000e+02
-1.702563587129628502e+02
-1.702001513311323606e+02
1.795416435419995764e+02
1.739041384554041940e+02
1.784925642412250397e+02
1.735301800148268114e+02
1.744885225839794032e+02
1.800000000000000000e+02
1.687811577187311798e+02
1.704457103275982490e+02
1.794791436254980397e+02
1.800000000000000000e+02
1.709097230791776667e+02
1.776721849109588618e+02
1.718057366653697784e+02
1.773574547059352824e+02
1.679777233138164831e+02
1.757241588873710612e+02
1.800000000000000000e+02
1.754711757630674640e+02
-1.753800765183395924e+02
-1.748521151758637018e+02
1.720928372970415410e+02
-1.729987324425046609e+02
1.736598082540901089e+02
-1.765317707410828802e+02
-1.738298249049703941e+02
1.776337520085442065e+02
1.764862497393950491e+02
1.800000000000000000e+02
1.795659493678606111e+02
1.800000000000000000e+02
-1.786028189727036306e+02
-1.750728900523509992e+02
-1.777454250340649651e+02
-1.634570165954374659e+02
-1.671118148742343124e+02
-1.771087304037794468e+02
-1.775736641683976416e+02
-1.717142029760462663e+02
1.783634229583832678e+02
-1.782986453946738834e+02
1.751559996249193318e+02
1.746990734834743080e+02
1.788876003837022211e+02
1.783153156821037157e+02
-1.779174347202691422e+02
1.794929709390852395e+02
1.800000000000000000e+02
-1.774738830883804610e+02
1.782100893917539395e+02
1.800000000000000000e+02
1.715110561194952936e+02
-1.790122396003601750e+02
-1.709723870492849187e+02
1.740428688852917958e+02
1.762786867352502611e+02
1.800000000000000000e+02
1.765663696375494851e+02
1.764964683552155691e+02
-1.775283352383665942e+02
1.800000000000000000e+02
-1.737655199044587846e+02
1.800000000000000000e+02
1.794382946674334391e+02
-1.787724211678654456e+02
1.766580561427388716e+02
1.757108466711809740e+02
-1.699194020124576809e+02
8.818169703554816863e+01
1.657274866155996733e+02
1.757411538778296460e+02
-1.759143832200251154e+02
-1.751354855622394950e+02
1.781960048837994179e+02
1.800000000000000000e+02
1.715387118574286376e+02
-1.789949139947458150e+02
-1.620185703030359718e+02
-1.763380644244802227e+02
-1.776909372109743117e+02
1.757858214772659551e+02
-1.774551956201869132e+02
1.769644308749444406e+02
-1.789390883097357801e+02
1.800000000000000000e+02
-1.726476206401076468e+02
-1.759143832200251154e+02
1.782465951399284450e+02
-1.778789036033385571e+02
-1.791815445383113854e+02
-1.622767633831136891e+02
1.788876003837022211e+02
1.800000000000000000e+02
-1.791512357284464088e+02
1.800000000000000000e+02
-1.794694986833262078e+02
1.800000000000000000e+02
1.787724211678654456e+02
1.790530485532265459e+02
-1.758023316428390785e+02
-1.794884441334129690e+02
1.800000000000000000e+02
-1.769872124958166637e+02
1.654998332334474469e+02
1.741736579704442534e+02
-1.759858243045889594e+02
-1.762786867352502611e+02
-1.624744316262771235e+02
-1.657499673021964099e+02
1.723422903062861451e+02
-1.725853697090252865e+02
1.727554931475588091e+02
-9.000000000000000000e+01
-1.782816419983445542e+02
-1.595997906051574660e+02
-1.679386905429555270e+02
1.782901859558584761e+02
-1.709334972601838274e+02
-1.733130906738176407e+02
8.768627750217578409e+01
1.800000000000000000e+02
1.767060350121548993e+02
1.763086140135487199e+02
1.800000000000000000e+02
-1.794153694792948386e+02
1.789291755452130417e+02
1.777275502672170830e+02
1.787635923971438672e+02
1.681785116593927683e+02
-1.741736579704442534e+02
1.767905136822080294e+02
1.800000000000000000e+02
1.800000000000000000e+02
-1.789677553084342776e+02
1.627075506001223175e+02
1.783316625517066996e+02
1.800000000000000000e+02
-1.796484965601266595e+02
-1.795416435419995764e+02
-1.750540334528958510e+02
1.724761795613613629e+02
-1.724385715723330463e+02
-1.795060831013812503e+02
-1.744006606634794423e+02
1.800000000000000000e+02
-1.691596945456694527e+02
-1.738060950328490435e+02
1.800000000000000000e+02
1.753417458903244039e+02
-1.763915311474336534e+02
-1.715730309785193413e+02
