1.789139541739936021e+02
-1.694126786817628556e+02
-1.716600239342764951e+02
-1.715934901026321313e+02
1.800000000000000000e+02
-1.733407927338631964e+02
8.853868990911877290e+01
1.770029574197163242e+02
-1.794743653935423993e+02
-1.794327335901420781e+02
-1.745852979290443443e+02
-1.696439737507299981e+02
-1.654857337063315583e+02
1.719121200254620021e+02
1.752582102454809387e+02
-1.794490960207814396e+02
-1.786881122174958989e+02
-1.745962086397503015e+02
1.686900675259797993e+02
-9.442128942143060044e+01
-1.772606642780814354e+02
-1.739333669263948821e+02
1.726942404666891662e+02
-1.721207218450349785e+02
-1.748315320236617083e+02
1.725685920288274815e+02
-1.792005758866824578e+02
-1.791094637466394204e+02
9.117513323723936480e+01
1.711193408494797836e+02
-1.770157178564066385e+02
1.800000000000000000e+02
9.059993388025395689e+01
-1.792623268625678179e+02
-1.786028189727036306e+02
-1.791140534061457572e+02
1.699064786384774379e+02
-1.786677801461303545e+02
1.788065105760179847e+02
1.800000000000000000e+02
1.727249950421107485e+02
1.773085899842216122e+02
-1.770185387800177921e+02
1.791615850255978728e+02
1.754487387268603698e+02
1.792559407971112933e+02
1.800000000000000000e+02
1.717142029760462663e+02
-1.795284404459238488e+02
1.734633663512029216e+02
1.774775877165605209e+02
1.776015786659074820e+02
-1.794694986833262078e+02
1.800000000000000000e+02
1.770339591100128871e+02
-1.788065105760179847e+02
-1.776745455792247128e+02
-1.749920281079597260e+02
-1.753275572446105457e+02
-1.772736890060937469e+02
1.789815156522868449e+02
1.615650511770780042e+02
1.769059419410828866e+02
-1.784306451952510315e+02
1.712309377468524190e+02
-1.736010433726310680e+02
-1.772499148250875862e+02
1.744052025405617314e+02
-1.797091609776494749e+02
-1.704399035191136988e+02
-1.748289475819975110e+02
-1.782465951399284450e+02
-1.773369992339328576e+02
9.357633437499735862e+01
-1.783153156821037157e+02
-1.780987635353855865e+02
1.738081657151579407e+02
-8.721858633072484679e+01
-1.755328409386107182e+02
-1.785121324711722366e+02
-1.787600252336873154e+02
1.748786834892214017e+02
-1.765557974853467158e+02
1.797407448484986219e+02
1.791319485502544637e+02
1.736900434911321156e+02
1.761859251657096479e+02
-1.797310077063035294e+02
-1.791491351352697166e+02
1.771375947738882530e+02
1.771113784501570478e+02
-1.730250704840038622e+02
-1.758510963022656597e+02
-1.780666993050815279e+02
-1.735301800148268114e+02
-1.748055710922652111e+02
1.752115334496864136e+02
-1.772736890060937469e+02
-1.753645365730973538e+02
-1.788065105760179847e+02
-1.782901859558584761e+02
-1.710694098995810180e+02
-1.730727818739908344e+02
-1.754367702457621476e+02
-1.786140821491877944e+02
1.800000000000000000e+02
-1.776745455792247128e+02
1.794382946674334391e+02
1.764407331787167834e+02
1.645575533999304412e+02
-1.794517317636958182e+02
1.761265102756554199e+02
-1.709097230791776667e+02
-1.786921043983362267e+02
1.775104470780008512e+02
1.739219630162527324e+02
1.766050764578817507e+02
-1.704890396207093772e+02
-1.739153061347312530e+02
1.722881075873411021e+02
-1.720424747730828585e+02
-1.751354855622394950e+02
-1.774983771857182262e+02
1.770643265535788373e+02
1.753331416285610089e+02
-1.782020681430994955e+02
1.584735201670505944e+02
-1.715730309785193413e+02
-1.741140121669717473e+02
1.744278021960361968e+02
-1.792654789657451886e+02
-1.788484811060362460e+02
8.861631303263149562e+01
1.756893741751794948e+02
1.701093950582419723e+02
1.672091207988418660e+02
1.736034147885278003e+02
-1.747099187946287486e+02
-1.725329233597396694e+02
-1.770339591100128871e+02
-1.771633398988745398e+02
-1.767547450961098434e+02
-1.754711757630674640e+02
-1.781088452983146340e+02
1.771844433157887693e+02
-1.785534443134260982e+02
1.759350526922573010e+02
1.749820203613654428e+02
-1.755558938783473195e+02
1.727249950421107485e+02
-1.019016062381675738e+02
1.783634229583832678e+02
-1.736010433726310680e+02
1.800000000000000000e+02
-1.738928218883949057e+02
-1.767379665226032444e+02
1.788876003837022211e+02
1.779361802715430372e+02
1.772011014864236813e+02
-1.686900675259797993e+02
-1.781088452983146340e+02
-1.770113675447705361e+02
-1.745719028138892952e+02
1.743693172423647582e+02
-1.739909940425054629e+02
-1.787546357332316518e+02
1.754260787400991433e+02
-1.778789036033385571e+02
1.800000000000000000e+02
-1.795205486012034442e+02
1.748055710922652111e+02
-1.760548137709624541e+02
-1.783634229583832678e+02
1.757411538778296460e+02
1.774886367328369374e+02
-1.724053566314085799e+02
-1.691044963165873014e+02
1.743907255535542049e+02
-1.771232349296994357e+02
1.727013606082597050e+02
1.800000000000000000e+02
1.726809806244095853e+02
1.731363080853729457e+02
-1.769872124958166637e+02
1.729115243218539888e+02
1.764236656250026556e+02
1.756236496105158551e+02
1.725685920288274815e+02
1.724815731205578118e+02
1.800000000000000000e+02
1.800000000000000000e+02
-1.729650240895688569e+02
1.791615850255978728e+02
-1.768778695378842940e+02
-1.748871502201175190e+02
1.800000000000000000e+02
-1.688290222564112071e+02
1.616600689664446406e+02
1.792151753970080961e+02
1.791615850255978728e+02
1.728749836510982050e+02
-1.770297693928035017e+02
-1.756538756453975623e+02
-1.755824906484649546e+02
8.979165262919380552e+01
-1.721847064532331331e+02
-1.783788540863465926e+02
1.750607844578738082e+02
-1.753225821411182608e+02
-1.790833457436147285e+02
-1.764236656250026556e+02
1.791968407481897714e+02
-1.782642954110716289e+02
1.689465375207797990e+02
-1.756222590712599185e+02
1.748750766540209440e+02
-1.776507213525198665e+02
1.800000000000000000e+02
-1.726809806244095853e+02
1.800000000000000000e+02
-1.721466866980217958e+02
-1.771760397107576352e+02
1.800000000000000000e+02
1.797540968767293066e+02
-1.794517317636958182e+02
-1.789630855354699008e+02
1.794743653935423993e+02
1.800000000000000000e+02
-1.771494523439824604e+02
1.777432060735489472e+02
1.752852454812950498e+02
-1.753498151501137556e+02
-1.672846630111052377e+02
1.775224011315543180e+02
1.746742593752322819e+02
1.739623174785771198e+02
-1.713530682920469133e+02
1.770492208909936664e+02
-1.791275428770979943e+02
1.763861192479963620e+02
-1.797245416438647680e+02
1.745881308476829759e+02
1.698949636349620391e+02
1.800000000000000000e+02
-1.721998121158183039e+02
-1.754031924702905485e+02
-1.786615570789762728e+02
1.800000000000000000e+02
1.797395664321866207e+02
-1.791275428770979943e+02
1.797031333326753213e+02
1.800000000000000000e+02
-1.779079337205198499e+02
-1.790608090542644391e+02
1.721082975717642967e+02
1.779132227244292324e+02
1.782730122495123624e+02
1.800000000000000000e+02
-1.760638338873100111e+02
1.774362297885350017e+02
-1.781912606775079553e+02
1.800000000000000000e+02
1.764862497393950491e+02
-1.779010940667964462e+02
1.763477772196936826e+02
1.790857832395510059e+02
-1.739458081058851633e+02
-1.794241824067550510e+02
-1.773574547059352824e+02
-1.784925642412250397e+02
-1.789139541739936021e+02
1.777542574341049146e+02
1.754933931162316867e+02
-1.794670313773457622e+02
1.759981734198901790e+02
-1.790248468569074589e+02
-1.788163713072713108e+02
1.675690779237122854e+02
1.769713014216594331e+02
1.789241493792087283e+02
1.736292830681059911e+02
1.762915718428695584e+02
-1.774362297885350017e+02
-1.755558938783473195e+02
1.754998862915793438e+02
-1.783070215623710908e+02
1.734721589921149985e+02
1.746000265766749635e+02
1.586293777306568131e+02
1.789291755452130417e+02
1.794241824067550510e+02
-1.728409195769231985e+02
1.794490960207814396e+02
1.768201698801357509e+02
1.695279716561383623e+02
1.733255309528824455e+02
1.794153694792948386e+02
1.683925843242050462e+02
-1.770846778833574717e+02
-1.779268498511536052e+02
1.791319485502544637e+02
-1.791001402850956197e+02
-1.781608591765916287e+02
1.735956472736158673e+02
1.778490568724839989e+02
1.781352147406610129e+02
1.756457789369304123e+02
-1.693627854907099390e+02
-1.775633517531898633e+02
1.733071246421659168e+02
1.764964683552155691e+02
1.771113784501570478e+02
-1.791854229502402802e+02
1.791815445383113854e+02
-1.773057157101439145e+02
1.791776290200018309e+02
-1.791736758602707482e+02
-1.714108735449305527e+02
-1.781608591765916287e+02
-1.779649655431400959e+02
-1.796102388046819556e+02
-1.779174347202691422e+02
1.797245416438647680e+02
1.769739649169745519e+02
