1.569774590031035588e+00
1.749444900244201619e+02
1.748040418754127074e+02
-1.788660168308461493e+02
1.800000000000000000e+02
1.800000000000000000e+02
1.777317357160376048e+02
-1.773255482879288252e+02
1.800000000000000000e+02
-1.727267840922658024e+02
-9.593925885691237454e+01
-1.724212141141846644e+02
1.761145744192967015e+02
1.769859754601816917e+02
1.775907830574616071e+02
2.060244837349683422e+01
1.795992272709610234e+02
-1.768766743858026018e+02
-1.789681183638978439e+02
1.657227943940101795e+02
1.701967375698120293e+02
-9.000000000000000000e+01
1.778397158523656287e+02
-1.783280820784025025e+02
-1.794886224782617887e+02
-8.793545435656611176e+01
1.321744779839982300e+02
8.669689642220122039e+01
1.772942930324659585e+02
-1.784930803543234958e+02
1.706857065894652692e+02
8.015502080207586744e+01
1.741129493597567546e+02
1.800000000000000000e+02
1.794538340121453928e+02
-9.293665218386803417e+01
1.730702766248796536e+02
-1.784626304654099158e+02
-8.826497958062813609e+01
-1.784456898326387204e+02
1.800000000000000000e+02
1.760435350582650358e+02
-1.766345037658571471e+02
-1.758791473771420897e+02
-9.523917204023911154e+01
1.790368202640783579e+02
-1.786748517824433975e+02
-9.530304991938997716e+01
-1.778598792008833129e+02
8.341560394377755472e+01
1.723692202701535052e+02
1.790231082146634947e+02
1.762101325696110052e+02
-1.794647364117880670e+02
1.800000000000000000e+02
1.625174803807570925e+02
-1.764978608207538002e+02
-1.788431232774085515e+02
9.121938180671975260e+01
-9.000000000000000000e+01
1.688087692595195790e+02
-1.615831999821450893e+02
1.735188279412177508e+02
1.686087476967478267e+02
-9.480970160848499972e+01
1.799766862889196943e+02
-1.763601038420744942e+02
-1.615854000975600968e+02
1.770105249088340997e+02
1.736821407583344978e+02
1.716995245883290124e+02
1.694442388025573791e+02
1.769345815918621838e+02
1.699539718410108549e+02
-1.794046824648834217e+02
1.713958330199557452e+02
1.722047560242992859e+02
1.778381245856111832e+02
1.733002243604101409e+02
-1.749444900244201619e+02
1.752833546235235360e+02
-1.740236173069637289e+02
-1.781529711821056878e+02
1.717839563026429914e+02
1.742875596364614807e+02
-1.700661645733250396e+02
1.794994885215372733e+02
-1.639592379861784366e+02
1.765886710379391786e+02
-1.799805381191204106e+02
1.800000000000000000e+02
1.742025395585465333e+02
-9.617233046945423780e+01
-1.584373003094665648e+02
-1.795876913934958168e+02
-1.704626913386493072e+02
-1.763601038420744942e+02
2.451759357894723834e+01
1.687665222253172317e+02
1.705408603957612570e+02
1.109911584133215001e+02
1.794587988608066382e+02
1.703361667180739403e+02
-1.795227015860764084e+02
-1.773003640440730635e+02
1.782147966309003664e+02
1.742877017730585294e+02
-8.913220531573686856e+01
1.554987138612904971e+02
-1.751712766405078412e+02
1.604092078773311698e+02
1.433606440975294731e+02
-1.104301217805537050e+02
1.728726874111382017e+02
-1.723744785910440953e+02
1.701510603281945748e+02
1.772027445543483566e+02
1.724029124911874078e+02
1.594914069233214491e+02
1.800000000000000000e+02
1.678882610051368545e+02
1.800000000000000000e+02
-8.860326237465591248e+01
1.762665379818184590e+02
1.765361189692107189e+02
-1.732923449494099088e+02
1.342796431948521558e+02
-1.776473318858808170e+02
-1.768858378545819789e+02
-1.771736964732069737e+02
-8.962066142758634157e+01
-1.794647364117880670e+02
1.707051546637018475e+02
1.748911963095333135e+02
-9.000000000000000000e+01
-1.768113655176463794e+02
-1.733400051305323473e+02
1.786877210497125361e+02
1.686705049082585504e+02
1.800000000000000000e+02
-8.813076302532532935e+00
1.736575329326432211e+02
1.760414774621540346e+02
1.686857618387922173e+02
-1.014061402777918204e+02
1.737898153119589324e+02
-1.633612916770908896e+02
7.801979752671356039e+01
-1.795693392645784741e+02
1.730702766248796536e+02
1.720391738539830726e+02
-9.486250347741271582e+01
1.726038103178972847e+02
1.752740295223883322e+02
1.258013226317243607e+02
-1.784797556190676744e+02
1.769324466634129180e+02
9.667721878217663800e+01
-8.141949346631272988e+01
-1.749624044955551199e+02
-1.749098431833536722e+02
1.737202680763695923e+02
1.800000000000000000e+02
1.713326890605807478e+02
1.731382438823199550e+02
1.772368858484605596e+02
7.808070350534391935e+01
-8.746731548415507973e+01
1.738573823431740379e+02
-9.915856543563840830e+01
-6.467237666634189530e+00
1.722321091577198615e+02
1.661031979045773426e+02
-1.743310349157100347e+02
1.769539581294344828e+02
1.745859178826434288e+02
1.727916162442226948e+02
1.733434275372064519e+02
1.647188002487623066e+02
1.671929026726021164e+02
1.739440292862796014e+02
1.795104678378026222e+02
-1.778397158523656287e+02
1.729355278562636045e+02
1.678643798312041042e+02
1.659692400114527970e+02
1.678861794992516252e+02
1.735275956420468901e+02
-1.750558812587843249e+02
1.800000000000000000e+02
1.767069584022697768e+02
6.456457184685810091e+00
-1.771385246948717622e+02
8.062978348256007166e+01
1.732217466683733562e+02
1.727138593705629717e+02
1.701154836093830625e+02
8.062978348256007166e+01
1.615874352544050225e+02
-1.794684626073325262e+02
-1.761508025897077232e+02
-1.637411303480506319e+02
1.656016365368481331e+02
-7.555867316475523410e+01
-1.054092753000355458e+02
1.724359870599438977e+02
-1.638233648027014908e+02
-8.649786082075377180e+01
-1.604709267313688201e+02
-8.467676863288748024e+00
-9.114631072904956000e+01
1.759571043411697531e+02
-2.897942432472702112e+00
1.779369056764419668e+02
1.784720768496742096e+02
-1.786145184336147906e+02
-8.368255668694162708e+00
1.800000000000000000e+02
-1.696741656458964087e+02
1.768288128409072613e+02
-1.782292429005394752e+02
-1.790533541038288092e+02
-9.000000000000000000e+01
1.764224211034835719e+02
-1.018852666230037158e+02
1.768481563317216114e+02
-1.795557210401319139e+02
1.800000000000000000e+02
-8.884221022621613884e+01
-7.792707998705409977e+01
1.707730500987855464e+02
-1.788536892709504400e+02
1.725959479699166366e+02
1.733177836231575668e+02
1.735327623333658096e+02
-1.727668284632906648e+02
-6.492599365037595049e+00
6.493663347948469777e+01
-4.572142843351532981e+00
1.739040013219373009e+02
-1.641430519127157481e+02
-1.782862798547097611e+02
1.652257843200963805e+02
1.696478755564654080e+02
1.800000000000000000e+02
-1.654461285213330939e+02
7.519802237610760187e+01
1.780903506305475617e+02
7.595905306295745163e+01
1.731545779534126268e+02
1.727395060919760397e+02
-1.777461175650995244e+02
1.709948190977767979e+02
-9.336774742830289142e+01
-9.603993436638650394e+01
-1.236728477971314533e+02
-1.785190413133613276e+02
1.766039548673471131e+02
1.800000000000000000e+02
-1.116803344415058064e+02
8.434340562729661883e+01
-1.783730966796343012e+02
-1.563579591110934075e+02
-1.757487169165818557e+02
-1.759307112147274950e+02
-8.281806549381768434e+01
6.814858126564223539e+01
-1.794777873037088227e+02
-2.814055900249870135e+01
1.800000000000000000e+02
-9.646117729016687292e+01
1.745807925048850677e+02
-1.789773264157814765e+02
-1.788660168308461493e+02
-1.073636418697888217e+01
-3.612563797588054371e+01
1.728216493679006192e+02
1.674927374563583555e+02
-1.781060031592714950e+02
1.713957356879149927e+02
1.725660951543133308e+02
-1.795725520943905167e+02
1.728288936463107177e+02
1.675629719414535543e+02
1.717212079887554239e+02
1.093655237919944909e+02
-5.661461253670194260e+00
-8.310472367138589789e+01
1.800000000000000000e+02
1.708158959823854559e+02
1.621473505576031755e+02
1.650539640187953978e+02
1.800000000000000000e+02
1.722809950415751814e+02
-1.097840863925173380e+02
-9.326927431495363408e+01
-1.604048002028617930e+02
9.051320951491427991e+01
-1.752815463894894776e+02
1.047493632960181458e+02
-1.791250623743715096e+02
1.737152736573962386e+02
-1.692362726603400063e+02
1.800000000000000000e+02
-9.243563731667694583e+01
1.800000000000000000e+02
1.770380682232460003e+02
1.596476982613107793e+02
1.181221312682908433e+02
1.754242989424613484e+02
1.520856681507334542e+02
1.774877770131245711e+02
-8.826480858879385494e+01
1.584373003094665648e+02
-1.756398651572008305e+02
-9.668221637684241898e+01
1.770633478161319943e+02
-1.768644788700313768e+02
1.747563113341723806e+02
1.786072707303493132e+02
-1.637811904715858589e+02
-1.795019575508880223e+02
1.604048002028617930e+02
-9.000000000000000000e+01
