-1.688383737853916386e+02
1.791094637466394204e+02
-1.711892670140150869e+02
-1.776015786659074820e+02
-1.756236496105158551e+02
1.735673460758617068e+02
1.746106882400266045e+02
-1.786163130326314956e+02
-1.785534443134260982e+02
-1.788308606720925980e+02
1.800000000000000000e+02
1.800000000000000000e+02
-1.791275428770979943e+02
1.791319485502544637e+02
-1.784765352083481673e+02
-1.794031905487708229e+02
-1.778079302797755759e+02
-1.774234281697311530e+02
-1.791140534061457572e+02
-1.736929080652623441e+02
1.794031905487708229e+02
1.764421481338819149e+02
1.744349011650883483e+02
-1.760156839976278036e+02
1.765557974853467158e+02
-1.739333669263948821e+02
1.800000000000000000e+02
-1.628972710309476213e+02
-1.584459800795211777e+02
-1.714308581201623554e+02
-1.766690826195499540e+02
-1.763861192479963620e+02
-1.736263606341225056e+02
-1.788002637618786252e+02
-1.734969440551182913e+02
-8.909061955080086648e+01
1.800000000000000000e+02
-1.778789036033385571e+02
-1.778590986336768935e+02
1.768201698801357509e+02
-1.781177175569892768e+02
1.752798630689564447e+02
1.800000000000000000e+02
1.800000000000000000e+02
1.779545915111127954e+02
-1.728007663616323555e+02
-1.779010940667964462e+02
1.746529183997006385e+02
-1.791491351352697166e+02
-1.553560995342952538e+02
-1.797442169692607479e+02
-1.797031333326753213e+02
-1.784925642412250397e+02
9.000000000000000000e+01
-1.736598082540901089e+02
-1.745930506295284488e+02
1.681617894749722097e+02
-1.717028550301631356e+02
-1.672091207988418660e+02
-1.754860115419987210e+02
-1.770980895311163579e+02
-1.662572022608429450e+02
-1.765491568062488454e+02
1.800000000000000000e+02
-1.677703842424421339e+02
-1.709334972601838274e+02
-1.797046635460529558e+02
1.680957342845082678e+02
-1.784845920999778741e+02
1.782554901584111064e+02
1.778590986336768935e+02
-1.676192430711928409e+02
-1.644913618031702072e+02
-1.725685920288274815e+02
1.800000000000000000e+02
-1.748786834892214017e+02
-1.773574547059352824e+02
-1.781816970355481828e+02
-1.768983359701315408e+02
1.785386899091187729e+02
1.788821754176138938e+02
-1.792461516669292223e+02
1.800000000000000000e+02
1.800000000000000000e+02
-1.794241824067550510e+02
-1.705376777919743745e+02
-1.690771952801307236e+02
-1.704457103275982490e+02
-1.784088597288054245e+02
1.755233412515893860e+02
-1.745473780121874654e+02
-1.662572022608429450e+02
-1.747819828764249053e+02
-1.756457789369304123e+02
-1.768675348014319866e+02
-1.717952938084313246e+02
1.800000000000000000e+02
-1.770029574197163242e+02
-1.780443186024771194e+02
-1.760206175473217911e+02
-1.785121324711722366e+02
-1.699920201985586914e+02
1.769285378829296178e+02
-1.791406277563553431e+02
-1.766690826195499540e+02
1.742894068625003570e+02
-1.757241588873710612e+02
-1.776264041977633497e+02
-1.766690826195499540e+02
-1.784306451952510315e+02
-1.795017883873863695e+02
-1.776250384842386154e+02
-1.795470783710387934e+02
-1.658219355852931187e+02
-1.726193636411591967e+02
1.773615081745888062e+02
1.778789036033385571e+02
1.745187034053026593e+02
-1.756749395652615249e+02
1.800000000000000000e+02
1.744063965508877629e+02
1.753776297583157486e+02
1.791001402850956197e+02
1.791491351352697166e+02
-1.788126926842711839e+02
1.751516952316051174e+02
-1.719121200254620021e+02
-1.794212744343922452e+02
1.788484811060362460e+02
-1.751611011990767111e+02
-1.773974377975002028e+02
-1.790857832395510059e+02
1.644136955085268426e+02
1.744278021960361968e+02
-1.748330510803322682e+02
-1.781912606775079553e+02
-1.761859251657096479e+02
1.739275435927923183e+02
-1.782180394096733664e+02
1.794996129012077688e+02
1.761700140915524173e+02
-1.788655783690230123e+02
1.768492835867322697e+02
1.756012946450044865e+02
-1.707736557802238053e+02
1.780908475670036353e+02
1.796075692906591428e+02
-1.782730122495123624e+02
-1.766002858408767509e+02
-1.709806775686183187e+02
1.664118708101159996e+02
-1.778079302797755759e+02
-1.767379665226032444e+02
1.800000000000000000e+02
-1.691892436815298311e+02
-1.722966017233996183e+02
1.764049903389908991e+02
-1.762245341757102040e+02
-1.725562835908829697e+02
1.774489049109990617e+02
-1.794241824067550510e+02
-1.782465951399284450e+02
1.628340539405508309e+02
-1.785386899091187729e+02
-1.797622595407070207e+02
1.751469036130076233e+02
1.772736890060937469e+02
-1.786140821491877944e+02
-1.779010940667964462e+02
-1.766475927528969407e+02
1.714391104288353915e+02
1.797498016798024594e+02
-1.797000248376961054e+02
1.794929709390852395e+02
-1.792623268625678179e+02
-1.672517743897623745e+02
-1.742894068625003570e+02
1.665388516925770261e+02
1.791736758602707482e+02
-1.761171014396363148e+02
-1.797149487224161817e+02
1.797661409741267562e+02
1.773775985394589156e+02
-1.775889702533887942e+02
-1.794062826037874459e+02
-1.751095979419461628e+02
1.767713521303643915e+02
1.773974377975002028e+02
-1.707810738618925654e+02
1.772736890060937469e+02
1.800000000000000000e+02
-1.757636052009411856e+02
-1.784306451952510315e+02
-1.786229628062272639e+02
-1.668274465766731112e+02
-1.794123715837600344e+02
1.549325365619395143e+02
-1.793969088056194607e+02
1.776862775021757841e+02
1.617452259904462153e+02
-1.769581578433816276e+02
1.683106308245608318e+02
-1.748871502201175190e+02
-1.717087285083089228e+02
1.781692513519745091e+02
1.734294416283591147e+02
-1.784925642412250397e+02
-1.749920281079597260e+02
-1.676260453719459917e+02
1.761050218312931293e+02
-1.759555144258189046e+02
1.771760397107576352e+02
-1.754622274920933762e+02
1.800000000000000000e+02
-1.756457789369304123e+02
1.800000000000000000e+02
1.756012946450044865e+02
1.674096170544648601e+02
1.767713521303643915e+02
1.784845920999778741e+02
1.765557974853467158e+02
-1.663353996194431090e+02
1.790833457436147285e+02
1.788126926842711839e+02
-1.742417398356332399e+02
1.719121200254620021e+02
9.087690774143064232e+01
-1.390282636664851452e+02
-1.773842451245781433e+02
1.754711757630674640e+02
1.769872124958166637e+02
-1.699064786384774379e+02
-1.702933475906602894e+02
1.752130008790499858e+02
-1.736598082540901089e+02
1.800000000000000000e+02
1.729752678768932697e+02
-1.768201698801357509e+02
1.758724082974882776e+02
1.780079064270335607e+02
1.800000000000000000e+02
-1.779454271190743384e+02
-1.787600252336873154e+02
-1.797347436566240333e+02
-1.727826208409707931e+02
1.791533259761385182e+02
-1.766182726757236310e+02
1.789291755452130417e+02
-1.752823974954383175e+02
-1.605268557969983476e+02
-1.794543424065842885e+02
-1.565953104489676946e+02
1.792955791886199108e+02
-1.719034628321115576e+02
1.800000000000000000e+02
1.790877239233957994e+02
-1.724649362766718923e+02
1.778900571518667562e+02
-1.771375947738882530e+02
1.706583850140534651e+02
-1.752115334496864136e+02
1.774244174436836943e+02
-1.783555967353049141e+02
1.778789036033385571e+02
1.771375947738882530e+02
-1.765491568062488454e+02
1.785082595646272807e+02
1.666908213045995240e+02
-1.794437477729193233e+02
1.674711922908484780e+02
3.674499520829662913e+00
1.749137782903653715e+02
-1.759717363335148548e+02
1.792559407971112933e+02
1.711847789767768404e+02
-1.791185960034178777e+02
-1.785311992856141785e+02
1.788599359662136123e+02
1.763915311474336534e+02
1.751655936937367244e+02
-1.774886367328369374e+02
1.800000000000000000e+02
-1.721742548335911067e+02
1.662509510165807001e+02
-1.663464516582820067e+02
-1.740194004752365515e+02
-1.777365229211641804e+02
1.800000000000000000e+02
1.758777021882163751e+02
-1.794031905487708229e+02
1.800000000000000000e+02
-1.710572460515903117e+02
1.797430699754964962e+02
-1.781720317556950022e+02
-1.770792784789996119e+02
1.785159853243378905e+02
-1.733741252943825373e+02
-1.751695800417100486e+02
1.800000000000000000e+02
1.797205106094552605e+02
1.800000000000000000e+02
1.760716927746023259e+02
1.450573089149638406e+02
1.770339591100128871e+02
1.781939747023987479e+02
1.736929080652623441e+02
1.762173545534037089e+02
-1.790223512149701435e+02
1.761171014396363148e+02
1.749960800477596763e+02
-1.387585556854720039e+02
-1.764421481338819149e+02
-1.756635952143400061e+02
-1.772592094058174439e+02
-1.775917835588718106e+02
-1.789815156522868449e+02
1.763670492605118056e+02
1.775212108914216742e+02
-1.792461516669292223e+02
1.789139541739936021e+02
-1.792151753970080961e+02
-1.781784866483988878e+02
1.694672881768579771e+02
-1.735411836212813341e+02
