7.832795566234643125e+00
1.759143832200251154e+02
1.772378716866211903e+02
1.794153694792948386e+02
1.791275428770979943e+02
1.789390883097357801e+02
1.789035639160069877e+02
1.791605614662877031e+02
1.769135107362189103e+02
-1.770339591100128871e+02
-1.787600252336873154e+02
-1.783711750594742682e+02
1.747556618892848519e+02
8.947436539354238505e+01
1.769135107362189103e+02
1.794490960207814396e+02
-1.685866456536228100e+02
1.745473780121874654e+02
-1.788655783690230123e+02
8.853868990911877290e+01
1.745076754428725678e+02
-1.785436413656603065e+02
-1.767078528870039804e+02
-1.776507213525198665e+02
1.800000000000000000e+02
-1.770940790003466532e+02
-1.797106298365594057e+02
1.800000000000000000e+02
-1.784656585002992415e+02
1.797371771667634732e+02
1.797442169692607479e+02
6.757097544505893616e+00
-1.783711750594742682e+02
-1.726232739930547382e+02
1.784845920999778741e+02
1.782986453946738834e+02
-6.996766357134334591e+00
1.791001402850956197e+02
1.736278886030675039e+02
-1.781816970355481828e+02
1.778676315634459968e+02
1.764236656250026556e+02
-1.781438419525511279e+02
-1.757321066997091918e+02
1.707736557802238053e+02
1.743191091820340546e+02
1.791275428770979943e+02
-1.790942133398893645e+02
1.749262952699370430e+02
1.783153156821037157e+02
1.800000000000000000e+02
-1.783476953223486987e+02
-1.794543424065842885e+02
-1.718272351224455008e+02
-1.791696845137419984e+02
1.681261508976264167e+02
1.777760387596145506e+02
-1.726656211985833238e+02
-1.746717652180201696e+02
1.746742593752322819e+02
1.788929729543192479e+02
-1.782007242758659515e+02
-1.780502583278931183e+02
-1.791930705448976369e+02
1.736598082540901089e+02
1.788188110866733780e+02
1.746854543300552507e+02
1.693803447238448712e+02
1.748602426210094052e+02
1.800000000000000000e+02
1.800000000000000000e+02
1.791230922585693577e+02
1.731909498203866065e+02
-1.775491473622289789e+02
1.773021943666836933e+02
1.800000000000000000e+02
1.800000000000000000e+02
1.753567274168811423e+02
1.800000000000000000e+02
1.800000000000000000e+02
1.753225821411182608e+02
1.782180394096733664e+02
-1.797419126486638277e+02
1.732901631922430852e+02
1.758510963022656597e+02
1.797218673327036527e+02
1.749026002620209965e+02
1.760090869015702140e+02
-1.776745455792247128e+02
1.778389205117736367e+02
1.757946429982914367e+02
1.767366686817646269e+02
-1.765716314411450298e+02
1.712358991721220036e+02
1.759527980848778270e+02
1.797475973177108415e+02
1.777974018382342081e+02
-1.723666694127686867e+02
-1.788821754176138938e+02
1.753498151501137556e+02
-1.771633398988745398e+02
-8.769077414306453155e-01
1.703573612212307467e+02
1.780152968878464321e+02
-1.763537287912431566e+02
1.747261040426482452e+02
1.773369992339328576e+02
-1.670653271399967776e+00
-1.781912606775079553e+02
-1.735041981545823546e+02
1.773162248405310208e+02
1.755328409386107182e+02
-1.696703179109805717e+02
1.795165027891097509e+02
1.754139011038291471e+02
-1.790954049662673242e+02
-1.796984460501317358e+02
1.736598082540901089e+02
1.742894068625003570e+02
1.800000000000000000e+02
1.800000000000000000e+02
1.764395194650831229e+02
1.783634229583832678e+02
-1.767713521303643915e+02
1.789291755452130417e+02
-1.738147450844176660e+02
1.637962257851092431e+02
-1.756012946450044865e+02
1.757910150758297902e+02
-1.741510783540710463e+02
1.697689565554817932e+02
1.727676212917223495e+02
1.670740008752940469e+02
-1.757184637649293961e+02
-1.766822188316651818e+02
1.744631176375162909e+02
1.775762286558864389e+02
1.713843518158358847e+02
1.800000000000000000e+02
-1.791406277563553431e+02
1.800000000000000000e+02
1.791319485502544637e+02
1.755328409386107182e+02
1.770003446935039904e+02
1.750607844578738082e+02
1.749575489308290912e+02
-1.790411643387504910e+02
1.800000000000000000e+02
1.679408193105381315e+02
1.797453537677271527e+02
1.800000000000000000e+02
1.771232349296994357e+02
1.734000830180861215e+02
1.800000000000000000e+02
1.791776290200018309e+02
-1.794719432510998445e+02
1.724906689261826784e+02
1.782901859558584761e+02
1.674975715613202851e+02
1.795060831013812503e+02
1.800000000000000000e+02
1.766690826195499540e+02
1.800000000000000000e+02
-1.730143891655780237e+02
-1.794270613023165311e+02
1.774664411116054339e+02
-1.797076771307714580e+02
1.755153939904553795e+02
1.722348339815746670e+02
-1.797442169692607479e+02
1.800000000000000000e+02
1.772880165325550479e+02
-1.748786834892214017e+02
1.765167285310023431e+02
-1.794490960207814396e+02
1.745018372750190281e+02
-1.782567535156942142e+02
-1.784448404949328619e+02
1.800000000000000000e+02
-1.786677801461303545e+02
1.792361015390700345e+02
1.800000000000000000e+02
1.800000000000000000e+02
-1.729448139389033372e+02
1.787706655135221183e+02
3.624753332073922252e+00
1.770792784789996119e+02
1.785890591796172657e+02
1.719079174010553857e+02
-1.672846630111052377e+02
-1.653236068625500081e+02
-1.780419325707659652e+02
-1.797245416438647680e+02
-1.782193575540013057e+02
-1.668753627515890514e+02
-1.717900985616292928e+02
-1.726865113719683507e+02
-1.794743653935423993e+02
-1.702267735128206141e+02
1.731475302294462324e+02
1.786163130326314956e+02
-1.758961245273630425e+02
1.770262689175199000e+02
1.789815156522868449e+02
1.766002858408767509e+02
1.731475302294462324e+02
-1.765663696375494851e+02
1.782938217055530004e+02
1.784161884291380602e+02
1.797149487224161817e+02
-1.700222873798494447e+02
1.763477772196936826e+02
-1.788248667627606494e+02
1.679460083230910641e+02
-1.736034147885278003e+02
-1.720767407166213445e+02
-1.727249950421107485e+02
1.643252299249904240e+02
1.791048262897889458e+02
-1.766514051855431262e+02
1.675645584974723477e+02
1.784925642412250397e+02
-1.769872124958166637e+02
1.797661409741267562e+02
1.761120904391669342e+02
-1.757946429982914367e+02
1.788982938847936452e+02
1.762743718066510041e+02
-1.766822188316651818e+02
-1.797383772543051919e+02
-1.797310077063035294e+02
-1.771135814561353925e+02
-1.791736758602707482e+02
-1.797310077063035294e+02
1.794996129012077688e+02
1.764604408314500574e+02
-1.708648116405898350e+02
-1.777320454640941705e+02
-1.786084733474521897e+02
-1.790954049662673242e+02
1.788982938847936452e+02
-1.762847108945712193e+02
1.721998121158183039e+02
-1.776029714699403996e+02
1.773735943617092516e+02
-1.754367702457621476e+02
-1.761062924449028628e+02
-1.741736579704442534e+02
-1.757946429982914367e+02
-1.764576388078062905e+02
-1.724385715723330463e+02
1.800000000000000000e+02
1.774324026708122233e+02
-1.773021943666836933e+02
1.748315320236617083e+02
1.747556618892848519e+02
1.763670492605118056e+02
-1.794791436254980397e+02
-1.663064305533515039e+02
-1.761120904391669342e+02
1.759324804334198689e+02
-1.763890353605505084e+02
-1.772257226886992214e+02
-1.712977762100532004e+02
-1.797395664321866207e+02
0.000000000000000000e+00
1.782007242758659515e+02
-1.788248667627606494e+02
1.774104981527590894e+02
1.729869439961626085e+02
1.787939512207800590e+02
1.715288553669851694e+02
1.766050764578817507e+02
-1.775690916629595790e+02
-1.754367702457621476e+02
1.800000000000000000e+02
1.760275040592493383e+02
-1.784377750831576179e+02
-1.733832621020891622e+02
-1.717927835880818463e+02
-1.788766972859245641e+02
-1.782337295139909656e+02
1.768603398521797487e+02
1.771505254393227915e+02
-1.782642954110716289e+02
1.760548137709624541e+02
1.794031905487708229e+02
1.800000000000000000e+02
1.724053566314085799e+02
1.800000000000000000e+02
1.790857832395510059e+02
1.800000000000000000e+02
-1.771886264054734852e+02
1.721998121158183039e+02
-1.777652011412611444e+02
1.793464643193221946e+02
1.745596679689944892e+02
-1.792591475906106666e+02
-1.737843641002973527e+02
-1.771728754218387394e+02
-1.758214310311105351e+02
-1.794490960207814396e+02
1.771375947738882530e+02
1.794355278246930538e+02
-1.773369992339328576e+02
-1.762053277316842355e+02
-1.797475973177108415e+02
1.800000000000000000e+02
-1.794382946674334391e+02
-1.751095979419461628e+02
1.797487043327910499e+02
-1.730189425931702090e+02
-1.784845920999778741e+02
1.773245733439708545e+02
1.732294524552152382e+02
-1.754790421004185816e+02
1.744885225839794032e+02
1.772618534806448167e+02
-1.770157178564066385e+02
1.789769698113321681e+02
1.797258596062667664e+02
-1.794884441334129690e+02
1.749920281079597260e+02
-1.700737544933483036e+02
