1.678609534861665509e+02
1.794645410144354685e+02
1.795245272675521448e+02
-1.772342381657504973e+02
-1.786425341554694057e+02
1.797191405853166088e+02
-1.729834982552770839e+02
-1.766169942086694107e+02
-1.751864491062934803e+02
-1.730250704840038622e+02
-1.706685894747062093e+02
1.772185863307248326e+02
-1.759143832200251154e+02
-1.784765352083481673e+02
-1.129637730598545602e+02
-1.688079599100419443e+02
-1.284261399757141646e+02
-1.733071246421659168e+02
-1.719908597029627799e+02
1.781744576926701313e+02
-1.690366103536703690e+02
1.183007557660063753e+02
1.736598082540901089e+02
-1.789190758133393331e+02
1.783476953223486987e+02
1.779786350596440059e+02
-1.747793487693760994e+02
8.858207716854886371e+01
1.774091980148049004e+02
-1.785004529620223650e+02
-1.553026276623561728e+02
-1.736263606341225056e+02
-1.561612598168282773e+02
1.797796327038768425e+02
1.738533743403533265e+02
1.717496127710945188e+02
-1.724969126089503959e+02
1.721168606832702608e+02
1.770185387800177921e+02
-1.762435474521959407e+02
-1.788367937547588724e+02
-1.776978917075634001e+02
1.800000000000000000e+02
1.666908213045995240e+02
1.724238451043109137e+02
1.766865746002072513e+02
1.768201698801357509e+02
1.779454271190743384e+02
1.761120904391669342e+02
1.787155564781992325e+02
1.665153234113697351e+02
1.570488295749256622e+02
1.708988757147648698e+02
1.780908475670036353e+02
-1.782730122495123624e+02
-1.771477644187074532e+02
-1.014776269596077611e+02
1.745309050298880891e+02
1.788484811060362460e+02
1.762435474521959407e+02
1.724815731205578118e+02
1.717927835880818463e+02
-1.779120161672766471e+02
1.703294818350752848e+02
-1.731335701975023085e+02
-1.654034244745058402e+02
1.800000000000000000e+02
-1.743405181598375293e+02
1.512273610435155149e+02
-1.732220512658009568e+02
1.791001402850956197e+02
-1.776745455792247128e+02
-1.785534443134260982e+02
1.606192162153488709e+02
1.784587813562761198e+02
-1.741575107338083797e+02
1.719092221280104127e+02
1.800000000000000000e+02
-8.658341180822866079e+01
-1.752823974954383175e+02
1.752798630689564447e+02
1.731944195581352233e+02
-1.744570079124959250e+02
9.178064244599868005e+01
-1.679460083230910641e+02
-1.764236656250026556e+02
-9.539997342332506491e+01
-1.745460811114087676e+02
-1.779992143833314344e+02
1.759555144258189046e+02
-1.759143832200251154e+02
-1.757461635638808275e+02
-1.763537287912431566e+02
1.751300582837189097e+02
-1.776507213525198665e+02
-1.770297693928035017e+02
1.773021943666836933e+02
1.788484811060362460e+02
1.747625239331874809e+02
1.730977788192087701e+02
-1.721082975717642967e+02
1.771518120886121039e+02
9.172822765049855320e+01
1.785679038158353649e+02
-1.557011791663090605e+02
1.708648116405898350e+02
-1.791615850255978728e+02
1.782717723495014468e+02
-1.722129820453675393e+02
-1.773493103165781974e+02
1.742321111020858666e+02
1.706365487542551591e+02
1.794153694792948386e+02
1.758591139964801471e+02
-1.787811247648687072e+02
1.748055710922652111e+02
1.667183685543080287e+02
1.751559996249193318e+02
1.726865113719683507e+02
1.767754773934801165e+02
1.671851058918907711e+02
-1.785461045348911284e+02
1.678450583027777725e+02
1.716674399036258194e+02
-1.659637565320735177e+02
1.714931824678686212e+02
1.755056423473680240e+02
1.678873770740150064e+02
-1.791533259761385182e+02
1.761663234629119188e+02
1.773120310343964263e+02
-1.758510963022656597e+02
1.635461907310433674e+02
1.722129820453675393e+02
-1.784234499448162694e+02
1.787269699799433056e+02
-1.708698235177213292e+02
-1.761677302538051890e+02
1.761663234629119188e+02
1.777295503293348986e+02
-1.740531369460264841e+02
1.788065105760179847e+02
-1.691769887737929139e+02
1.791449026037332999e+02
1.737256654429181992e+02
1.770015328603055593e+02
-1.730032336428656947e+02
-8.908578323955100586e+01
1.800000000000000000e+02
1.792394812228691308e+02
-1.744910503017839574e+02
9.133844292102374141e+01
-1.684078245897089516e+02
-1.791449026037332999e+02
1.691596945456694527e+02
1.797106298365594057e+02
1.772257226886992214e+02
-1.774104981527590894e+02
-1.742205141748440838e+02
-1.751354855622394950e+02
-1.692273523517793024e+02
1.791140534061457572e+02
1.783153156821037157e+02
-1.778789036033385571e+02
1.757809046507515518e+02
-1.587652958657461113e+02
1.756893741751794948e+02
1.778676315634459968e+02
-1.717574796484811372e+02
-1.738448316567260008e+02
-1.752609276814870043e+02
1.734659615038197273e+02
1.794241824067550510e+02
-1.773438527960428814e+02
-1.695085229876684139e+02
-1.744724598483438456e+02
-1.642679952148926930e+02
1.797419126486638277e+02
1.709334972601838274e+02
-1.641314595587001293e+02
-1.791449026037332999e+02
-1.011428898583393305e+02
1.784448404949328619e+02
-1.769872124958166637e+02
1.705817175830808594e+02
-9.307146211707039640e+01
1.740059070508915227e+02
-1.710273733851036013e+02
-1.746162983231882322e+02
1.723666694127686867e+02
-1.700089565798309934e+02
1.668274465766731112e+02
-1.726557007104973422e+02
1.755801288611453117e+02
7.891171353643923680e+01
-1.759757715317273039e+02
1.752363583092738111e+02
-1.760353452771438754e+02
1.784845920999778741e+02
-1.769135107362189103e+02
-1.694152918250390485e+02
1.797572227262331808e+02
-1.692021313653977188e+02
-1.733255309528824455e+02
-1.721672044337653631e+02
1.783711750594742682e+02
1.773842451245781433e+02
-1.710735920732606701e+02
1.782259191411820893e+02
-1.704508660712640733e+02
-1.705376777919743745e+02
-1.717241071729248176e+02
1.756512764114882827e+02
-1.722223621098706872e+02
9.571059313749964303e+01
-1.794543424065842885e+02
-1.745484489012872586e+02
1.756236496105158551e+02
1.690631510497935608e+02
1.800000000000000000e+02
-1.776507213525198665e+02
-1.754860115419987210e+02
1.794791436254980397e+02
-1.781816970355481828e+02
-1.625301261696230029e+02
1.800000000000000000e+02
1.780419325707659652e+02
1.664695068976771211e+02
1.797395664321866207e+02
1.767366686817646269e+02
1.708282709698340511e+02
1.708111639226412422e+02
-1.652564371635292844e+02
-1.757184637649293961e+02
1.667427611534189111e+02
-1.776386253418243939e+02
-1.794093427853533171e+02
1.774738830883804610e+02
-1.706365487542551591e+02
1.366602823689828199e+02
1.794062826037874459e+02
1.758214310311105351e+02
1.772592094058174439e+02
-1.786163130326314956e+02
1.677352262721076102e+02
1.768983359701315408e+02
1.775889702533887942e+02
1.766661493384634127e+02
-1.761663234629119188e+02
1.751611011990767111e+02
1.739275435927923183e+02
1.800000000000000000e+02
1.738746280598002727e+02
1.800000000000000000e+02
1.757531573929765329e+02
-1.779726772994997930e+02
-1.797322646612977906e+02
1.741984131123529949e+02
-1.791449026037332999e+02
1.701906977521209967e+02
-1.743775993729102822e+02
1.761062924449028628e+02
9.000000000000000000e+01
1.676130132376289339e+02
-1.776991749851906945e+02
1.732110254255612176e+02
1.779441112149953312e+02
-1.770029574197163242e+02
1.584221826645269857e+02
1.768519039004372644e+02
1.719106195860470052e+02
1.767547450961098434e+02
1.629169130526372271e+02
1.400759881885611264e+02
1.717900985616292928e+02
1.694152918250390485e+02
1.744976595738174865e+02
-1.788599359662136123e+02
-1.737256654429181992e+02
1.729115243218539888e+02
1.735956472736158673e+02
1.658998816649870207e+02
-9.028647651027708321e+01
1.749137782903653715e+02
1.731231692625632093e+02
-1.789190758133393331e+02
1.705376777919743745e+02
1.800000000000000000e+02
1.666075022462489130e+02
-1.752852454812950498e+02
1.684595022533906672e+02
-1.602593905198089033e+02
-1.735956472736158673e+02
1.750415490805146419e+02
1.770297693928035017e+02
-1.717496127710945188e+02
1.716978387651161597e+02
1.785820771685488637e+02
-1.779228252348372052e+02
-1.794123715837600344e+02
1.666200368729386696e+02
-1.772342381657504973e+02
1.680643974567325643e+02
1.645501640193434412e+02
1.800000000000000000e+02
1.791319485502544637e+02
-1.774208524997165739e+02
1.794123715837600344e+02
-1.671826317672048390e+02
1.791406277563553431e+02
-1.724567737096011228e+02
1.719007515898261431e+02
1.800000000000000000e+02
-1.734180553448219939e+02
1.748055710922652111e+02
-1.624201485733447328e+02
9.256759732918780514e+01
1.749920281079597260e+02
1.782816419983445542e+02
-1.773200260598920863e+02
1.740316678024830708e+02
1.754381920125429986e+02
1.718272351224455008e+02
-1.768201698801357509e+02
