-1.779098408462893133e+02
-1.786552756112976681e+02
1.535563380046727957e+02
1.797232109478222526e+02
1.746266022604061163e+02
-1.774234281697311530e+02
1.772499148250875862e+02
1.690193499898264804e+02
-1.715344024460183903e+02
-1.617573181718765625e+02
-1.635804932568183574e+02
-1.797297388935058677e+02
-1.566659587232902311e+02
1.800000000000000000e+02
1.096920212387365297e+02
1.740531369460264841e+02
-1.740531369460264841e+02
-3.303289762341503888e+01
-1.570678995624102186e+02
-1.616989195772050039e+02
1.748315320236617083e+02
1.787811247648687072e+02
-1.411531041511967715e+02
-1.626810615684852621e+02
-1.097540264384305715e+02
-1.714842175956499375e+02
1.765167285310023431e+02
-1.471576503333244830e+02
1.719908597029627799e+02
1.703519546839018517e+02
-1.757108466711809740e+02
-1.782730122495123624e+02
8.450183727501901387e+01
-1.740648287690482050e+02
1.800000000000000000e+02
-1.777784328670639695e+02
1.740850536335689753e+02
-1.791892647807376306e+02
-1.788065105760179847e+02
1.797572227262331808e+02
-1.733255309528824455e+02
1.788163713072713108e+02
-1.746106882400266045e+02
1.800000000000000000e+02
-1.775804907833436630e+02
1.684813406551205048e+02
-1.794410345191678573e+02
1.773974377975002028e+02
1.479326083967395391e+02
1.520205256115198438e+02
-1.767547450961098434e+02
-1.589841837026262397e+02
1.794952044314441650e+02
-1.694481904938077150e+02
-1.797046635460529558e+02
-1.749262952699370430e+02
-1.788426669318704967e+02
1.786921043983362267e+02
-1.601805284704048518e+02
-1.791491351352697166e+02
-1.701701076653625648e+02
-1.743485051185023735e+02
-1.592277453179541737e+02
-1.771375947738882530e+02
-1.751095979419461628e+02
-1.794996129012077688e+02
-1.761663234629119188e+02
1.692157021324374284e+02
-1.735301800148268114e+02
9.790716270295845902e+01
-1.778886693744239835e+02
1.758510963022656597e+02
-1.788542371618248978e+02
-1.638480592853690609e+02
1.791449026037332999e+02
1.788810840694328022e+02
-1.751147974318826925e+02
-1.782816419983445542e+02
1.800000000000000000e+02
9.695295746817392057e+01
-1.613721368235449631e+02
1.740194004752365515e+02
-1.776264041977633497e+02
1.773120310343964263e+02
1.760156839976278036e+02
-1.692611028990945385e+02
-1.729881417255249119e+02
-1.516262095004299510e+02
9.419219362787531225e+01
-1.797622595407070207e+02
-1.715410875998294387e+02
-1.757108466711809740e+02
1.800000000000000000e+02
-1.797106298365594057e+02
1.785311992856141785e+02
-1.581985905136481847e+02
-1.688079599100419443e+02
-1.735712522511701366e+02
1.788821754176138938e+02
-1.621371726128688238e+02
-1.779228252348372052e+02
-1.435912254322276453e+02
1.730189425931702090e+02
-1.366971561896002925e+02
-1.775633517531898633e+02
-1.277809791751303408e+02
1.704457103275982490e+02
-1.701244039267335779e+02
1.702971427671476476e+02
1.756893741751794948e+02
-1.771245463160147722e+02
1.786729220091258981e+02
-1.683010623911973482e+02
1.800000000000000000e+02
1.785004529620223650e+02
1.777688253919687611e+02
-1.706764082218620047e+02
-1.638026770438471544e+02
-1.773709181143613591e+02
-1.785159853243378905e+02
-1.755813795330108462e+02
-1.765142088168778685e+02
-1.456579460564958595e+02
1.743176313821449526e+02
-1.766335393365701805e+02
1.675645584974723477e+02
-1.053616163118486639e+02
-1.734875769707121549e+02
-1.765557974853467158e+02
1.775889702533887942e+02
-1.718360548975570907e+02
-1.739594348171027320e+02
-1.782100893917539395e+02
1.792623268625678179e+02
1.394310393129135548e+02
9.142497427251542774e+01
1.732040559839810498e+02
-1.689011007503576707e+02
1.797177570637291524e+02
1.740035259275884698e+02
1.747581800530204532e+02
1.735411836212813341e+02
1.756364886083380838e+02
1.682648747414008596e+02
1.710123627017915169e+02
1.797622595407070207e+02
1.797015871800051343e+02
-1.650332804359951524e+02
1.583440109615775100e+02
-1.730250704840038622e+02
-1.715836256121842780e+02
-1.767038840274537108e+02
-1.376104617997905848e+02
1.721168606832702608e+02
-1.765142088168778685e+02
-1.725457011872515523e+02
-1.745018372750190281e+02
-1.752143045076250587e+02
1.729352632495973978e+02
-1.672517743897623745e+02
-1.178670038496568679e+02
1.767877902398907679e+02
1.743362937419794321e+02
-1.598393015493061569e+02
-1.709212421340110382e+02
-1.797284580543154675e+02
-1.770390638658362548e+02
-1.657499673021964099e+02
-1.754790421004185816e+02
-1.541556124454396581e+02
-1.726656211985833238e+02
-9.419219362787531225e+01
1.769135107362189103e+02
-1.782642954110716289e+02
1.611881106974808517e+02
1.737790500788403847e+02
1.763477772196936826e+02
1.709703626780349168e+02
1.743405181598375293e+02
1.768983359701315408e+02
-1.766865746002072513e+02
1.780443186024771194e+02
1.788542371618248978e+02
-1.772434431284634968e+02
1.766981343255650074e+02
1.675350671579350319e+02
1.760206175473217911e+02
8.468545433005525069e+01
1.742321111020858666e+02
-1.739017880521764994e+02
1.769684761395476187e+02
-1.789949139947458150e+02
-1.673528738642739313e+02
1.785185428291129313e+02
-1.770157178564066385e+02
1.590040076481176357e+02
-1.534349488229219958e+02
1.694539659869097932e+02
1.725685920288274815e+02
1.786229628062272639e+02
-1.755056423473680240e+02
1.738496184714951767e+02
8.838646106711883021e+01
1.730540323792371851e+02
-1.646667152069464635e+02
-1.772208331359279327e+02
1.765074068391439539e+02
-1.621627499966928099e+02
-1.752363583092738111e+02
1.658946422356647759e+02
1.791230922585693577e+02
-1.720151337847434263e+02
1.727345531001608947e+02
-1.778613174223336841e+02
1.720424747730828585e+02
-1.789087837747374010e+02
-1.786573759734622513e+02
1.763165136108395359e+02
-1.704874623977210319e+02
-1.737843641002973527e+02
-1.593104762111429693e+02
-1.560067894307718461e+02
-1.786615570789762728e+02
-1.644454287299255952e+02
-1.501062988312007747e+02
-1.650145641896781967e+02
1.726809806244095853e+02
-1.772865905549666934e+02
1.714391104288353915e+02
-1.744006606634794423e+02
-1.758949014868374263e+02
-1.617510757815855413e+02
-1.654655449194598873e+02
8.792684985115357676e+01
1.783153156821037157e+02
1.800000000000000000e+02
1.797271650169319344e+02
-1.387861120353815920e+02
-1.755587588105672125e+02
1.762218022928384187e+02
1.783939970107177544e+02
1.800000000000000000e+02
1.702382252249577448e+02
-1.755787105785693996e+02
9.377819770716159553e+01
1.756199395449363578e+02
-1.756982417259409317e+02
-1.794620272698877557e+02
1.702894307339865350e+02
-1.757171215347538578e+02
-1.787546357332316518e+02
-1.480872284238366774e+02
-1.793969088056194607e+02
1.772880165325550479e+02
1.754487387268603698e+02
-1.789815156522868449e+02
1.744643934286430920e+02
1.755558938783473195e+02
-1.694985149913486850e+02
1.714108735449305527e+02
-1.710932558162202497e+02
1.707273982227997067e+02
1.787039365019828949e+02
-1.760716927746023259e+02
-8.019750328475475953e+01
-1.762245341757102040e+02
1.788308606720925980e+02
-1.727630779740320008e+02
-1.786468080462203147e+02
1.742593933610480974e+02
1.731572265873690526e+02
1.751731412188770491e+02
1.687435649702960916e+02
1.722079219217815762e+02
-1.794490960207814396e+02
1.711892670140150869e+02
-1.762245341757102040e+02
1.770643265535788373e+02
-9.499133325752453061e+01
-1.679052429229879237e+02
-1.753275572446105457e+02
-1.787964841906949687e+02
1.797135234897229452e+02
-1.718698976458440200e+02
-1.707810738618925654e+02
1.758935028348295759e+02
1.725930878715047641e+02
-1.758214310311105351e+02
1.758403577062873637e+02
1.762027521195615805e+02
-1.763526143475431240e+02
-1.770339591100128871e+02
1.723666694127686867e+02
1.766182726757236310e+02
1.688019732030460034e+02
1.774614554016012278e+02
-1.626759104600290300e+02
-1.500285050679273127e+02
1.780538048829692457e+02
1.769872124958166637e+02
-1.758798780874828651e+02
-1.797498016798024594e+02
-1.784377750831576179e+02
-1.788810840694328022e+02
-1.760443545196158368e+02
-1.728380662725002139e+02
1.765834118082286750e+02
-1.714308581201623554e+02
-1.723493490446406042e+02
1.780347394280794902e+02
-1.695483670560113296e+02
1.736598082540901089e+02
-1.761859251657096479e+02
-1.791048262897889458e+02
-1.670821871560660270e+02
-1.780443186024771194e+02
1.618258799345309455e+02
1.709334972601838274e+02
-1.769335144988741035e+02
-1.759143832200251154e+02
-1.701435291786373227e+02
-1.752143045076250587e+02
1.723448329431670913e+02
-1.750540334528958510e+02
