1.767602997038978856e+02
1.738113840367584260e+02
1.784792303388562402e+02
-1.754752315271658176e+02
1.786677801461303545e+02
1.777974018382342081e+02
-1.795452811383068763e+02
1.800000000000000000e+02
1.800000000000000000e+02
1.747029518954032028e+02
-1.729373973295842291e+02
1.639264258352536388e+02
1.726613936637637892e+02
-1.744278021960361968e+02
1.800000000000000000e+02
1.672212668115939778e+02
8.461288142571364190e+00
1.800000000000000000e+02
0.000000000000000000e+00
-1.785797344536009632e+02
-1.790206803456605087e+02
-1.783634229583832678e+02
-1.772951240142643599e+02
1.756913350834751384e+02
-8.748863673283692322e+01
1.800000000000000000e+02
9.119348942398204372e+01
1.704633642415405745e+02
-1.784792303388562402e+02
-1.770096550248346148e+02
-1.761859251657096479e+02
-1.704633642415405745e+02
1.735765295634434437e+02
1.800000000000000000e+02
1.680379486023337847e+02
-1.788308606720925980e+02
1.646237487511738209e+02
1.785056664087334752e+02
-1.650685828218624636e+02
-1.770492208909936664e+02
-1.779249736385825997e+02
-1.763915311474336534e+02
1.774208524997165739e+02
1.705376777919743745e+02
1.800000000000000000e+02
1.733455749539934061e+02
8.945434240658428848e+01
1.800000000000000000e+02
1.743824194098731937e+02
8.274680538727467649e+01
-1.754462320208413644e+02
8.843777508315760372e+01
1.773775985394589156e+02
1.800000000000000000e+02
-1.734180553448219939e+02
9.667446904711758293e+01
-1.722881075873411021e+02
1.748055710922652111e+02
1.726319489283778239e+02
1.800000000000000000e+02
1.744470289669631882e+02
1.722043979793840833e+02
1.735504652961577392e+02
1.552656974709474866e+02
-1.733455749539934061e+02
-1.778630891462427428e+02
-1.759717363335148548e+02
1.770643265535788373e+02
1.704820508390512259e+02
1.795848204588551482e+02
1.731363080853729457e+02
1.787724211678654456e+02
1.747581800530204532e+02
1.795341909172350086e+02
-1.795523858291394674e+02
1.746441749571448270e+02
-1.785185428291129313e+02
-1.720198862548314764e+02
-1.761214754971522893e+02
1.781034816967907091e+02
-1.772736890060937469e+02
1.778183585964485189e+02
1.784088597288054245e+02
1.800000000000000000e+02
1.766822188316651818e+02
1.761859251657096479e+02
-9.000000000000000000e+01
1.789583733239900312e+02
-1.771375947738882530e+02
-1.768939729043835598e+02
-1.789190758133393331e+02
1.787174729172898253e+02
-1.793376505526277924e+02
1.800000000000000000e+02
-1.700150397953566710e+02
1.744367911792560051e+02
-1.763734282161203737e+02
8.639872188277657017e+01
-1.733130906738176407e+02
-1.719509382983254966e+02
-1.769606004310730896e+02
-1.784088597288054245e+02
-1.787939512207800590e+02
1.730887728809753412e+02
1.717241071729248176e+02
1.800000000000000000e+02
1.787078331137500697e+02
1.736184394674065459e+02
1.794645410144354685e+02
1.800000000000000000e+02
-1.790289780689208499e+02
-1.748674455601270381e+02
-1.763955794608243082e+02
-1.703519546839018517e+02
-1.759464457681685872e+02
-1.752363583092738111e+02
1.729476939921588041e+02
1.758023316428390785e+02
1.800000000000000000e+02
-1.706979452887011917e+02
-1.794645410144354685e+02
-1.671148306002967558e+02
-1.793969088056194607e+02
-1.789291755452130417e+02
-1.723255204831060610e+02
1.765663696375494851e+02
1.753758486715709353e+02
1.503762512488261791e+02
8.125383773744479754e+01
1.636104596659652373e+02
1.745829778861433965e+02
1.730765510851894646e+02
1.800000000000000000e+02
1.800000000000000000e+02
1.661028236849846564e+02
1.742454346688978148e+02
1.683312259996310445e+02
1.665169399725947414e+02
1.456196552761551288e+02
1.800000000000000000e+02
-1.769250830693841010e+02
-1.748521151758637018e+02
1.731731376615263116e+02
-1.789488192504562676e+02
1.705376777919743745e+02
-1.781159497689081945e+02
8.957871509583139868e+01
1.674711922908484780e+02
-1.791873484057462633e+02
1.800000000000000000e+02
1.800000000000000000e+02
-1.787546357332316518e+02
-2.341211416930267575e+01
-9.524181994697956100e+01
1.780419325707659652e+02
-1.788766972859245641e+02
-9.405355423183141284e+01
-1.787811247648687072e+02
-1.756012946450044865e+02
1.774664411116054339e+02
-1.754860115419987210e+02
-1.776784694101672812e+02
1.667594800848128216e+02
1.730080746533322156e+02
-1.710028565789349386e+02
1.659637565320735177e+02
-1.764964683552155691e+02
1.794645410144354685e+02
-1.101706115206374736e+00
1.752363583092738111e+02
1.779974668681731202e+02
1.771844433157887693e+02
1.772519118199462582e+02
1.741175544099046704e+02
1.695085229876684139e+02
1.739623174785771198e+02
1.800000000000000000e+02
-1.781720317556950022e+02
-1.733674853848615385e+02
-1.783476953223486987e+02
1.737060518110489227e+02
1.718698976458440200e+02
1.741303995569853100e+02
1.683814756472053489e+02
1.800000000000000000e+02
1.770750220508436428e+02
1.520490309721098470e+02
1.762786867352502611e+02
1.713358645668919564e+02
1.800000000000000000e+02
-1.751009075462122553e+02
-9.662403263451751911e+01
1.769335144988741035e+02
1.800000000000000000e+02
-1.734801982483430152e+02
1.766917864661279509e+02
1.784825858749878762e+02
1.734943733543163091e+02
-1.591140271194587230e+00
1.766981343255650074e+02
1.626759104600290300e+02
-1.779098408462893133e+02
-1.748636215075722760e+02
-1.762173545534037089e+02
-1.735169263071027501e+02
-1.792205136788815310e+02
1.760698244542745385e+02
1.644758890032457543e+02
1.738677775023207062e+02
-1.794093427853533171e+02
1.771612121589946298e+02
1.625042421228135936e+02
1.800000000000000000e+02
1.737741709355742330e+02
-1.607923225847815729e+02
-1.757108466711809740e+02
-1.782816419983445542e+02
9.000000000000000000e+01
1.726656211985833238e+02
-1.778470372108995434e+02
1.767060350121548993e+02
1.790608090542644391e+02
1.780908475670036353e+02
-1.778983456723287304e+02
-1.783028438103997360e+02
1.713358645668919564e+02
1.705376777919743745e+02
1.742894068625003570e+02
1.617371100578058929e+02
-1.776626941408761979e+02
-1.765053610727466662e+02
-1.792882877939643151e+02
-1.710760115563685986e+02
1.784413157937891867e+02
-1.787546357332316518e+02
1.733547217897256019e+02
3.239700296102129951e+00
1.675740571345725130e+02
1.775736641683976416e+02
1.756012946450044865e+02
1.800000000000000000e+02
-1.120564335270393599e+02
1.768201698801357509e+02
-1.783153156821037157e+02
1.800000000000000000e+02
-1.774664411116054339e+02
-1.750302592718896904e+02
1.735169263071027501e+02
1.660594088297100086e+02
-1.730189425931702090e+02
-1.754860115419987210e+02
-1.685890168732346126e+02
-1.743753719585540978e+02
-1.790833457436147285e+02
-1.758023316428390785e+02
-1.735411836212813341e+02
-1.790833457436147285e+02
-1.753258362888692261e+02
1.786028189727036306e+02
-1.782816419983445542e+02
-1.756012946450044865e+02
1.792205136788815310e+02
1.752798630689564447e+02
-1.600576154183030155e+02
-1.730272307139735517e+02
-1.756839724801344005e+02
1.639845603937343412e+02
-1.698544555661036668e+02
-1.779098408462893133e+02
1.682748879848349191e+02
-1.761493611760892577e+02
1.765663696375494851e+02
1.772475145997313177e+02
-1.766768795548645699e+02
1.692986492761008606e+02
1.800000000000000000e+02
-1.765200824957302927e+02
1.611364124443758783e+02
1.748521151758637018e+02
-1.783634229583832678e+02
-1.790833457436147285e+02
-1.752001638860953108e+02
1.740625839005184901e+02
-1.782239557466412521e+02
-1.756292029620925348e+02
-1.672928864986834014e+02
-1.723493490446406042e+02
-1.783634229583832678e+02
-1.728749836510982050e+02
1.785679038158353649e+02
1.795817900585028895e+02
1.771375947738882530e+02
1.706764082218620047e+02
1.800000000000000000e+02
1.697488012491825771e+02
1.716492474676686015e+02
1.742894068625003570e+02
-1.786360724683970886e+02
1.739275435927923183e+02
1.772880165325550479e+02
1.770643265535788373e+02
1.722950028011610186e+02
1.770454201759403077e+02
-1.767905136822080294e+02
-1.783276056389107396e+02
0.000000000000000000e+00
-1.736207518323868726e+02
-1.782285302599659360e+02
-1.764725319496259033e+02
1.706900598250139751e+02
1.743455791773592978e+02
-1.783251620094708016e+02
-1.740194004752365515e+02
1.796048629574925144e+02
-1.725191138204763206e+02
-1.791512357284464088e+02
-1.787811247648687072e+02
-1.727468053872746623e+02
1.785436413656603065e+02
1.711702553320909317e+02
1.800000000000000000e+02
-1.795692127829913716e+02
-1.777760387596145506e+02
1.734180553448219939e+02
