-1.791615850255978728e+02
-1.797191405853166088e+02
1.739793438231635889e+02
1.773574547059352824e+02
1.740648287690482050e+02
1.791656544244532085e+02
-1.758935028348295759e+02
-1.746717652180201696e+02
-1.769713014216594331e+02
-1.709914962579748590e+02
1.800000000000000000e+02
1.757636052009411856e+02
1.723115522300971350e+02
-1.779752349184389573e+02
-1.792778225384551831e+02
-1.783457080935928047e+02
-1.738844964337145882e+02
1.800000000000000000e+02
-1.788484811060362460e+02
1.800000000000000000e+02
1.788065105760179847e+02
-1.765663696375494851e+02
1.708219209998375447e+02
-1.554401089562989000e+02
-1.764421481338819149e+02
1.793937180844826571e+02
1.758553762588957170e+02
-1.699024956159247211e+02
1.800000000000000000e+02
-1.726735933398304610e+02
1.739760069176803654e+02
-1.797592628472782224e+02
-1.763322119444685825e+02
-1.779010940667964462e+02
-1.767713521303643915e+02
1.662584853085745920e+02
9.118362869272873183e+01
-1.775202362081829222e+02
-1.744910503017839574e+02
1.753707650522024153e+02
-1.759527980848778270e+02
-1.795185341941616457e+02
1.800000000000000000e+02
-1.696409475119162948e+02
-1.769285378829296178e+02
-1.797120839334428979e+02
1.783397176310171801e+02
-1.764421481338819149e+02
-1.689297974220606307e+02
1.764785466230777899e+02
-1.784925642412250397e+02
-1.794062826037874459e+02
-1.779545915111127954e+02
-1.731101625438118106e+02
-1.642913621709842573e+02
-1.773855704034045573e+02
-1.794861502836458556e+02
1.770133630095248520e+02
5.194428907734805811e+00
-1.784306451952510315e+02
8.745519562018689896e+01
8.197276248956804068e+01
-1.790079644340113987e+02
-1.785750257274845865e+02
1.800000000000000000e+02
1.723039482779834373e+02
1.769872124958166637e+02
1.789087837747374010e+02
-1.745596679689944892e+02
-1.723666694127686867e+02
-1.768983359701315408e+02
9.140862873533848187e+01
1.769872124958166637e+02
1.745076754428725678e+02
-1.036269948598915391e+02
1.777195146753181234e+02
-1.747831109681655164e+02
1.800000000000000000e+02
-1.791363099554004350e+02
-9.000000000000000000e+01
-1.797284580543154675e+02
1.779335230143557567e+02
1.751864491062934803e+02
-9.459680752970947992e+01
1.489347295884160971e+01
-8.291271491691063034e+00
8.822853025996592180e+01
-1.698860478542082717e+02
-1.664588929179485319e+02
-1.761265102756554199e+02
-1.704874623977210319e+02
9.331342539979274875e+01
-1.702436404491288897e+02
-1.740059070508915227e+02
-1.723287785167380264e+02
1.800000000000000000e+02
-1.426506509553594242e+02
-1.681402208790520376e+02
9.029686666732470712e+01
1.772378716866211903e+02
1.751920460369695434e+02
-1.773085899842216122e+02
-9.701185827447511656e+01
-1.782376089763394873e+02
-1.734492735288993117e+02
-1.617829048021751532e+02
-1.773438527960428814e+02
-8.893908830973576585e+01
-1.763588147420986729e+02
1.706806786086404770e+02
-1.797430699754964962e+02
9.519442890773480315e+01
9.612537194019972731e+01
1.775762286558864389e+02
1.743485051185023735e+02
1.739909940425054629e+02
1.566911547548732244e+02
-1.741140121669717473e+02
-1.651980019165661986e+02
1.019908349790392492e+02
1.795284404459238488e+02
1.800000000000000000e+02
-1.751354855622394950e+02
1.710572460515903117e+02
-1.674424437837211315e+02
-1.785607103721175974e+02
-1.732387614899627977e+02
1.748301721124421704e+02
-1.770029574197163242e+02
6.909201952899034893e+01
-1.712738642237012812e+02
-1.742622653299436024e+02
-1.712168846438822243e+02
-1.755801288611453117e+02
-1.667594800848128216e+02
-1.724605548604907028e+02
8.207674071662134452e+01
1.795039450396047584e+02
-1.641263583252003002e+02
-1.721553039004704146e+02
-1.668327483051222089e+02
8.294481393890332299e+01
-1.714827698916930956e+02
-1.734969440551182913e+02
-1.765663696375494851e+02
-1.795558555668880558e+02
1.788929729543192479e+02
1.729497497411268796e+02
-8.733011023799237194e+01
-1.744631176375162909e+02
-1.787155564781992325e+02
-1.104163848514239561e+02
-1.768919690650001826e+02
-1.791048262897889458e+02
1.794490960207814396e+02
1.794670313773457622e+02
1.783832096893267760e+02
1.118014094863518153e+02
8.276307797403198663e+01
-9.775177915429672737e+01
-9.331778116833484660e+01
1.742290637784256546e+02
1.000645682072518667e+02
-1.706365487542551591e+02
1.693431517530787005e+02
1.745596679689944892e+02
-1.784991439127065576e+02
1.742609015019104106e+02
1.661802382960548812e+02
1.297410272923665708e+01
1.800000000000000000e+02
1.751894138056343593e+02
-1.766499236024985464e+02
1.766169942086694107e+02
1.751240137875378196e+02
1.781608591765916287e+02
9.650751311280775724e+01
-1.013667171724876965e+02
-1.639475759928433547e+02
1.688290222564112071e+02
-1.744976595738174865e+02
1.730540323792371851e+02
1.800000000000000000e+02
1.665388516925770261e+02
-8.941237158376004857e+01
1.668274465766731112e+02
1.762623704565899061e+02
1.746678411183404478e+02
1.686900675259797993e+02
-1.571519571283836854e+02
1.725930878715047641e+02
1.637847067302759001e+02
-1.763670492605118056e+02
-7.610575321660664372e+01
8.265570071049732803e+01
-1.783476953223486987e+02
1.016502994375376687e+02
7.799379892590785346e+01
-1.636963235401564134e+02
-1.753331416285610089e+02
1.786140821491877944e+02
1.717496127710945188e+02
-1.738448316567260008e+02
-1.709188816116305532e+02
9.282017247244849045e+01
-1.628972710309476213e+02
-1.698657487126043293e+02
-1.607754196795537212e+02
1.787097726479395305e+02
-1.713843518158358847e+02
1.791094637466394204e+02
1.790206803456605087e+02
1.794838357702351743e+02
-1.787875719100550782e+02
-1.648828323454128508e+02
1.712751531306255401e+02
-1.745187034053026593e+02
8.941536947929482437e+01
-9.027678905217776162e+01
1.595377284765777972e+02
-1.568383983640492545e+02
-1.645270276718450759e+02
-1.609337182774337975e+02
-1.782007242758659515e+02
3.833676537088076319e+00
1.587161894513671427e+02
-1.796968505562858809e+02
-9.078842426244014518e+01
-1.753436536511039492e+02
-1.712324187554470427e+02
-8.890356391600697350e+01
-1.756199395449363578e+02
-1.786800543060782331e+02
-1.778286882090851861e+02
1.726139568487327551e+02
1.666754687381092310e+02
2.349856567595209711e+01
-1.794645410144354685e+02
9.745705514023529759e+01
9.571059313749964303e+01
-1.757636052009411856e+02
-8.880026376187862525e+01
-1.726539551651800366e+02
-1.021930344755069626e+02
-1.494207731275109836e+02
1.723891805224331790e+02
-8.403551289874688734e+01
-1.797551477319556739e+02
1.785004529620223650e+02
-1.770015328603055593e+02
-8.593505269225728682e+01
1.755328409386107182e+02
-1.760090869015702140e+02
-9.338300579133061774e+01
-1.768201698801357509e+02
-1.659064034185837784e+02
-1.770940790003466532e+02
1.764421481338819149e+02
-1.707810738618925654e+02
-1.610211202442865499e+02
-1.464562815287019362e+02
-1.541710425344797102e+02
-1.719106195860470052e+02
-1.716113110994399449e+02
-1.775529513576763918e+02
1.641314595587001293e+02
-1.682909988981359959e+02
1.787811247648687072e+02
1.184956386182449819e+02
1.778183585964485189e+02
-1.791776290200018309e+02
-1.746789787672987870e+02
1.633007557660064037e+02
1.800000000000000000e+02
-8.779740183823419386e+01
-1.788065105760179847e+02
-1.795575703419605418e+02
-1.786800543060782331e+02
1.800000000000000000e+02
-1.736598082540901089e+02
-1.739153061347312530e+02
-1.737199928743002317e+02
1.686900675259797993e+02
1.800000000000000000e+02
8.809988903442314268e+01
1.765142088168778685e+02
9.504245106917092301e+01
-1.497006607257968653e+02
-1.597467482126261586e+02
1.748935154276716162e+02
-1.572971578767871961e+02
-1.661485809861950145e+02
-1.736598082540901089e+02
1.791230922585693577e+02
1.791048262897889458e+02
1.748055710922652111e+02
1.753093155442651607e+02
-1.772208331359279327e+02
-1.655388265269683643e+02
-1.216420489888293872e+02
-1.650357203192927784e+02
1.706365487542551591e+02
1.204503672298776564e+02
-1.750728900523509992e+02
-8.933637199998675271e+01
-1.789087837747374010e+02
1.792187423383913654e+02
1.730616141946637754e+02
8.297526787689326966e+01
1.786028189727036306e+02
1.700398596916272140e+02
1.755787105785693996e+02
1.718287664400502592e+02
-1.726865113719683507e+02
1.794996129012077688e+02
1.795082028120540940e+02
-1.698949636349620391e+02
-1.714270016363886100e+02
-1.725853697090252865e+02
1.635271082852633810e+02
1.797622595407070207e+02
1.800000000000000000e+02
-1.768519039004372644e+02
-1.694873728300786411e+02
