1.700248732795413673e+02
1.757184637649293961e+02
-1.788065105760179847e+02
1.681261508976264167e+02
1.673717780826095805e+02
1.778789036033385571e+02
1.788188110866733780e+02
1.800000000000000000e+02
1.800000000000000000e+02
1.800000000000000000e+02
1.762435474521959407e+02
1.785004529620223650e+02
1.800000000000000000e+02
1.752363583092738111e+02
1.744631176375162909e+02
1.734579618537881345e+02
1.797106298365594057e+02
1.762482709294740459e+02
1.789439761940024596e+02
-1.795965152649412460e+02
-1.770185387800177921e+02
-1.668274465766731112e+02
-1.754031924702905485e+02
1.756457789369304123e+02
-1.725329233597396694e+02
1.769727548177200163e+02
-1.795284404459238488e+02
1.791048262897889458e+02
1.742593933610480974e+02
1.718272351224455008e+02
-1.783575602980627082e+02
-1.794153694792948386e+02
1.768361163811192682e+02
-1.771375947738882530e+02
-1.758935028348295759e+02
-1.792654789657451886e+02
1.786229628062272639e+02
-1.769713014216594331e+02
1.749960800477596763e+02
1.748055710922652111e+02
-1.766514051855431262e+02
-1.752582102454809387e+02
-1.760858627813875614e+02
-1.671095193702486199e+02
1.706829139308737808e+02
1.623266931879653043e+02
1.719952711427071677e+02
-1.743775993729102822e+02
-1.785082595646272807e+02
-1.757411538778296460e+02
-1.794645410144354685e+02
-1.768519039004372644e+02
-1.717900985616292928e+02
-1.784234499448162694e+02
1.644009141971607733e+02
-1.773842451245781433e+02
-1.788308606720925980e+02
1.783082114317355149e+02
-1.777717163440583761e+02
1.781352147406610129e+02
-1.624744316262771235e+02
1.800000000000000000e+02
1.504435909821876578e+02
1.800000000000000000e+02
1.794270613023165311e+02
-1.771844433157887693e+02
-1.794767654178158125e+02
-1.764421481338819149e+02
1.655960094670626859e+02
1.724649362766718923e+02
1.791406277563553431e+02
1.800000000000000000e+02
-1.541170092160946581e+02
-1.753013194827005634e+02
-1.761465195463979398e+02
1.800000000000000000e+02
1.772592094058174439e+02
1.800000000000000000e+02
-1.795165027891097509e+02
1.800000000000000000e+02
-1.745829778861433965e+02
1.786861069755020708e+02
-1.770492208909936664e+02
-1.785386899091187729e+02
1.791230922585693577e+02
1.786677801461303545e+02
1.721374543778449890e+02
1.787039365019828949e+02
1.774091980148049004e+02
-1.788426669318704967e+02
1.776015786659074820e+02
-1.731335701975023085e+02
-1.757108466711809740e+02
-1.724673985990526432e+02
-1.782986453946738834e+02
1.738655900560760870e+02
-1.701221637101444344e+02
-1.697458353220958145e+02
-1.733674853848615385e+02
1.778676315634459968e+02
1.668511323047628991e+02
1.800000000000000000e+02
1.705873705631338453e+02
-1.781912606775079553e+02
1.707810738618925654e+02
-1.794382946674334391e+02
9.262908188563866929e+01
1.796167563543652648e+02
-1.737496604222195344e+02
1.795123881170750906e+02
1.529279197620072352e+02
1.750415490805146419e+02
-1.708282709698340511e+02
-1.788002637618786252e+02
-1.789815156522868449e+02
1.800000000000000000e+02
-1.707480137762909465e+02
-1.732243438306010148e+02
1.722781741998690279e+02
-1.780908475670036353e+02
-1.769434195518505533e+02
1.782986453946738834e+02
1.773974377975002028e+02
1.211651468433412617e+02
1.629182431308576895e+02
1.748750766540209440e+02
1.741260384838080881e+02
1.622323595329130796e+02
1.747014349301000777e+02
1.708376529542782976e+02
1.693803447238448712e+02
1.690923382045019139e+02
1.751611011990767111e+02
1.751894138056343593e+02
1.682194762230845981e+02
1.789630855354699008e+02
1.289363746314882633e+02
1.784845920999778741e+02
1.776467031338916911e+02
1.772880165325550479e+02
-1.781265069864000736e+02
1.759143832200251154e+02
-1.742894068625003570e+02
1.700737544933483036e+02
1.759757715317273039e+02
1.788403247915164229e+02
-1.723867782340333861e+02
-1.770029574197163242e+02
1.800000000000000000e+02
-1.731689940506484788e+02
-1.713763080450740404e+02
1.758724082974882776e+02
1.798044520237291692e+02
-1.775224011315543180e+02
1.800000000000000000e+02
8.428940686250037118e+01
-1.719079174010553857e+02
-1.720565281894095904e+02
-1.682804009050058482e+02
1.740059070508915227e+02
-8.207216411918146548e+00
-1.711193408494797836e+02
1.788711652033393591e+02
1.724385715723330463e+02
-1.794212744343922452e+02
1.775459683254729271e+02
-7.406912128495228842e+00
-1.703541557433880200e+02
1.787914075679731525e+02
-1.794694986833262078e+02
-1.733605294811063402e+02
-1.782816419983445542e+02
-1.751300582837189097e+02
-1.702563587129628502e+02
1.800000000000000000e+02
1.783634229583832678e+02
1.763086140135487199e+02
1.685342317012388662e+02
1.770940790003466532e+02
-1.794000661197460431e+02
-1.739458081058851633e+02
1.800000000000000000e+02
-1.724253203168421464e+02
1.791185960034178777e+02
1.714842175956499375e+02
-1.748268311207934005e+02
-1.736305607938876960e+02
-1.770574795436313877e+02
-7.999202019855866297e+01
-1.770185387800177921e+02
1.792042764472607246e+02
1.767928145327213372e+02
1.800000000000000000e+02
1.776386253418243939e+02
1.794355278246930538e+02
-1.780079064270335607e+02
1.728007663616323555e+02
1.681579238846722433e+02
-9.833256009637418060e+01
-1.772993706626047299e+02
1.761171014396363148e+02
-1.708611508803073491e+02
-1.792527061231739651e+02
1.783939970107177544e+02
-1.740754180180175297e+02
-1.718272351224455008e+02
1.757740018220415550e+02
-1.783864610671188018e+02
1.767877902398907679e+02
-1.751354855622394950e+02
1.662867281930474803e+02
-1.701975032847547595e+02
-1.691596945456694527e+02
-1.784014629073240314e+02
1.711381355936024420e+02
1.740025994260844584e+02
-1.796034957448669047e+02
-1.682804009050058482e+02
-1.768492835867322697e+02
-1.771936297482117766e+02
1.795017883873863695e+02
1.800000000000000000e+02
1.783766674749095387e+02
-1.786163130326314956e+02
-1.784014629073240314e+02
-1.738844964337145882e+02
1.681113419603720445e+02
1.791449026037332999e+02
-1.684454243521205683e+02
-1.753050857207489628e+02
1.760943008629278950e+02
-1.770711418003069184e+02
1.800000000000000000e+02
1.764964683552155691e+02
-1.733333401090986285e+02
1.512020701498312576e+02
-1.763006805077128263e+02
1.780152968878464321e+02
1.761859251657096479e+02
1.800000000000000000e+02
1.741140121669717473e+02
-1.732243438306010148e+02
1.779992143833314344e+02
-1.711581854398083351e+02
1.738655900560760870e+02
1.797135234897229452e+02
-1.751354855622394950e+02
1.159892335838329984e+02
1.765466837494689116e+02
1.642244191902009049e+02
-1.766785242366539705e+02
-1.674397629031544454e+02
1.789390883097357801e+02
1.794464348141176231e+02
-1.735108336040724453e+02
1.782414714395609110e+02
1.741687335373224244e+02
-1.781858080909700561e+02
1.768603398521797487e+02
-1.668053289249969566e+02
-1.771798275275515095e+02
1.767713521303643915e+02
-1.741226073933568728e+02
1.778789036033385571e+02
1.640137077609024061e+02
-1.780347394280794902e+02
-1.794907175950224882e+02
-1.753275572446105457e+02
-1.735359256806231656e+02
-1.785679038158353649e+02
1.763632111188030933e+02
1.756635952143400061e+02
-1.761265102756554199e+02
1.700594269668869742e+02
-1.767379665226032444e+02
-1.658931952629269233e+02
1.721466866980217958e+02
1.774614554016012278e+02
1.732901631922430852e+02
1.794719432510998445e+02
1.744813058849437652e+02
1.782730122495123624e+02
1.736278886030675039e+02
1.778434373252852083e+02
-1.785159853243378905e+02
-1.718301916372917333e+02
-1.681718283770816242e+02
1.800000000000000000e+02
-1.781088452983146340e+02
-1.793969088056194607e+02
1.790857832395510059e+02
-1.781692513519745091e+02
1.710735920732606701e+02
-1.762053277316842355e+02
-1.746990734834743080e+02
1.776359204140805161e+02
1.790906195508008523e+02
1.762039483735181591e+02
1.785558744690641788e+02
-1.781523897340053963e+02
-1.711456918116781765e+02
-1.772592094058174439e+02
-1.761062924449028628e+02
-1.740284341022035619e+02
-1.759555144258189046e+02
-1.608892476356704719e+02
-1.696241550799489630e+02
1.789536180929018485e+02
-1.739219630162527324e+02
1.788126926842711839e+02
-1.684078245897089516e+02
1.732901631922430852e+02
-1.762810060268419647e+02
-1.758752333938576271e+02
-1.696951535312339843e+02
1.794464348141176231e+02
-1.749497715751672047e+02
-1.738021223665691650e+02
-1.722348339815746670e+02
1.716167515190706467e+02
1.794355278246930538e+02
-1.776250384842386154e+02
1.768983359701315408e+02
-1.723331957381858217e+02
