1.773632415738595682e+02
1.766785242366539705e+02
-1.773102296768495592e+02
1.711581854398083351e+02
1.796021190381654264e+02
1.715387118574286376e+02
1.722079219217815762e+02
-1.712094568171860658e+02
1.800000000000000000e+02
1.785913712646615465e+02
1.779174347202691422e+02
1.741843734705087741e+02
-1.779398889762768761e+02
-1.766661493384634127e+02
-1.790122396003601750e+02
1.800000000000000000e+02
1.800000000000000000e+02
1.766580561427388716e+02
1.800000000000000000e+02
1.771689983221347404e+02
-1.742290637784256546e+02
1.757026133360583060e+02
1.757205364697547907e+02
-1.730590165712574162e+02
1.755635255143426434e+02
-1.779398889762768761e+02
1.709605171966448722e+02
1.724385715723330463e+02
1.738999400396783415e+02
1.724673985990526432e+02
1.638355008477430772e+02
1.603461759419467114e+02
-9.307333251107334604e+01
-5.354589855645337515e-01
1.760772871094895322e+02
1.800000000000000000e+02
1.783476953223486987e+02
-1.785797344536009632e+02
1.800000000000000000e+02
1.761287437680143739e+02
1.671012488958355391e+02
-1.756839724801344005e+02
1.676192430711928409e+02
1.754860115419987210e+02
-1.779690857631468930e+02
-1.791449026037332999e+02
-1.763861192479963620e+02
-1.662392148882087497e+02
-1.717976457553744183e+02
1.794791436254980397e+02
1.791117645047602309e+02
1.718174770021786060e+02
1.777974018382342081e+02
-1.786677801461303545e+02
-1.766002858408767509e+02
1.794645410144354685e+02
1.684533094540726950e+02
1.724053566314085799e+02
1.800000000000000000e+02
1.751469036130076233e+02
1.827968244305004930e+00
1.703192011406149220e+02
-1.791117645047602309e+02
-1.746990734834743080e+02
-1.723331957381858217e+02
1.745076754428725678e+02
1.795103044068708016e+02
-1.794093427853533171e+02
1.800000000000000000e+02
-1.752798630689564447e+02
1.724436559435605432e+02
1.709334972601838274e+02
1.750728900523509992e+02
1.774791720922898435e+02
1.777760387596145506e+02
-1.786028189727036306e+02
-1.781912606775079553e+02
-1.730887728809753412e+02
1.677842808658691354e+02
-1.657354877019201069e+02
-1.753645365730973538e+02
-1.752798630689564447e+02
1.794327335901420781e+02
9.000000000000000000e+01
-1.785436413656603065e+02
-1.704596181951573612e+02
-1.700181707122668513e+02
-1.761859251657096479e+02
1.800000000000000000e+02
-1.704296745654887957e+02
-1.769059419410828866e+02
1.719775963526724922e+02
-1.764236656250026556e+02
-1.759998142394869092e+02
1.718698976458440200e+02
1.789190758133393331e+02
1.719509382983254966e+02
-1.676309384740744974e+02
1.744885225839794032e+02
1.800000000000000000e+02
1.800000000000000000e+02
-1.746184529478680929e+02
1.739699911917185489e+02
1.762953725579228887e+02
-1.787455483773184710e+02
-1.759858243045889594e+02
-1.733201139367774317e+02
-1.774886367328369374e+02
1.789190758133393331e+02
1.657429646403499532e+02
-1.771087304037794468e+02
-1.718698976458440200e+02
1.783153156821037157e+02
1.713843518158358847e+02
1.775940294833546886e+02
-1.685890168732346126e+02
1.745881308476829759e+02
-1.080834453830486552e+02
1.800000000000000000e+02
1.795017883873863695e+02
-1.747187593715548815e+02
-1.761083237059192470e+02
1.652564371635292844e+02
1.774208524997165739e+02
-1.712538377374447975e+02
1.641569178823129960e+02
1.686900675259797993e+02
1.790977788384698499e+02
1.786599922191003031e+02
1.749868862449641824e+02
-1.712094568171860658e+02
-1.775736641683976416e+02
-1.721116505551121350e+02
1.800000000000000000e+02
1.778183585964485189e+02
1.749801463579804590e+02
-1.718019311539837020e+02
1.716625555611532832e+02
1.795341909172350086e+02
-1.770262689175199000e+02
1.729264623250386421e+02
1.730727818739908344e+02
1.766114430092764849e+02
2.082565279730884455e+00
-9.656269850893747275e+01
-2.950779109006350431e+00
1.766661493384634127e+02
1.770891621738322499e+02
-1.794694986833262078e+02
1.785558744690641788e+02
1.654655449194598873e+02
9.000000000000000000e+01
-1.717028550301631356e+02
-1.105560452195834671e+02
1.758777021882163751e+02
-8.359564727361585312e+01
-1.788542371618248978e+02
1.800000000000000000e+02
-1.751354855622394950e+02
1.800000000000000000e+02
1.501990563143807833e+02
-1.622553283749430761e+02
-1.773493103165781974e+02
-1.788982938847936452e+02
1.800000000000000000e+02
-1.774551956201869132e+02
-1.786573759734622513e+02
-1.577063708403059081e+02
-1.771087304037794468e+02
-1.650124380289431940e+02
1.800000000000000000e+02
-1.783977386537290215e+02
-1.730365314735119853e+02
1.572094091582149815e+02
1.795225462226904369e+02
1.682317110679793473e+02
1.800000000000000000e+02
1.794791436254980397e+02
-1.758403577062873637e+02
-1.770891621738322499e+02
-1.721607366681945734e+02
1.735169263071027501e+02
-1.760740922963160244e+02
1.775889702533887942e+02
1.800000000000000000e+02
1.795592719272389957e+02
-1.771375947738882530e+02
1.619276778510404995e+02
1.617228903907798951e+02
1.726139568487327551e+02
-1.745444782080796529e+02
-1.760817511359326204e+02
1.731572265873690526e+02
-1.740150476848845926e+02
-1.742321111020858666e+02
1.767060350121548993e+02
1.774664411116054339e+02
0.000000000000000000e+00
1.750728900523509992e+02
1.680848529287349606e+02
1.773974377975002028e+02
-1.765466837494689116e+02
-1.792309753174219509e+02
-1.789488192504562676e+02
1.455610106911964010e+02
-1.782816419983445542e+02
1.559245017449211730e+02
-1.740150476848845926e+02
1.186518284526487577e+02
1.754462320208413644e+02
-1.789190758133393331e+02
1.726319489283778239e+02
1.606836471804958535e+02
5.799217629098415649e+00
-1.658542045058970018e+02
1.800000000000000000e+02
1.737655199044587846e+02
1.792510782171761718e+02
1.784088597288054245e+02
1.775889702533887942e+02
1.680238675557966417e+02
-1.749575489308290912e+02
-1.709605171966448722e+02
1.642913621709842573e+02
1.757411538778296460e+02
1.734180553448219939e+02
-1.736598082540901089e+02
1.721309244482094982e+02
1.724385715723330463e+02
-1.723331957381858217e+02
1.712094568171860658e+02
-1.782100893917539395e+02
-1.771375947738882530e+02
-1.731572265873690526e+02
-1.720424747730828585e+02
1.412590363051222653e+02
-1.781720317556950022e+02
-1.755328409386107182e+02
-1.790036521034950567e+02
1.782239557466412521e+02
-1.759665889272298216e+02
-1.715876547095731723e+02
1.790608090542644391e+02
-1.713358645668919564e+02
-1.703401069215576911e+02
-3.041957960279622242e+01
1.736598082540901089e+02
1.800000000000000000e+02
-1.791185960034178777e+02
1.701887431320039639e+02
-1.718698976458440200e+02
-1.765317707410828802e+02
1.731363080853729457e+02
-1.647874171313795273e+02
-7.655138494831348339e+01
1.735301800148268114e+02
-1.779361802715430372e+02
1.733255309528824455e+02
1.729421533501189288e+02
1.737093292266449964e+02
-1.758777021882163751e+02
-1.779174347202691422e+02
-1.790122396003601750e+02
1.750467425221579276e+02
1.785056664087334752e+02
-1.750106374303578036e+02
-1.709285024228228451e+02
1.735411836212813341e+02
1.719509382983254966e+02
1.726942404666891662e+02
1.266456491646203233e+02
1.769059419410828866e+02
1.764604408314500574e+02
1.660831225666987336e+02
1.780250659891180192e+02
-1.759143832200251154e+02
-1.789390883097357801e+02
1.705376777919743745e+02
-1.795878072585976781e+02
-1.733547217897256019e+02
1.676278447494817669e+02
1.763915311474336534e+02
1.800000000000000000e+02
1.788982938847936452e+02
-1.781960048837994179e+02
-1.794791436254980397e+02
1.737131066382635254e+02
1.789769698113321681e+02
-1.782816419983445542e+02
1.741736579704442534e+02
1.795017883873863695e+02
1.800000000000000000e+02
-1.774632382618400186e+02
1.472952664229981679e+02
-1.730080746533322156e+02
-1.761539699099526217e+02
9.057293869768348316e+01
1.655297058999341289e+02
1.791815445383113854e+02
-1.758724082974882776e+02
-1.703802722003011638e+02
-1.518986486940382292e+02
1.758877711552815413e+02
-1.719330682702069168e+02
-1.651600608380870767e+02
-1.263672551658268084e+00
-1.771087304037794468e+02
1.737741709355742330e+02
1.800000000000000000e+02
1.795488614532127372e+02
-1.726809806244095853e+02
1.744400527366904612e+02
1.782986453946738834e+02
1.777093899573614806e+02
1.713268259521202310e+02
-1.678686789333675051e+02
-1.726139568487327551e+02
-1.748978347476418094e+02
-1.550560947365754316e+02
1.644501958302984121e+02
1.782465951399284450e+02
1.702724214485984078e+02
1.791253232288786705e+02
1.800000000000000000e+02
