-8.998597149044033072e-01
-2.436648246810130924e+00
-1.470372023203657363e+02
-1.737256654429181992e+02
1.736598082540901089e+02
-1.779464494364890186e+02
1.792005758866824578e+02
-1.760377893235320812e+02
-1.795348301708365923e+01
1.685815529218008919e+02
-1.759757715317273039e+02
-1.726389223284220691e+02
-1.731463648283497889e+02
-1.752852454812950498e+02
1.684762782961026915e+02
-4.864514437760526278e+00
-1.721260618682743768e+02
6.536633648797066876e+00
-1.762394892942430431e+02
-1.702382252249577448e+02
-1.734180553448219939e+02
-1.791275428770979943e+02
1.767877902398907679e+02
1.701093950582419723e+02
1.703902618749472140e+02
-1.699607452128476552e+02
1.761308154236346013e+02
1.656385853381866298e+02
1.780419325707659652e+02
-1.784587813562761198e+02
-1.779174347202691422e+02
-1.766981343255650074e+02
-2.615754875421869130e+00
-1.741140121669717473e+02
-1.688571101416606837e+02
1.794517317636958182e+02
1.800000000000000000e+02
-1.696439737507299981e+02
1.773709181143613591e+02
-8.668657460020725125e+01
-1.758624064158559008e+02
-1.570863782901574446e+01
1.753050857207489628e+02
1.709670303010288990e+02
1.007477260983720555e+02
-1.764076701537506722e+02
-1.792187423383913654e+02
1.800000000000000000e+02
-1.739219630162527324e+02
1.679432374661673748e+02
-4.354221063069610764e+00
1.557309554728265937e+02
-1.764576388078062905e+02
1.791968407481897714e+02
-1.728409195769231985e+02
-1.721672044337653631e+02
1.781186982292957737e+02
-1.788766972859245641e+02
1.763890353605505084e+02
-1.733865395176852644e+02
1.756430249941537056e+02
1.789488192504562676e+02
1.772970559621852829e+02
-1.763955794608243082e+02
-1.792747757009407508e+02
-1.663902681041878111e+02
1.729115243218539888e+02
1.679648432269205500e+02
2.221567132936050015e+00
-1.769434195518505533e+02
1.752823974954383175e+02
1.723852880579689781e+02
1.771232349296994357e+02
1.739647176033877543e+02
-1.638556612197165236e+02
1.637397952916880683e+02
-1.778079302797755759e+02
-1.522274882264509586e+02
-1.706279072914209110e+02
1.751864491062934803e+02
-1.707313529287233962e+02
-1.769197898633541683e+02
-1.766865746002072513e+02
1.780987635353855865e+02
-1.693973868945240611e+02
1.718327649358690792e+02
-1.683010623911973482e+02
1.729834982552770839e+02
1.705376777919743745e+02
-1.787706655135221183e+02
-1.775633517531898633e+02
1.732387614899627977e+02
-1.761663234629119188e+02
-1.797284580543154675e+02
-1.776015786659074820e+02
1.800000000000000000e+02
1.762245341757102040e+02
1.794153694792948386e+02
-1.686900675259797993e+02
-1.771798275275515095e+02
-1.779545915111127954e+02
1.797015871800051343e+02
1.721168606832702608e+02
1.757636052009411856e+02
1.787875719100550782e+02
-1.797284580543154675e+02
-1.656832408810667800e+02
-1.736929080652623441e+02
-1.790954049662673242e+02
1.721385745956389144e+02
1.800000000000000000e+02
-1.794183369424946193e+02
1.725041423602701514e+02
1.800000000000000000e+02
-1.780548532385857072e+02
1.733255309528824455e+02
1.779335230143557567e+02
1.742109911548276671e+02
1.619010929515409885e+02
-1.797258596062667664e+02
1.791815445383113854e+02
-1.787706655135221183e+02
1.762435474521959407e+02
-1.753776297583157486e+02
1.709884936492618976e+02
-1.781912606775079553e+02
-1.741984131123529949e+02
1.750415490805146419e+02
-1.786861069755020708e+02
-1.747807354720117701e+02
1.746648942593442655e+02
1.774738830883804610e+02
1.777432060735489472e+02
1.704428957783293299e+02
1.636639571102815296e+02
-1.797359660187408963e+02
1.698544555661036668e+02
-1.712324187554470427e+02
1.766890584853885571e+02
1.772618534806448167e+02
1.685223730403922389e+02
-1.781720317556950022e+02
1.721374543778449890e+02
1.776264041977633497e+02
-1.687493185695048794e+02
-1.753567274168811423e+02
-1.691031092446745276e+02
1.713218311147592487e+02
-1.649508979942302176e+02
-1.717927835880818463e+02
-1.701120111844222151e+02
-1.786800543060782331e+02
-1.711278670070824717e+02
-1.752609276814870043e+02
-1.744546826911379753e+02
-3.790159571584178622e+01
1.794694986833262078e+02
1.789139541739936021e+02
-1.703573612212307467e+02
1.719952711427071677e+02
-1.779111103337930047e+02
1.800000000000000000e+02
-1.785729981324853384e+02
-8.692853788292961781e+01
1.725779770868128651e+02
-1.770185387800177921e+02
8.608586278138757564e+01
1.752130008790499858e+02
-1.745596679689944892e+02
-1.770157178564066385e+02
1.773369992339328576e+02
1.797191405853166088e+02
-1.713665801726362474e+02
1.778160497723237086e+02
-1.772970559621852829e+02
1.793937180844826571e+02
1.725429448597647024e+02
-1.668093892877931523e+02
1.677116768367246777e+02
-1.741736579704442534e+02
1.774861897638222672e+02
-1.692034568281756606e+02
1.771936297482117766e+02
1.794153694792948386e+02
-1.786677801461303545e+02
-1.016074156757949396e+02
-1.745258717993908135e+02
-1.747099187946287486e+02
-1.706365487542551591e+02
-1.785534443134260982e+02
-1.646966525376990660e+02
1.783070215623710908e+02
-1.740222264076393515e+02
-1.724605548604907028e+02
9.113442163097700188e+01
1.769552215558060198e+02
-1.199736238121378529e+00
1.797000248376961054e+02
1.771232349296994357e+02
-1.700690749948685720e+02
-1.732040559839810498e+02
-1.797744272303659727e+02
-1.761050218312931293e+02
-1.750062560141766141e+02
1.643241569109512668e+01
1.758510963022656597e+02
1.800000000000000000e+02
-1.765716314411450298e+02
1.789025139466194787e+02
-1.771505254393227915e+02
1.800000000000000000e+02
-4.606297850641857039e+00
1.765317707410828802e+02
-1.711267157727899360e+02
-1.776250384842386154e+02
8.800543069875816116e+01
-1.724605548604907028e+02
1.781858080909700561e+02
1.656710603323383282e+02
-1.730964460802749727e+02
1.797245416438647680e+02
-1.789341549724384208e+02
-1.772592094058174439e+02
1.792326916849103213e+02
-9.315071641326774454e+01
-9.720215948060854316e+00
1.777974018382342081e+02
1.788260704556073790e+02
-1.788308606720925980e+02
-1.708552283462157106e+02
1.732464259644690117e+02
1.720506408302530588e+02
1.754031924702905485e+02
-1.782642954110716289e+02
-1.758403577062873637e+02
-1.707600981790209005e+02
-2.385944030388812642e+00
1.744349011650883483e+02
-1.784518423010220545e+02
1.751207262169932903e+02
9.093804491991415162e-01
-1.797135234897229452e+02
1.776756170290518639e+02
-1.277873318840603822e+01
-3.086489263781074133e+00
-1.765873206484131401e+02
-1.711006817816918044e+02
-1.727249950421107485e+02
1.800000000000000000e+02
-1.785311992856141785e+02
1.667594800848128216e+02
-1.732901631922430852e+02
-1.700999798168461155e+02
-1.711523215794754265e+02
-1.705873705631338453e+02
1.758447861944152635e+02
-1.783235289531932608e+02
-1.763255004791703584e+02
1.768201698801357509e+02
1.800000000000000000e+02
1.785959727808957211e+02
-1.735956472736158673e+02
-1.657037956139704988e+02
1.745187034053026593e+02
1.709307067001084590e+02
1.800000000000000000e+02
-1.781816970355481828e+02
-1.725167030921774654e+02
-1.771375947738882530e+02
1.762245341757102040e+02
-1.793538343939684410e+02
1.778590986336768935e+02
8.898422381895474587e+01
-1.791230922585693577e+02
1.751415370809657190e+02
1.718698976458440200e+02
-1.773129999978759486e+02
-1.748460914387721914e+02
1.800000000000000000e+02
-1.678847581975421406e+02
1.800000000000000000e+02
-1.719106195860470052e+02
-1.784088597288054245e+02
1.785820771685488637e+02
1.779954659678941198e+02
-1.741736579704442534e+02
-1.787939512207800590e+02
1.702894307339865350e+02
8.682016988013576508e+01
1.754860115419987210e+02
-1.630091767080138538e+02
-1.795039450396047584e+02
-1.606477298918149756e+02
9.390049374238189728e+01
-8.700153286030554511e+01
1.760548137709624541e+02
-1.754860115419987210e+02
1.615650511770780042e+02
-9.388790956083306583e+01
-1.781352147406610129e+02
-1.343562542858246331e+02
-1.695400909070708622e+02
1.717900985616292928e+02
-1.730804667372943015e+02
1.672846630111052377e+02
1.724238451043109137e+02
-1.576040330115787356e+02
1.754153371242682908e+02
1.781692513519745091e+02
-1.672091207988418660e+02
-1.632442510708010275e+02
-1.773120310343964263e+02
-1.770262689175199000e+02
1.725813499398865360e+02
1.757358366508472614e+02
-1.750208941560017024e+02
-1.768040619864040934e+02
1.777432060735489472e+02
1.646966525376990660e+02
-1.789860212772147179e+02
1.795205486012034442e+02
-1.691475091397465746e+02
-1.781912606775079553e+02
-1.656889587373935910e+02
