1.773875558073406751e+02
1.796984460501317358e+02
1.742622653299436024e+02
-1.779228252348372052e+02
-1.717405620201211889e+02
-1.764236656250026556e+02
-1.776626941408761979e+02
-1.774775877165605209e+02
1.797551477319556739e+02
1.788484811060362460e+02
1.792042764472607246e+02
-1.659100585351309860e+02
-1.712950428936010780e+02
-1.737790500788403847e+02
-1.758724082974882776e+02
1.797046635460529558e+02
-1.797135234897229452e+02
1.786295489822003901e+02
-1.785738436644055298e+02
-1.797651825462063755e+02
1.797031333326753213e+02
-1.759622893790228773e+02
-1.776015786659074820e+02
1.800000000000000000e+02
-8.339516450324602204e+01
-1.757439732745163496e+02
-1.745226312711711216e+02
-1.746529183997006385e+02
1.788929729543192479e+02
1.759757715317273039e+02
1.797218673327036527e+02
1.786800543060782331e+02
1.797487043327910499e+02
-1.794299115550011265e+02
-1.730590165712574162e+02
-1.776978917075634001e+02
1.775424618518229067e+02
1.800000000000000000e+02
-1.779545915111127954e+02
-1.741439864145710601e+02
-1.782901859558584761e+02
-1.791615850255978728e+02
-1.723493490446406042e+02
1.763588147420986729e+02
1.800000000000000000e+02
1.756457789369304123e+02
1.752154703118349914e+02
-1.797271650169319344e+02
-1.752609276814870043e+02
1.784753772265881366e+02
1.965260571920524280e+00
1.757285779826160876e+02
1.800000000000000000e+02
1.730365314735119853e+02
1.794645410144354685e+02
1.797218673327036527e+02
-8.972845805431548172e+01
1.764236656250026556e+02
1.769739649169745519e+02
1.774489049109990617e+02
-1.792984540876547612e+02
1.735301800148268114e+02
1.734969440551182913e+02
1.800000000000000000e+02
1.758653286262635902e+02
1.758961245273630425e+02
1.791001402850956197e+02
-1.643289085479905509e+02
-1.764236656250026556e+02
-1.772865905549666934e+02
1.777093899573614806e+02
-1.763568717877939775e+02
-1.775633517531898633e+02
1.760275040592493383e+02
-1.794183369424946193e+02
-1.772736890060937469e+02
-1.792079429078376052e+02
1.767366686817646269e+02
1.771014232007183011e+02
1.675010805403613006e+02
1.769197898633541683e+02
1.797530369625737592e+02
1.800000000000000000e+02
3.794672268315776087e+00
-1.775917835588718106e+02
1.800000000000000000e+02
-1.770846778833574717e+02
1.774104981527590894e+02
-1.792428311349414685e+02
-1.778160497723237086e+02
-1.793904934233248127e+02
1.712766193583170207e+02
-7.575864125255222348e+01
-1.797000248376961054e+02
1.756222590712599185e+02
-1.759555144258189046e+02
1.716532209604680190e+02
1.778789036033385571e+02
-1.797383772543051919e+02
-9.345084319375115456e+01
-1.730250704840038622e+02
-1.785004529620223650e+02
1.789139541739936021e+02
-1.773537589193498718e+02
1.800000000000000000e+02
1.772880165325550479e+02
1.730470425318260936e+02
1.781608591765916287e+02
-1.751695800417100486e+02
-1.757531573929765329e+02
-1.740475405620324523e+02
1.774324026708122233e+02
0.000000000000000000e+00
1.800000000000000000e+02
1.800000000000000000e+02
-1.794464348141176231e+02
1.795082028120540940e+02
-1.791275428770979943e+02
1.774081332947650083e+02
1.773974377975002028e+02
1.794719432510998445e+02
1.717120584321421575e+02
1.800000000000000000e+02
1.800000000000000000e+02
1.800000000000000000e+02
1.800000000000000000e+02
-1.772499148250875862e+02
1.755558938783473195e+02
-1.794410345191678573e+02
1.780908475670036353e+02
-1.794670313773457622e+02
1.797310077063035294e+02
1.792717030469235624e+02
-1.791275428770979943e+02
-1.794382946674334391e+02
-1.784765352083481673e+02
-8.925270612317395091e+01
-1.781720317556950022e+02
1.797205106094552605e+02
-1.791696845137419984e+02
1.777542574341049146e+02
1.800000000000000000e+02
-1.751354855622394950e+02
-1.769059419410828866e+02
-1.788897556567794709e+02
1.794620272698877557e+02
-1.769872124958166637e+02
1.758624064158559008e+02
-1.762394892942430431e+02
-1.797498016798024594e+02
1.800000000000000000e+02
1.783939970107177544e+02
1.769872124958166637e+02
-1.782791851663271530e+02
-1.751695800417100486e+02
1.782491458134571758e+02
-1.745473780121874654e+02
-1.758961245273630425e+02
1.790411643387504910e+02
-8.761405596961118647e+01
1.788876003837022211e+02
1.792222770057364016e+02
-1.797430699754964962e+02
1.778962030531489233e+02
1.800000000000000000e+02
1.776888685472385987e+02
1.767210137411455833e+02
-1.768054105348895746e+02
-1.771232349296994357e+02
1.748055710922652111e+02
1.779361802715430372e+02
1.773162248405310208e+02
1.782901859558584761e+02
1.758295634751578973e+02
1.784306451952510315e+02
-1.769434195518505533e+02
1.779954659678941198e+02
-1.729448139389033372e+02
1.713530682920469133e+02
-1.716561084159669122e+02
-1.741439864145710601e+02
-1.773313654306557225e+02
-1.783082114317355149e+02
1.778690471128950890e+02
-1.666075022462489130e+02
-1.720399142967243336e+02
-1.794543424065842885e+02
1.786489349172803429e+02
1.784695608179852115e+02
1.775459683254729271e+02
-1.797258596062667664e+02
-1.728065299447044652e+02
1.705376777919743745e+02
-1.776978917075634001e+02
1.602777222355529432e+02
1.716686252436242626e+02
-1.778983456723287304e+02
1.776386253418243939e+02
-1.780621602345588599e+02
1.750679125717351496e+02
1.776015786659074820e+02
-9.881522102322315959e+01
1.800000000000000000e+02
-1.788766972859245641e+02
1.773775985394589156e+02
-1.769552215558060198e+02
-1.694300087791729368e+02
1.800000000000000000e+02
1.744063965508877629e+02
1.702996080560542111e+02
1.751695800417100486e+02
-1.793904934233248127e+02
-1.702382252249577448e+02
1.781720317556950022e+02
1.749401311537359049e+02
1.800000000000000000e+02
-1.735411836212813341e+02
1.739909940425054629e+02
1.794183369424946193e+02
1.765834118082286750e+02
1.746441749571448270e+02
1.800000000000000000e+02
8.908578323955100586e+01
-1.797551477319556739e+02
-1.794464348141176231e+02
-1.722079219217815762e+02
-1.788588007444128891e+02
-1.707600981790209005e+02
1.771245463160147722e+02
1.800000000000000000e+02
-1.743383148997150442e+02
-1.754487387268603698e+02
-1.794861502836458556e+02
1.790330744283557181e+02
1.791574757392596098e+02
1.781816970355481828e+02
-1.776679763183769296e+02
-1.730887728809753412e+02
-1.760884281874713508e+02
-1.751415370809657190e+02
1.778590986336768935e+02
-1.777365229211641804e+02
-1.750175804096242018e+02
-1.765491568062488454e+02
1.774551956201869132e+02
8.974980167980244516e+01
1.800000000000000000e+02
-1.796968505562858809e+02
1.800000000000000000e+02
1.791815445383113854e+02
-1.791094637466394204e+02
-1.793726990127744330e+02
-1.732040559839810498e+02
1.745018372750190281e+02
-1.784234499448162694e+02
1.715288553669851694e+02
1.727388894188927111e+02
1.759143832200251154e+02
1.753381269047611681e+02
1.800000000000000000e+02
1.800000000000000000e+02
-1.783070215623710908e+02
1.800000000000000000e+02
1.800000000000000000e+02
-1.778613174223336841e+02
1.800000000000000000e+02
-1.777320454640941705e+02
1.726656211985833238e+02
1.767366686817646269e+02
1.797046635460529558e+02
1.770185387800177921e+02
-1.770262689175199000e+02
-1.733367703778793611e+02
1.796952380895789361e+02
1.727311150783524738e+02
1.797359660187408963e+02
1.758981613123291652e+02
-1.783235289531932608e+02
1.737394225328824575e+02
1.777207739785733054e+02
-1.797106298365594057e+02
1.736328201357313219e+02
-1.778434373252852083e+02
1.800000000000000000e+02
1.800000000000000000e+02
1.730540323792371851e+02
1.781939747023987479e+02
-1.719121200254620021e+02
1.786800543060782331e+02
-1.795452811383068763e+02
-1.791533259761385182e+02
-1.785311992856141785e+02
-1.785374467809021723e+02
-1.794694986833262078e+02
-1.771087304037794468e+02
-1.763177259376947177e+02
-1.701244039267335779e+02
1.790954049662673242e+02
1.800000000000000000e+02
-1.797430699754964962e+02
1.777879579979516507e+02
-1.795017883873863695e+02
1.800000000000000000e+02
1.800000000000000000e+02
-1.797572227262331808e+02
1.792151753970080961e+02
1.724926533330503560e+02
1.800000000000000000e+02
1.754057466687335989e+02
1.780621602345588599e+02
1.755587588105672125e+02
1.800000000000000000e+02
1.792115757375598832e+02
1.783431460524775218e+02
-1.752115334496864136e+02
1.788367937547588724e+02
1.786677801461303545e+02
-8.909540496626732420e+01
-1.788367937547588724e+02
-1.781265069864000736e+02
1.800000000000000000e+02
1.790164780808609066e+02
1.797135234897229452e+02
1.800000000000000000e+02
