9.650062100165357037e+01
1.786002594876399030e+02
1.780340126632203237e+02
-1.729741929327018113e+02
-1.770736893739077971e+02
-9.977092516748196260e+01
1.678690174428678006e+02
-1.765557974853467158e+02
-1.742176076776359537e+02
1.740105522528784547e+02
-1.627894892074277777e+02
1.727113857404881969e+02
1.800000000000000000e+02
-1.741625663180991239e+02
1.616414309559793594e+02
1.786883624425381925e+02
-1.769191630994443187e+02
-9.543156741140994370e+01
-1.730020355163450176e+02
1.641539487531941290e+02
-1.756899004473686716e+02
1.727732978369610635e+02
-1.793424015646249359e+02
1.643444111721231025e+02
-1.794074338804893785e+02
-1.466451660247782840e+00
1.792666540709485616e+02
1.637868687603749436e+02
-1.773355930127373199e+02
-1.506422464572087279e+02
-1.765431516787540431e+02
-1.734166292962506191e+02
-1.760279950424836670e+02
1.727393227676180061e+02
1.756283871751025174e+02
-1.754587380720001306e+02
-1.713943164916831279e+02
-1.084464378501418196e+02
-1.786958250677834883e+02
8.671032857962148910e+01
1.788842159685493982e+02
-1.750344169647501928e+02
-1.737087950973770205e+02
1.706232759476039860e+02
1.779790592748584572e+02
1.797082353442869191e+02
1.708923900483666216e+02
-1.778560449940582089e+02
-1.753475101913075207e+02
-1.650049208708240087e+02
1.699855351075265730e+02
1.740478098591036371e+02
1.634103287429878435e+02
1.800000000000000000e+02
1.750628903783901080e+02
1.066188359288707659e+02
-1.199114906860275198e+02
9.512002958212634951e+01
1.742673629599600531e+02
1.800000000000000000e+02
-1.727866790640759689e+02
1.751769747493268312e+02
1.673678257020130218e+02
1.765209591040848238e+02
1.647725708193324579e+02
-1.711368921724806285e+02
-1.732516852652873922e+02
-1.713493874896278157e+02
1.770130781061429843e+02
-1.733992155748928496e+02
-1.765931671871005619e+02
-1.743813794175056557e+02
-1.704213475595663567e+02
-1.772826613790219312e+02
1.716414265415111799e+02
1.766094866121638063e+02
-1.769652913958934732e+02
-1.660608932587364279e+02
-1.785188618976732471e+02
1.800000000000000000e+02
1.772720044801919812e+02
-1.782784159653681968e+02
-1.772826613790219312e+02
-1.738074877488574828e+02
-1.727902530302102377e+02
1.670081897610821500e+02
9.234327696842564137e+01
-1.724501521045770289e+02
9.977114237905648508e+01
-1.661987459609817961e+02
-1.685225577796730647e+02
-1.741830607997945037e+02
9.962544542778843493e+01
-1.703007375655193414e+02
1.759626507617100231e+02
1.590525294130488589e+02
1.719626802981215974e+02
1.782016119604576261e+02
1.672529472407122739e+02
2.915322116642519834e+00
1.763207815405800716e+02
1.707192419233589362e+02
1.763856449353697542e+02
-1.792339739414091753e+02
-1.626786050976095908e+02
-1.727913809193127292e+02
-1.794112394313691539e+02
1.792056553406834780e+02
1.740651866898282378e+02
1.785080977560230906e+02
-1.685309706357394930e+02
1.764586380569395203e+02
-1.844701871520461722e+01
1.548045619637461243e+02
9.194266143586891360e+01
1.730586969437958089e+02
-1.653252026452373400e+02
-1.694787564749409796e+02
-4.852765202739460904e+01
-1.791077303415418385e+02
1.680885020667488448e+02
-1.788896211968892374e+02
-1.773352803175750694e+02
1.622958546512548992e+02
-1.719976816073123302e+02
-1.793892753144841095e+02
1.779610876312111429e+02
1.787899720432442052e+02
1.472168026295498748e+02
9.515671853355675580e+01
1.725610134225500474e+02
-9.202094072514154277e+01
1.743110048181952436e+02
1.674901518465804031e+02
1.790964615608715746e+02
-1.723408894588821170e+02
1.716444235077973417e+02
-1.697735288200918831e+02
1.750016407979471182e+02
1.656562228725711634e+02
1.751706378132018074e+02
9.623477543917805122e+01
1.704775121315172726e+02
-1.739154977228884036e+02
1.691023608109884435e+02
-8.500309384504078025e+00
1.715190181424999025e+02
-1.789876799282961599e+02
1.780091419888082100e+02
-1.740044464624834006e+02
1.773387159356900327e+02
9.000000000000000000e+01
1.747270206944550353e+02
1.778395283471634229e+02
-1.771032534590494834e+02
-1.750921862850010200e+02
1.624560670064011845e+02
-1.680800388316019394e+02
-1.777027383309880122e+02
1.739151319532483910e+02
-1.770084943924255754e+02
-1.739321937629096624e+02
-1.720357929817967033e+02
1.794400102126605816e+02
1.744171198265663065e+02
-1.727866790640759689e+02
-1.780541610549235259e+02
-1.250984815341961109e+01
-1.779303777652692986e+02
-1.747111593792297128e+02
-1.779967784844980088e+02
-1.717308188526377251e+02
-1.761485919813262058e+02
1.261044772512925505e+01
-1.759833158151796226e+02
-8.147104548435879678e+01
1.689346347541031150e+02
-1.694156484692214519e+02
-1.661457298115805088e+02
1.770762325233536387e+02
1.660654197928466260e+02
-9.765380357615640605e-01
1.653715731799445052e+02
1.699444168815200271e+02
-1.710563155174355927e+02
1.711108974609560676e+02
1.763999290500332791e+02
-8.548508714815038445e+01
-1.792514858581945134e+02
-1.670078274629991597e+02
1.739109775075635866e+02
1.736478757767520733e+02
9.091239712794710215e+01
-1.710902128045760264e+02
1.765775317498022332e+02
1.764236656250026556e+02
1.797154795354275620e+02
1.746888656561017683e+02
1.763037805582275723e+02
-1.738074877488574828e+02
1.778229227103489620e+02
-1.647666797880145850e+02
-1.786413163733365934e+02
-1.768616914192048455e+02
-3.755465798212246575e+00
1.787443101761163859e+02
1.774834830245398507e+02
-1.723939148671399550e+02
-1.723701672998741969e+02
-1.732841409324888104e+02
1.779090654858102312e+02
-9.917791687609725670e+01
-1.726012537579784976e+02
-1.007048375653939303e+02
1.518918300485506450e+02
-1.721283273742739937e+02
-1.687713800213383308e+02
1.079972391767502238e+01
1.602782497384255294e+02
1.594439547804165329e+02
-1.751598875111529594e+02
-1.418214079441380591e+02
-1.772826613790219312e+02
1.761159551998241000e+02
9.930076854579094459e+01
-1.770104142244076684e+02
-1.646309733366491059e+02
-1.704652361719807345e+02
-1.667224874363323579e+02
-1.765727803142628147e+02
1.733666677964326368e+02
-1.612687984939740318e+02
1.703589756820527725e+02
-1.637868687603749436e+02
1.745480136872760113e+02
1.706136740442512121e+02
-1.655614950230665556e+02
-1.130256703126440065e+01
-1.739037888073389126e+02
-1.726125692225353703e+02
1.548378303555734874e+02
-1.754786057971654145e+02
1.764412376480708247e+02
-1.455623324051361323e+01
-1.749823784678209506e+02
1.749731768907105049e+02
1.693956621103036468e+02
-1.780759703026539569e+02
-1.785864489965960900e+02
1.729121013263741418e+02
1.776774414895812413e+02
-1.708132801688710458e+02
-1.668048021851148803e+02
1.772752499012771921e+02
1.782100893917539395e+02
1.738046510140098349e+02
-1.767185978526722181e+02
1.753655108751278533e+02
-1.673196165081801894e+02
-1.716362505424284848e+02
-1.793925128428835762e+02
1.572848495084247133e+02
-1.710391831212984073e+02
-1.704288310594618565e+02
-1.789511414157489924e+02
6.231459623851517193e+01
-1.065656305074072350e+02
-1.053918307150404843e+02
-1.747713609473513543e+02
8.099541603247666899e+01
1.759787926377616998e+02
1.742154812012595073e+02
-1.750100704850180193e+02
1.767197707131016955e+02
8.766136985756725153e+01
1.733184477321217116e+02
1.778830999691067518e+02
1.780666993050815279e+02
1.775503373798729569e+02
-1.769672973838230234e+02
1.744509315836748158e+02
9.050175645169551331e+01
-1.406977427873676767e+01
1.741473733405140649e+02
1.754236803734744967e+02
1.782251015877517091e+02
9.503455933013084689e+01
1.749115117123521372e+02
-1.702386107747229858e+02
-1.777583738552188493e+02
-1.759883296678814588e+02
1.781297819042515584e+02
1.785864489965960900e+02
-1.744470289669631882e+02
1.769822582563553226e+02
1.576580803265175348e+02
1.719585257450447955e+02
1.797097135439077533e+02
1.727387579664553812e+02
-1.757995889220813410e+02
-8.193988178411066414e+00
1.651284784964532548e+02
1.800000000000000000e+02
1.757995889220813410e+02
1.785916597427119825e+02
-9.203117126195870412e+01
-1.581850502138853471e+02
1.721592023864394037e+02
1.800000000000000000e+02
-1.793057611385684993e+02
1.736395495110290312e+02
-1.748278391749034597e+02
-1.697506040236931142e+02
8.392152660333218250e+01
1.657201249204094324e+02
1.757995889220813410e+02
-1.501310094255600234e+02
1.686972411555295253e+02
1.766882050695447219e+02
-1.721267842008304001e+02
-1.790234619642384359e+02
1.767769707674027870e+02
-1.673629055622376427e+02
1.761915093682370355e+02
