1.769377129145999561e+02
1.797383772543051919e+02
-1.779649655431400959e+02
-1.616616712870301740e+02
9.410649716517042407e+01
1.753275572446105457e+02
-1.748055710922652111e+02
-1.650049208708240087e+02
1.723275884002204634e+02
-1.730470425318260936e+02
-1.791230922585693577e+02
1.788484811060362460e+02
-1.728749836510982050e+02
-1.691404967646780051e+02
1.775575846893428889e+02
-1.778067654236244550e+02
-1.795284404459238488e+02
-1.720106732336031143e+02
-1.780585136090856224e+02
1.779545915111127954e+02
-1.782642954110716289e+02
-9.788313931672973922e+01
1.791185960034178777e+02
-1.759143832200251154e+02
1.766865746002072513e+02
1.800000000000000000e+02
-1.732901631922430852e+02
9.091421676044899414e+01
1.715110561194952936e+02
-1.717028550301631356e+02
-1.625765890464469123e+02
-1.774995894356231361e+02
1.745881308476829759e+02
-1.763861192479963620e+02
1.668218088929844214e+02
-1.789439761940024596e+02
-1.591071228024472362e+02
1.800000000000000000e+02
-1.749497715751672047e+02
-1.685134110060776038e+02
1.660831225666987336e+02
-1.721959014080561019e+02
9.342836855885497016e+01
-1.714692343900518665e+02
-1.777760387596145506e+02
1.723852880579689781e+02
-1.752363583092738111e+02
-1.711892670140150869e+02
1.456456633449603260e+02
-1.026235635977026277e+02
-7.539872771416607122e+01
-1.717405620201211889e+02
-1.777784328670639695e+02
-1.797335099239415968e+02
9.269780563331630674e+01
-1.770792784789996119e+02
-9.026899229369648481e+01
1.631840163604887550e+02
1.746742593752322819e+02
-8.465291839970063847e+01
1.742894068625003570e+02
-1.634230779104631495e+02
1.676524118642416568e+02
1.720617354764545155e+02
-1.773021943666836933e+02
1.768778695378842940e+02
-1.744724598483438456e+02
-8.733011023799237194e+01
-1.691892436815298311e+02
1.770339591100128871e+02
-1.783070215623710908e+02
-6.639981013208223715e+01
-1.669613434169770301e+02
1.773574547059352824e+02
1.791615850255978728e+02
1.763477772196936826e+02
-1.691334481986674234e+02
-1.584875957776536382e+02
1.719481705199829946e+02
1.800000000000000000e+02
1.800000000000000000e+02
1.767649849422154489e+02
-1.768361163811192682e+02
9.152346479165183268e+01
-1.780054306987581469e+02
-1.794241824067550510e+02
-1.794327335901420781e+02
-1.797322646612977906e+02
-1.743191091820340546e+02
-1.759981734198901790e+02
-1.791533259761385182e+02
-1.794382946674334391e+02
-1.789723832135583450e+02
-1.683925843242050462e+02
-1.723493490446406042e+02
1.800000000000000000e+02
1.743753719585540978e+02
-1.719509382983254966e+02
-1.752130008790499858e+02
1.748301721124421704e+02
-1.796968505562858809e+02
1.700594269668869742e+02
-1.785750257274845865e+02
-1.781221225527146430e+02
1.785159853243378905e+02
-1.720565281894095904e+02
-1.714547181046991398e+02
1.800000000000000000e+02
-1.789341549724384208e+02
1.715823428229868455e+02
-1.757439732745163496e+02
1.800000000000000000e+02
1.762915718428695584e+02
8.723380641682982883e+00
-1.660295381099591339e+02
1.715583566852012609e+02
-1.644190761517483850e+02
-1.755371815279594898e+02
1.743150770128943634e+02
-1.689174305369703575e+02
-1.637508519838536074e+02
-1.764862497393950491e+02
1.151299664794843238e+02
1.680066512764130096e+02
-7.700538320808350079e+01
-1.766335393365701805e+02
-1.725191138204763206e+02
-1.669208762199332057e+02
1.789087837747374010e+02
-1.766475927528969407e+02
-1.778490568724839989e+02
-1.630446869479748102e+02
-1.794000661197460431e+02
1.738081657151579407e+02
1.688079599100419443e+02
-1.783223605338465347e+02
1.776991749851906945e+02
-9.971056926601347925e+01
3.771597634558313672e+01
9.649580184541764538e+01
1.800000000000000000e+02
-1.741439864145710601e+02
1.783788540863465926e+02
-1.474116385892265839e+02
1.796984460501317358e+02
1.752363583092738111e+02
1.756405921556551846e+02
-2.337305859123819829e+00
1.707066914006028924e+02
8.607409229631602443e+01
1.791533259761385182e+02
-1.755205395476497188e+02
1.791185960034178777e+02
-1.708194580423738387e+02
-1.686900675259797993e+02
-1.728749836510982050e+02
1.141168414554688013e+02
-1.763086140135487199e+02
-1.761345388301482444e+02
-1.669843572348941052e+02
-1.674382257930404307e+02
-1.745018372750190281e+02
1.684279660628116915e+02
1.800000000000000000e+02
-1.761308154236346013e+02
-1.788876003837022211e+02
-1.240256173032463352e+02
-1.752363583092738111e+02
-1.717087285083089228e+02
1.765491568062488454e+02
-1.745381241536860557e+02
-1.740316678024830708e+02
-1.640546040990771246e+02
1.800000000000000000e+02
1.624287412216775692e+02
1.735984637598502900e+02
-1.633549617853240647e+02
-1.754622274920933762e+02
1.733605294811063402e+02
8.915747573925958136e+01
-1.789351453065410453e+02
1.736900434911321156e+02
1.752363583092738111e+02
9.885430818832185196e+01
1.692611028990945385e+02
1.711523215794754265e+02
-1.779816008332068975e+02
-1.728749836510982050e+02
-1.692737055338747894e+02
1.640938209167127297e+02
8.891395417399360213e+01
-1.086246692537473280e+02
1.663994574833412514e+02
-1.724534773755642902e+02
1.773438527960428814e+02
1.696715944126961233e+02
-1.720025265281961708e+02
-1.578645081218996609e+02
-1.642132079279107586e+02
1.723532379864328448e+02
-1.666908213045995240e+02
9.115733306812951753e+01
-1.011428898583393305e+02
-1.929004621918873497e+01
-1.704508660712640733e+02
9.224574256589507115e+01
1.775889702533887942e+02
-1.788260704556073790e+02
-1.647198940418699635e+02
-1.726942404666891662e+02
-9.634019174590990531e+01
-1.454374753511181666e+02
-1.791230922585693577e+02
-1.723852880579689781e+02
1.675873518468823988e+02
-9.024696303742624082e+01
-1.720792600983589296e+02
1.788821754176138938e+02
1.751965142409309237e+02
-1.729100698558447959e+02
-1.785607103721175974e+02
1.514341632062534302e+02
1.735956472736158673e+02
8.515782404350064283e+00
-1.766002858408767509e+02
-2.929904640609707567e+00
1.745596679689944892e+02
-1.788982938847936452e+02
1.800000000000000000e+02
9.546909497011193935e+01
1.724534773755642902e+02
1.800000000000000000e+02
-1.770711418003069184e+02
-1.776386253418243939e+02
-1.680502427785061457e+02
1.727249950421107485e+02
1.800000000000000000e+02
-1.778389205117736367e+02
-1.693260187797774847e+02
-1.791230922585693577e+02
-1.754462320208413644e+02
-1.753331416285610089e+02
-1.038514190138049997e+02
8.831531568210371574e+01
7.773522627210759595e+01
1.717328266644893802e+02
1.293103406502108328e+02
1.436156481841641153e+02
1.794062826037874459e+02
-1.797487043327910499e+02
1.650013184955057284e+02
1.769581578433816276e+02
1.791363099554004350e+02
-1.695187818558690651e+02
-1.692420329116100106e+02
-1.777493591029624724e+02
-1.794490960207814396e+02
-1.791140534061457572e+02
1.800000000000000000e+02
-1.567638384887775089e+02
1.757636052009411856e+02
1.672424678391233499e+02
1.782007242758659515e+02
-8.564577893693039812e+01
-1.697960262782683287e+02
-1.797335099239415968e+02
1.790857832395510059e+02
1.770157178564066385e+02
1.741736579704442534e+02
1.662572022608429450e+02
-1.754487387268603698e+02
-1.445989030685418300e+02
-1.766028670806602463e+02
8.729705596218529706e+01
1.698925731234683951e+02
-9.298428214359338995e+01
1.797508894848470788e+02
-1.741792757544749577e+02
-1.797407448484986219e+02
-1.721059589685201843e+02
-1.675883614107734161e+02
1.779454271190743384e+02
-1.791286484823216369e+02
3.315173376158556806e+01
1.797163598442421915e+02
1.674066700438968667e+02
-1.680238675557966417e+02
-1.643855985654718097e+02
1.600168934781000303e+02
-7.268884921647514652e+00
-9.428153623507061809e+01
7.908101067464552614e+01
8.855344431342608402e+01
9.462923494779758471e+01
-1.753800765183395924e+02
1.704919143995390698e+02
-1.784306451952510315e+02
-1.782816419983445542e+02
1.674965781019977555e+02
-1.707889734591833530e+02
-1.641676133795778014e+02
1.671476569336090563e+02
-1.781088452983146340e+02
-1.650685828218624636e+02
-1.731135726685679970e+02
-1.787600252336873154e+02
6.977514056883191529e+01
-8.461629832318824640e+01
8.823760897633948730e+01
1.787939512207800590e+02
-1.765317707410828802e+02
1.607754196795537212e+02
1.044702941000658996e+02
-1.759958270592906047e+02
1.612926485725653265e+02
8.706432655357883732e+01
-1.755655294938987936e+02
4.813550893706532108e+00
1.783153156821037157e+02
-1.716674399036258194e+02
-1.702563587129628502e+02
1.764087409627944965e+02
-9.920355659886198607e-01
-1.736598082540901089e+02
