1.800000000000000000e+02
-1.706979452887011917e+02
1.369480850065149582e+02
1.795303729803103465e+02
-1.563998101320822229e+02
-1.613843079926689654e+02
1.764964683552155691e+02
-1.714391104288353915e+02
1.758295634751578973e+02
1.709334972601838274e+02
-1.730080746533322156e+02
1.733547217897256019e+02
-1.753225821411182608e+02
5.405101871306665640e-01
-1.741439864145710601e+02
1.723718503314192958e+02
-1.786881122174958989e+02
-1.713691982114515611e+02
-1.755221204261503658e+02
-1.714087745677723547e+02
-1.672212668115939778e+02
-1.516608679641041135e+02
1.695483670560113296e+02
-1.623498757800698797e+02
-1.672928864986834014e+02
-1.762173545534037089e+02
1.795341909172350086e+02
-1.759143832200251154e+02
-7.956252464888181919e+01
-1.610753555839487774e+02
-1.724926533330503560e+02
1.800000000000000000e+02
-1.730727818739908344e+02
-8.952254622269042272e+01
-1.795103044068708016e+02
1.789190758133393331e+02
1.713843518158358847e+02
-1.732599439020530667e+02
1.724926533330503560e+02
-1.661088088285451363e+02
1.790206803456605087e+02
-1.709982448774387080e+02
1.800000000000000000e+02
1.725685920288274815e+02
-1.683312259996310445e+02
1.729772061644268035e+02
1.775973905310139571e+02
-9.571059313749964303e+01
1.800000000000000000e+02
-1.701509854888829807e+02
1.778389205117736367e+02
1.495602756193568723e+02
1.753331416285610089e+02
-8.388449643371460240e+01
-1.794437477729193233e+02
1.789291755452130417e+02
-1.794437477729193233e+02
-1.027071135013165986e+02
1.789087837747374010e+02
1.687655559928579123e+02
1.800000000000000000e+02
-1.720792600983589296e+02
1.739275435927923183e+02
-1.534349488229219958e+02
-1.684653793463552915e+02
-1.794153694792948386e+02
-1.795225462226904369e+02
1.757108466711809740e+02
1.769872124958166637e+02
1.634791078109965099e+02
1.800000000000000000e+02
-1.662184027643463935e+02
-1.795787150958314271e+02
-1.626459753637386996e+02
-1.574667499209957384e+02
-1.752720121811578053e+02
-1.793969088056194607e+02
8.409385888622949778e+01
1.737175079118386236e+02
-1.770643265535788373e+02
-1.782986453946738834e+02
1.723493490446406042e+02
-9.571059313749964303e+01
-1.747581800530204532e+02
8.845184230102204026e+01
1.724605548604907028e+02
1.790371363743637971e+02
-1.749868862449641824e+02
8.552510349375390319e+01
1.666330693036831576e+02
-1.789087837747374010e+02
1.753893506813394083e+02
1.791512357284464088e+02
-1.668274465766731112e+02
1.800000000000000000e+02
-1.780908475670036353e+02
-1.772736890060937469e+02
-1.716492474676686015e+02
-9.000000000000000000e+01
1.738448316567260008e+02
-1.788655783690230123e+02
8.348019824834301517e+01
-1.794974183332789721e+02
1.747625239331874809e+02
9.053545898556453153e+01
1.737655199044587846e+02
9.162114591365340743e+01
-1.749575489308290912e+02
-5.934933204294713249e+01
-1.789390883097357801e+02
1.795017883873863695e+02
-1.688785398051096536e+02
1.762173545534037089e+02
1.800000000000000000e+02
1.746854543300552507e+02
-1.705376777919743745e+02
-1.054992753765008473e+02
1.620185703030359718e+02
1.800000000000000000e+02
1.800000000000000000e+02
1.758295634751578973e+02
1.678631755447077296e+02
1.699579763644705110e+02
1.800000000000000000e+02
-1.631683312417585228e+02
1.711702553320909317e+02
1.800000000000000000e+02
-1.606258602313424149e+02
-1.786468080462203147e+02
6.296913974015701143e+01
1.745596679689944892e+02
-1.728749836510982050e+02
1.756012946450044865e+02
1.670821871560660270e+02
-1.724346789315677029e+02
1.737741709355742330e+02
1.773974377975002028e+02
-1.709982448774387080e+02
-1.781221225527146430e+02
-1.717142029760462663e+02
-1.757108466711809740e+02
1.715910882673993001e+02
1.745309050298880891e+02
1.782100893917539395e+02
1.706184898392517653e+02
1.728007663616323555e+02
1.730656510987304557e+02
-1.790289780689208499e+02
1.800000000000000000e+02
-1.789769698113321681e+02
-1.723666694127686867e+02
1.677576688011255897e+02
1.630948419013643615e+02
1.745596679689944892e+02
1.711353766115892086e+02
1.715183942059706510e+02
1.794743653935423993e+02
1.728749836510982050e+02
1.774438499214217018e+02
-1.691917690596802117e+02
-1.783939970107177544e+02
1.777542574341049146e+02
1.735301800148268114e+02
1.694608162713717832e+02
1.800000000000000000e+02
1.636104596659652373e+02
-1.774886367328369374e+02
1.684861688155129968e+02
-1.789087837747374010e+02
1.066450382146759495e+02
1.790206803456605087e+02
1.684533094540726950e+02
-1.644190761517483850e+02
1.684653793463552915e+02
1.800000000000000000e+02
1.754094568143939625e+02
1.657096749181823157e+02
-1.595129858066692918e+02
1.593818118768955117e+02
-1.708376529542782976e+02
1.800000000000000000e+02
-1.785679038158353649e+02
-1.641240534947774279e+02
1.615650511770780042e+02
1.652564371635292844e+02
-1.795592719272389957e+02
1.686900675259797993e+02
-1.683497005624623455e+02
1.710273733851036013e+02
-1.475288077091515220e+02
8.618592516570964790e+01
-1.603079787612634846e+02
1.764604408314500574e+02
1.784518423010220545e+02
-1.760548137709624541e+02
1.720424747730828585e+02
-4.668468431789629136e+01
1.800000000000000000e+02
-1.408824455900953581e+02
1.684861688155129968e+02
-8.849256424122503972e+01
1.692611028990945385e+02
-1.739382112112713799e+02
1.794743653935423993e+02
1.800000000000000000e+02
1.782100893917539395e+02
-1.657354877019201069e+02
-1.680848529287349606e+02
1.744006606634794423e+02
-1.794031905487708229e+02
-1.488406954916556231e+02
-1.794270613023165311e+02
-1.752852454812950498e+02
6.829946326068254336e+01
-1.735504652961577392e+02
-1.795452811383068763e+02
1.754057466687335989e+02
1.722129820453675393e+02
1.716341138759674152e+02
-1.703519546839018517e+02
1.777320454640941705e+02
-1.770492208909936664e+02
-1.439305901004190105e+02
-9.419766835716093567e+01
1.720424747730828585e+02
1.728007663616323555e+02
-1.784088597288054245e+02
-1.740938588862294978e+02
1.572639951174185455e+02
1.772297842027998058e+02
-1.741736579704442534e+02
1.686900675259797993e+02
1.671957339347132461e+02
1.743405181598375293e+02
1.708628489858612909e+02
-1.736010433726310680e+02
-1.785558744690641788e+02
1.637611583703077258e+02
1.741439864145710601e+02
-1.494440357244922382e+02
1.645965750375303855e+02
-1.738448316567260008e+02
-1.729332702835989153e+02
-3.224997416418362661e+01
-1.622995722113328156e+02
1.675740571345725130e+02
1.746290053044643003e+02
1.800000000000000000e+02
1.697488012491825771e+02
1.571663458220824623e+02
1.772208331359279327e+02
1.768201698801357509e+02
1.729373973295842291e+02
1.696951535312339843e+02
1.788655783690230123e+02
1.751115990518752312e+02
1.669208762199332057e+02
-1.742894068625003570e+02
1.751559996249193318e+02
1.736598082540901089e+02
1.421250163489018234e+02
-1.653355385115889078e+02
1.786028189727036306e+02
1.717028550301631356e+02
-1.727554931475588091e+02
1.782901859558584761e+02
1.800000000000000000e+02
1.744885225839794032e+02
1.776140559696112007e+02
-1.700493733120484023e+02
-1.617481041629214644e+02
1.756012946450044865e+02
1.788188110866733780e+02
1.739623174785771198e+02
1.800000000000000000e+02
-1.756012946450044865e+02
1.729210783953877808e+02
-1.794212744343922452e+02
-1.409644871012531269e+02
-1.709982448774387080e+02
-1.704457103275982490e+02
1.705376777919743745e+02
1.710273733851036013e+02
1.800000000000000000e+02
-1.788766972859245641e+02
-1.789769698113321681e+02
4.715296278910046368e+01
1.564599607304857045e+02
-1.728749836510982050e+02
1.638774012222828276e+02
7.786317554470772961e+01
-1.570871716032283700e+02
-1.681901170429717638e+02
-1.722348339815746670e+02
-1.741140121669717473e+02
1.762915718428695584e+02
-1.748055710922652111e+02
-1.753331416285610089e+02
-1.794382946674334391e+02
-1.617481041629214644e+02
1.606556707278788565e+02
-1.617481041629214644e+02
-1.771936297482117766e+02
1.596235647861636266e+02
1.636982916556926284e+02
-1.682935632708466756e+02
1.445742278850918296e+02
1.667335191534162959e+02
-1.728256757635176939e+02
-1.775529513576763918e+02
-1.712926297284795965e+02
-1.741736579704442534e+02
1.748444156825937625e+02
-1.583109350353842046e+02
1.540577045101283318e+02
-1.409644871012531269e+02
-1.771375947738882530e+02
1.788308606720925980e+02
-1.773493103165781974e+02
1.738844964337145882e+02
1.800000000000000000e+02
-1.782100893917539395e+02
1.743455791773592978e+02
7.995797636447049683e+01
