1.775851732065302429e+02
-1.778025591109698098e+02
1.770027738610378378e+02
-1.686954477144734597e+02
-1.789890260376554636e+02
-1.783151705886018021e+02
1.699677654203858879e+02
1.735370142296781069e+02
1.800000000000000000e+02
1.800000000000000000e+02
-1.760675405098719750e+02
1.795946416274461797e+02
-1.795626752523290008e+02
-1.503269601387517014e+02
-1.795576310980132746e+02
1.741837466926264142e+02
-1.660861971640631225e+02
-1.780750057164850375e+02
1.769556003795598542e+02
8.951440594725583821e+01
-1.550838076483867951e+02
-1.021651679823867909e+02
1.674292444631994385e+02
1.800000000000000000e+02
-1.771090720258276860e+02
-8.576314714679263318e+01
1.781669887664690179e+02
1.771655606477657443e+02
-1.751699767601869837e+02
1.799949892916831686e+02
-1.732251225930229452e+02
-1.771138651931091772e+02
-1.546340896337246988e+02
-1.783029910340580955e+02
1.017668926001313565e+02
-1.748461149687730654e+02
-1.694779575256646353e+02
-1.733881903705419063e+02
1.601013680033530306e+02
-1.794317126122662671e+02
-1.639552426766232998e+02
-1.760087254938084698e+02
-1.760348866832705141e+02
-1.792558841794043190e+02
1.722837500782344478e+02
-1.699099242282919420e+02
1.714435675376231814e+02
-1.686180522783739661e+02
8.951025535631058005e+01
-1.731519314180636400e+02
-1.621596943405224351e+02
-1.788541029128089690e+02
-1.768448665877467079e+02
8.863594565114797774e+01
1.784654980195074359e+02
1.767944841784859591e+02
1.788307674874652662e+02
-1.718766121073822433e+02
-1.583820316178374128e+02
1.800000000000000000e+02
1.783786749376329510e+02
-1.729387354110896240e+02
1.786679011144113360e+02
-1.658713520052259014e+02
1.800000000000000000e+02
-1.689886133960191330e+02
1.765155625098003611e+02
1.721523669427028267e+02
-1.770423172677114962e+02
1.736003482902053179e+02
-1.748760786690239115e+02
1.766671058038805313e+02
-1.795045660710283357e+02
-1.796441042653664795e+02
-1.673347454208742704e+02
1.642033507595350272e+02
9.121902716241521603e+01
1.751348819505265340e+02
-1.756064291826851900e+02
-1.681959654408534561e+02
1.759409594924241844e+02
-1.063000019933368776e+02
1.792515815696778532e+02
1.753690436939791653e+02
1.800000000000000000e+02
-1.781722594610558588e+02
-1.663482828831500058e+02
1.787725238827531200e+02
1.705437268615983726e+02
-1.772472048910293267e+02
-1.786469328522063051e+02
1.789487062496844487e+02
-1.718708567261890892e+02
-1.764960503998740080e+02
-1.764674505256955399e+02
1.957548098179709228e+01
-1.659688529255857929e+02
-1.778787196326192088e+02
1.800000000000000000e+02
1.651024025411049649e+02
-1.574728441246380441e+02
-1.726976280682664537e+02
-1.785912359998972363e+02
1.748638959116908040e+02
1.663794110240902171e+02
-1.785858710386389987e+02
1.739346066757718461e+02
1.782374501928468646e+02
1.777091754213332138e+02
-1.775457631438614499e+02
-1.766665277464246060e+02
-1.538584728957158063e+02
-1.668843851892831935e+02
1.218019200829548936e+02
-1.717918712943041442e+02
-1.716449741399945310e+02
1.783155091012482671e+02
-1.727683223195883784e+02
1.793969831854234371e+02
-1.783632403836686819e+02
-1.723167242235319065e+02
1.674721215447065958e+02
-1.670941139942138989e+02
1.712601446750848027e+02
1.727998875092598894e+02
-7.495541794788788081e+01
-1.694712572051073840e+00
8.098607910818660116e+01
-1.752433042578534810e+02
1.709086754791080693e+02
-1.561899239578837069e+02
1.800000000000000000e+02
-1.777247199552021755e+02
-1.584918378467235414e+02
-1.602931213832180788e+02
-1.573397951605750222e+02
-1.611584033562807008e+02
-1.667353567861762542e+02
-1.764771134321119916e+02
-1.689240969311247795e+02
-9.234414580723706933e+01
-1.730415816498166350e+02
-1.752921207933520975e+02
1.664160076812395346e+02
1.337127655580923431e+02
-1.649603415535668489e+02
1.795877725059051500e+02
-1.707174749426905578e+02
-1.521288257866502533e+02
1.619121002982081450e+02
-1.577562054116789909e+02
-1.619340656577040534e+02
-1.512788343220801721e+02
-1.065963371916537739e+02
1.800000000000000000e+02
1.605858259120403488e+02
-1.792257185343530068e+02
-1.733247062691135341e+02
2.726007211029751520e+00
-8.422293590019562259e+01
1.777730978672162507e+02
1.607159356021791439e+02
-8.204346451851736788e+01
1.774549749883188099e+02
-1.641941299912085697e+02
-1.773977146484447474e+02
1.688116192044061847e+02
1.604499835784568802e+02
-1.627010352953736856e+02
1.752433042578534810e+02
1.756571291477970931e+02
-1.785310522198827243e+02
-1.566871731192830737e+02
-1.520259805503313828e+02
1.649190891744288194e+02
1.783151705886018021e+02
1.705368135761683277e+02
-1.785127584810509234e+02
-1.747737012095395244e+02
-1.729429330262438782e+02
1.739968193392605542e+02
-1.741177221832724626e+02
-1.551930039816771512e+02
-1.605942016302997501e+02
1.789189961592006739e+02
-1.705440826958499088e+02
1.800000000000000000e+02
-1.759147618848821253e+02
-1.705367703612719197e+02
1.800000000000000000e+02
-1.049984621623018057e+02
-1.557399472069833450e+02
-1.735131975872798193e+02
1.791874159319346518e+02
1.715919328178958381e+02
-1.559873689340690532e+02
-1.638057999916142080e+02
-1.628123397119407798e+02
1.706169429811773739e+02
-1.472946691918768067e+02
-1.053597317550111399e+02
-1.544459747392178315e+02
-7.753357742713788525e+01
1.800000000000000000e+02
8.393460667577184608e+01
-1.761218594654374670e+02
-1.743913086580747631e+02
-1.749510171547437949e+02
-1.715126326378583030e+02
-1.702552273248399217e+02
1.800000000000000000e+02
-9.830087743107570475e+01
-1.715159577008504641e+02
8.883072088958176948e+01
-1.795018391485014320e+02
-1.588706690955542342e+02
1.703858035195042362e+02
1.745045164663099797e+02
-1.788543713793924894e+02
1.800000000000000000e+02
-1.787634881822186230e+02
1.758764665547225547e+02
1.752357794158919262e+02
1.719499978982217954e+02
-1.579862345782359796e+02
-1.726262150076833279e+02
1.576780763217689980e+02
1.800000000000000000e+02
1.800000000000000000e+02
1.069851370087821749e+02
-1.674724074416826056e+02
-1.790232895862583007e+02
1.788464588481688224e+02
1.800000000000000000e+02
1.784516789176258840e+02
1.755592620310231666e+02
1.799942612400519408e+02
1.719359766890624712e+02
1.784984499611092019e+02
1.794092714233943013e+02
1.730314814059398998e+02
-1.772143297115336793e+02
-1.777439085649679669e+02
-1.783154607506247658e+02
1.750534788424363910e+02
1.752686807316087254e+02
-1.612279855915999178e+02
1.791334270306322765e+02
-1.748116250717696403e+02
-1.691552924928762991e+02
-1.791574031454472333e+02
1.859899406361288854e+01
-1.534377461952229567e+02
1.656953916737664088e+02
-1.638174524712505047e+02
1.782512102982095996e+02
1.800000000000000000e+02
-1.727302778760456761e+02
-1.724881412883357541e+02
1.800000000000000000e+02
-1.485896879913838688e+02
-1.749945934257460181e+02
8.471824218171347809e+01
-1.620936314324435159e+02
1.658285794958597137e+02
-1.700233808871714132e+02
1.750360540707020220e+02
1.673908440622871296e+02
-1.757406248258097321e+02
1.738477282129982200e+02
1.791318714909801031e+02
-1.762540984997391433e+02
1.683874963534803157e+02
-1.463130624502271644e+02
1.800000000000000000e+02
1.762783331520878392e+02
-1.668550017314337026e+02
-1.710740903464408120e+02
1.800000000000000000e+02
-1.706751303432307907e+02
1.521650337280636620e+02
1.755755229496829202e+02
-1.707013844269453671e+02
-1.710047301162476856e+02
1.767024241359089274e+02
1.687951873143893522e+02
-1.703151916416354652e+02
1.742287064601054283e+02
-1.754161400406043470e+02
1.729339477061186585e+02
1.647007665505942100e+02
1.759854129700678129e+02
1.727624119721691329e+02
-1.794838902552248783e+02
2.202846134613069662e+00
1.771609376479402442e+02
-1.604334975393782372e+02
1.775734234696076328e+02
-1.769623443748047293e+02
1.727562048967655812e+02
8.826409005500703131e+01
1.617431652325751372e+02
1.800000000000000000e+02
1.740995858903012845e+02
1.800000000000000000e+02
1.793178920312464868e+02
1.722949758662950899e+02
-1.664093097366210259e+02
1.729230556698264252e+02
1.764296372918176985e+02
-1.603142442374625318e+02
1.722148598567038391e+02
-1.656136813198388609e+02
1.794101839125102060e+02
-1.788541029128089690e+02
-1.514515542994542443e+02
1.778523098022122610e+02
-1.737109295422487776e+02
1.704498393902268276e+02
1.800000000000000000e+02
-1.672394237901882263e+02
1.790907041065301257e+02
-8.178624102868128887e+01
-1.777393239782437320e+02
