1.780250659891180192e+02
-1.770185387800177921e+02
1.763861192479963620e+02
-1.781608591765916287e+02
1.778690471128950890e+02
-1.735359256806231656e+02
1.778983456723287304e+02
1.778286882090851861e+02
-1.778676315634459968e+02
1.718698976458440200e+02
-1.794861502836458556e+02
-1.790869971331845818e+02
1.723910326868287086e+02
1.800000000000000000e+02
-1.668129400921709191e+02
1.788655783690230123e+02
-1.728749836510982050e+02
1.770492208909936664e+02
1.773974377975002028e+02
1.758553762588957170e+02
1.675286684773697488e+01
-1.738298249049703941e+02
1.712348719057928861e+02
-1.797191405853166088e+02
1.765398167710135624e+02
1.797735356476588038e+02
1.797232109478222526e+02
1.771505254393227915e+02
1.722695446676632969e+02
1.678069655244930232e+02
-1.797106298365594057e+02
1.787155564781992325e+02
-1.797031333326753213e+02
1.713218311147592487e+02
1.787875719100550782e+02
1.770317659701283048e+02
-1.734969440551182913e+02
1.763890353605505084e+02
-1.777974018382342081e+02
-1.778590986336768935e+02
1.684004047788836544e+02
1.754260787400991433e+02
1.785386899091187729e+02
-1.754622274920933762e+02
-1.740850536335689753e+02
1.778490568724839989e+02
-1.765074068391439539e+02
1.770846778833574717e+02
1.747528610983835620e+02
-1.749401311537359049e+02
-1.789536180929018485e+02
-1.725813499398865360e+02
1.718301916372917333e+02
1.670740008752940469e+02
-1.795452811383068763e+02
1.760468204982027487e+02
-1.792428311349414685e+02
1.780725041133281081e+02
-1.771612121589946298e+02
-9.508622170963462850e+01
1.730656510987304557e+02
-1.725457011872515523e+02
1.754260787400991433e+02
1.782376089763394873e+02
1.666075022462489130e+02
-1.660270667599126568e+02
-1.646710782726944160e+02
-1.699393102046770423e+02
1.790451587461278109e+02
1.719509382983254966e+02
1.748330510803322682e+02
-1.646167030331186822e+02
1.710007489541607129e+02
1.800000000000000000e+02
1.778701467977345487e+02
1.744546826911379753e+02
-1.788015183498815190e+02
-1.729834982552770839e+02
1.699920201985586914e+02
-1.639710216937232872e+02
1.739333669263948821e+02
1.771014232007183011e+02
-1.722348339815746670e+02
-1.551576108945448311e+02
-1.683663660010595606e+02
1.796984460501317358e+02
-1.695362512220804376e+02
-1.719044756618712597e+02
1.711966943592706514e+02
-1.687448960063854599e+02
1.751009075462122553e+02
-1.737741709355742330e+02
-1.753275572446105457e+02
1.778225022073263801e+02
1.615650511770780042e+02
1.795123881170750906e+02
1.768995085501922233e+02
-1.648686300883486808e+02
1.760931836158965780e+02
1.745164095555355743e+02
1.797232109478222526e+02
1.792005758866824578e+02
-1.731046905856673845e+02
-1.686900675259797993e+02
-1.797407448484986219e+02
1.797753118203754923e+02
-1.683106308245608318e+02
-1.713136454187633433e+02
-1.764395194650831229e+02
1.772618534806448167e+02
1.794490960207814396e+02
1.689465375207797990e+02
1.745226312711711216e+02
1.780666993050815279e+02
1.747047870633828666e+02
1.771633398988745398e+02
-9.186478525933900130e+01
-1.730816135933063435e+02
1.792222770057364016e+02
1.676130132376289339e+02
1.705376777919743745e+02
1.797335099239415968e+02
-1.795360767013739292e+02
1.746717652180201696e+02
-1.659637565320735177e+02
1.777320454640941705e+02
1.743176313821449526e+02
1.725191138204763206e+02
-1.705830067220054218e+02
-1.767877902398907679e+02
1.643003314538654536e+02
-1.776784694101672812e+02
-1.584046895510323338e+02
-1.761859251657096479e+02
-1.781888792078092933e+02
1.648620504168671346e+02
1.794382946674334391e+02
1.726476206401076468e+02
1.723422903062861451e+02
-1.737790500788403847e+02
1.644900291262343615e+02
1.716625555611532832e+02
1.797310077063035294e+02
-1.770492208909936664e+02
1.740531369460264841e+02
1.669384489166718879e+02
1.783634229583832678e+02
-1.679648432269205500e+02
-1.775736641683976416e+02
-1.766785242366539705e+02
-1.749078848755010540e+02
1.748330510803322682e+02
1.745596679689944892e+02
1.780538048829692457e+02
-1.789488192504562676e+02
1.780828654300375433e+02
1.783788540863465926e+02
-1.708552283462157106e+02
1.678729089650698825e+02
-1.788599359662136123e+02
-1.768451571352080407e+02
1.778983456723287304e+02
-1.790164780808609066e+02
1.770980895311163579e+02
1.750302592718896904e+02
-1.797297388935058677e+02
-9.731348862803166355e+01
1.788308606720925980e+02
-1.765074068391439539e+02
1.607908310121499369e+02
1.748301721124421704e+02
-1.795452811383068763e+02
-1.782007242758659515e+02
5.492324557127438389e+00
-1.797284580543154675e+02
-1.787546357332316518e+02
1.698018991543766276e+02
1.754381920125429986e+02
1.736328201357313219e+02
1.661088088285451363e+02
1.722348339815746670e+02
1.682433258619643937e+02
-1.552064185629560882e+02
-1.796968505562858809e+02
-1.709334972601838274e+02
-1.668462918055231228e+02
1.647665268491852544e+02
-1.752609276814870043e+02
9.701185827447511656e+01
-1.769713014216594331e+02
-1.681579238846722433e+02
1.773162248405310208e+02
1.763714678445635968e+02
-1.675983041832786853e+02
-1.715072709718815247e+02
1.782816419983445542e+02
9.617806490212832671e+01
1.783235289531932608e+02
1.775690916629595790e+02
-1.659064034185837784e+02
1.771886264054734852e+02
-1.794299115550011265e+02
-1.786739456232951113e+02
-1.789949139947458150e+02
-1.678490889590858046e+02
-1.706075506591810722e+02
-1.788065105760179847e+02
1.679247114168064741e+02
-1.757171215347538578e+02
1.795575703419605418e+02
-1.709670303010288990e+02
1.762039483735181591e+02
-8.580780637212470197e+01
-1.762394892942430431e+02
-1.763477772196936826e+02
-1.733547217897256019e+02
1.717900985616292928e+02
1.794382946674334391e+02
-1.795123881170750906e+02
1.800000000000000000e+02
1.775318820861714642e+02
1.626305150890159155e+02
-1.772993706626047299e+02
-1.716193867770723216e+02
-1.770643265535788373e+02
1.732040559839810498e+02
-1.667754488077864892e+02
-1.656064070315094909e+02
1.641760790679785487e+02
1.577965214679425969e+02
-1.762039483735181591e+02
-1.384126793515868599e+02
-1.735781516164824723e+02
-1.692943150895276858e+02
-1.724567737096011228e+02
1.766050764578817507e+02
1.724605548604907028e+02
1.760858627813875614e+02
1.764236656250026556e+02
-1.794490960207814396e+02
-1.593624530153122123e+02
3.039399568926921091e+00
-1.738533743403533265e+02
1.800000000000000000e+02
1.739497641771012297e+02
-1.797120839334428979e+02
-1.783235289531932608e+02
-1.728114628572633649e+02
-1.677604001630681694e+02
-1.742635046131288448e+02
-1.725111007983599336e+02
-1.649875650880869955e+02
1.786489349172803429e+02
-1.736929080652623441e+02
1.737741709355742330e+02
-1.770792784789996119e+02
1.767210137411455833e+02
1.742396493591487285e+02
-1.686900675259797993e+02
1.711966943592706514e+02
-1.778789036033385571e+02
1.643806078612892350e+02
1.763537287912431566e+02
-1.763477772196936826e+02
1.742109911548276671e+02
1.672846630111052377e+02
-1.794327335901420781e+02
1.774234281697311530e+02
-1.785386899091187729e+02
-1.677995312726192196e+02
1.725041423602701514e+02
-4.127591702511724137e+00
1.703902618749472140e+02
9.956009648088630115e+01
1.764407331787167834e+02
-9.226795453590584373e+01
-1.752143045076250587e+02
1.753417458903244039e+02
1.795165027891097509e+02
-1.761663234629119188e+02
1.768347936111896104e+02
-1.776507213525198665e+02
1.758150838748815943e+02
-1.773245733439708545e+02
-1.782465951399284450e+02
-1.795626361324792697e+02
1.791140534061457572e+02
-1.731335701975023085e+02
1.719092221280104127e+02
-1.619112450275389676e+02
1.797602701039191402e+02
-1.750189180646916043e+02
1.663660272105956324e+02
1.794212744343922452e+02
1.272253994716133292e+02
-1.783070215623710908e+02
-1.740531369460264841e+02
-1.753645365730973538e+02
1.726232739930547382e+02
1.794543424065842885e+02
-1.745829778861433965e+02
1.797498016798024594e+02
-1.797284580543154675e+02
-5.383701676811754488e+00
1.782007242758659515e+02
1.747047870633828666e+02
1.760931836158965780e+02
-1.711702553320909317e+02
1.775224011315543180e+02
-1.732294524552152382e+02
1.696951535312339843e+02
1.712538377374447975e+02
1.800000000000000000e+02
1.800000000000000000e+02
-1.766690826195499540e+02
1.701701076653625648e+02
1.731335701975023085e+02
-1.737901738528137514e+02
1.683952376436211864e+02
-1.735925597174668269e+02
1.717405620201211889e+02
1.721466866980217958e+02
1.751354855622394950e+02
1.782730122495123624e+02
