1.771375947738882530e+02
-1.789677553084342776e+02
1.791185960034178777e+02
1.749575489308290912e+02
-1.719408960971290412e+02
1.770535526199876699e+02
1.730727818739908344e+02
-1.755673315313101455e+02
-1.728007663616323555e+02
1.789390883097357801e+02
1.708376529542782976e+02
-1.757636052009411856e+02
-1.724346789315677029e+02
-8.704922089099365223e+01
-1.774664411116054339e+02
-1.743907255535542049e+02
-1.742373671134015467e+02
-1.742373671134015467e+02
-1.733865395176852644e+02
-1.585522636728946679e+02
1.795264919412650784e+02
-1.635155468104643433e+02
1.392222302061426831e+02
-1.674711922908484780e+02
-1.647100086417760281e+02
-1.735064746874607238e+02
1.113706222693431869e+02
1.761493611760892577e+02
-1.644758890032457543e+02
-1.171081228708017790e+02
-1.654034244745058402e+02
1.800000000000000000e+02
-1.707066914006028924e+02
1.724053566314085799e+02
1.661924809837987027e+02
-1.713843518158358847e+02
-1.553231368296629569e+02
-1.606836471804958535e+02
1.800000000000000000e+02
1.800000000000000000e+02
-1.776626941408761979e+02
-1.569486990835270035e+02
1.739275435927923183e+02
1.800000000000000000e+02
1.690113489035060184e+02
-1.695922886875099493e+02
1.760090869015702140e+02
1.782901859558584761e+02
-1.770185387800177921e+02
-1.594891407170368609e+02
-1.777542574341049146e+02
1.759143832200251154e+02
-1.787939512207800590e+02
1.753331416285610089e+02
-1.694608162713717832e+02
-1.790036521034950567e+02
1.651065270411584152e+02
-1.578905516562483342e+02
6.627160892404747017e+01
-1.748521151758637018e+02
1.617037816069655776e+02
1.666075022462489130e+02
-1.723758074955481732e+02
-1.790684434019225364e+02
1.800000000000000000e+02
1.800000000000000000e+02
-1.744278021960361968e+02
-1.769059419410828866e+02
1.694481904938077150e+02
-1.795144541699918648e+02
1.764862497393950491e+02
-1.766661493384634127e+02
9.506942013261250679e+01
-1.727697573607484287e+02
1.789190758133393331e+02
-1.658157057517291832e+02
-1.757809046507515518e+02
-1.676994611210019173e+02
1.720232312124733767e+02
-1.585653958705819946e+02
1.718019311539837020e+02
1.205999786932089535e+02
-1.700737544933483036e+02
-1.795264919412650784e+02
1.739382112112713799e+02
1.795303729803103465e+02
1.692420329116100106e+02
1.674711922908484780e+02
1.786140821491877944e+02
-1.319059419410828866e+02
-1.667594800848128216e+02
-1.710273733851036013e+02
-1.750062560141766141e+02
1.729476939921588041e+02
1.746106882400266045e+02
1.743455791773592978e+02
1.762686030008395619e+02
-1.723718503314192958e+02
-1.712094568171860658e+02
-1.702382252249577448e+02
-1.723758074955481732e+02
-1.630245005320702489e+02
-1.573062050549076503e+02
-1.778919046876430059e+02
-9.435697500584629438e+01
-1.728749836510982050e+02
-1.745076754428725678e+02
-1.649136459915348780e+02
-1.752755483028291223e+02
-1.751147974318826925e+02
-1.749203921399854380e+02
-1.596558987440816111e+02
1.705376777919743745e+02
-1.743455791773592978e+02
1.730590165712574162e+02
-1.562716089240474560e+02
-1.458564133480622331e+02
-1.714692343900518665e+02
-1.587763434972337961e+02
-1.729332702835989153e+02
1.534349488229219958e+02
-1.581985905136481847e+02
1.715730309785193413e+02
1.782642954110716289e+02
-1.560375110254218214e+02
5.405101871306665640e-01
-1.654464272092874637e+02
1.699630975460364937e+02
1.637962257851092431e+02
1.769059419410828866e+02
1.754462320208413644e+02
-1.764862497393950491e+02
1.795264919412650784e+02
-7.450515140086136512e+01
-1.636441828989827627e+02
-1.591209831194425988e+02
1.763380644244802227e+02
-1.738677775023207062e+02
1.778389205117736367e+02
-1.636571174565581259e+02
1.770133630095248520e+02
1.498083770390423979e+02
1.724835582837305310e+02
-1.766335393365701805e+02
-1.029259991247059531e+02
-1.780079064270335607e+02
1.791048262897889458e+02
1.774551956201869132e+02
1.648459319496874116e+02
-1.450543355999943742e+02
-1.677160445588928610e+02
-1.613721368235449631e+02
1.722348339815746670e+02
1.717241071729248176e+02
1.524680232512777138e+02
-1.783316625517066996e+02
1.743907255535542049e+02
-1.440902769208223333e+02
-6.529756977222869807e+01
-1.657932338822396332e+02
1.617146481726805121e+02
-1.707164471947386630e+02
-1.685627437810923936e+02
1.759555144258189046e+02
-1.672212668115939778e+02
1.721847064532331331e+02
-1.787811247648687072e+02
1.800000000000000000e+02
-1.794929709390852395e+02
-1.711193408494797836e+02
-1.337269699799433056e+02
1.706279072914209110e+02
-1.772072976342867037e+02
1.737227015104024304e+02
1.719509382983254966e+02
-1.585323485609010277e+02
-1.683312259996310445e+02
-1.576468023130106246e+02
1.787811247648687072e+02
1.800000000000000000e+02
1.788308606720925980e+02
1.794838357702351743e+02
1.779174347202691422e+02
1.790759546472272916e+02
-1.756012946450044865e+02
0.000000000000000000e+00
-1.791696845137419984e+02
2.246321248940715165e+01
-1.599660768355371090e+02
8.264762064010764675e+01
1.782465951399284450e+02
-1.672756443145776473e+02
-1.518214098900408544e+02
-1.354244054193614772e+02
-1.718698976458440200e+02
-1.627410457070959069e+02
1.279264623250386279e+02
-1.243543366550396883e+02
-2.202305549681124930e+01
-1.586820877245384622e+02
1.781816970355481828e+02
-1.785679038158353649e+02
1.668490513190552917e+02
-1.698379168059992423e+02
1.775889702533887942e+02
-1.684574742995631311e+02
1.400240752585395398e+02
-1.481857613021877000e+02
-1.541336432059054857e+02
-9.000000000000000000e+01
-1.623818399494249718e+02
-1.721935991707642302e+02
-1.660973128857794450e+02
-1.690113489035060184e+02
1.630858208382217640e+02
1.495186100091760579e+02
-1.732599439020530667e+02
-4.300212014352332801e+01
1.741140121669717473e+02
-1.750882118274940069e+02
-1.547671686767916412e+02
-1.594439547804165329e+02
-1.744400527366904612e+02
-1.134985656759521078e+02
1.645387822595581042e+02
7.243972794819931948e+01
-1.795692127829913716e+02
1.742176076776359537e+02
-1.766615294562356553e+02
1.009886510964939816e+02
-1.740531369460264841e+02
1.156936996593996128e+02
1.647448812969422249e+02
-1.100819774841807543e+02
1.726319489283778239e+02
-1.021368244552922704e+02
1.580912951718180750e+02
-1.476525565005579779e+02
-1.728749836510982050e+02
1.786028189727036306e+02
-1.672323368553171292e+02
-1.671419098270018253e+02
1.658505239136547971e+02
1.771658889836934918e+02
-1.175745639596943732e+02
-1.695085229876684139e+02
1.157873281828143774e+02
1.679885216136345605e+02
1.473005388789981112e+02
1.606836471804958535e+02
-1.750540334528958510e+02
1.515787907754731236e+02
-1.442800456877097020e+02
1.301695800417100486e+02
1.717328266644893802e+02
1.762088343126347922e+02
0.000000000000000000e+00
-1.666799164775439408e+02
1.725930878715047641e+02
1.716456491646203233e+02
1.506681604217524750e+02
1.800000000000000000e+02
-1.634429286243633612e+02
1.504639183219850551e+01
1.680481248699752257e+02
1.139020504110108476e+02
-1.369749340108819808e+02
1.236900675259797850e+02
-1.727159763455831580e+02
1.605599651718238192e+02
-1.073189384315147379e+02
1.765663696375494851e+02
-1.787174729172898253e+02
1.704839797950318427e+02
-1.728114628572633649e+02
1.790036521034950567e+02
-1.764785466230777899e+02
4.284703721089954342e+01
1.174233507071095062e+02
-1.574161474793436355e+02
1.732901631922430852e+02
1.704399035191136988e+02
1.800000000000000000e+02
1.518937301791981440e+02
-1.789910608246069401e+00
1.787546357332316518e+02
-1.744724598483438456e+02
-1.742007823709016066e+02
1.786881122174958989e+02
-1.768201698801357509e+02
-1.794791436254980397e+02
-9.725803010765125123e+01
1.388140748342903521e+02
1.743907255535542049e+02
1.649487800074090273e+02
-1.645778386812613405e+02
1.662509510165807001e+02
1.645387822595581042e+02
-1.551858030094648484e+02
1.761493611760892577e+02
1.126645574346961070e+02
1.087257878452725777e+02
-1.427335980990228563e+02
1.480500285536668343e+02
1.728157326075731532e+02
1.757411538778296460e+02
1.783788540863465926e+02
-1.761539699099526217e+02
1.681113419603720445e+02
-1.622995722113328156e+02
-1.755153939904553795e+02
1.759958270592906047e+02
-1.684951846737411927e+02
1.331988394842776415e+02
1.643757654188131880e+02
1.521524217402118495e+02
-1.772072976342867037e+02
-6.950740523012972005e+01
-4.817983011986423492e+01
-1.751792339219073540e+02
1.584590240814615640e+02
-1.729373973295842291e+02
1.727468053872746623e+02
1.778630891462427428e+02
