-1.792005758866824578e+02
1.765614692116708113e+02
1.741792757544749577e+02
9.847114463301483056e+01
-1.789860212772147179e+02
1.797205106094552605e+02
-1.637847067302759001e+02
1.741510783540710463e+02
-1.797322646612977906e+02
-1.780347394280794902e+02
9.412629436866154720e+00
1.729987324425046609e+02
1.769123487150149288e+02
-1.740035259275884698e+02
-1.751695800417100486e+02
-1.753093155442651607e+02
-1.794743653935423993e+02
-1.794996129012077688e+02
-1.788188110866733780e+02
1.787212886929501963e+02
1.752720121811578053e+02
-1.790036521034950567e+02
-1.766785242366539705e+02
-1.722733823809027740e+02
1.800000000000000000e+02
-1.764576388078062905e+02
1.710801562163377127e+02
1.800000000000000000e+02
1.764964683552155691e+02
1.800000000000000000e+02
1.791230922585693577e+02
1.800000000000000000e+02
1.744546826911379753e+02
1.743693172423647582e+02
-1.797205106094552605e+02
1.767223240478097068e+02
-1.797091609776494749e+02
-1.741736579704442534e+02
1.742622653299436024e+02
-1.782376089763394873e+02
1.800000000000000000e+02
1.784859266393648909e+02
-1.759958270592906047e+02
-1.750540334528958510e+02
-1.778701467977345487e+02
1.800000000000000000e+02
-1.791319485502544637e+02
-1.774208524997165739e+02
1.790122396003601750e+02
-1.791151934391654947e+02
-1.797622595407070207e+02
1.774396991060913535e+02
-1.792838400545296054e+02
-1.767559369703714651e+02
1.722223621098706872e+02
1.726059913574017344e+02
-1.732243438306010148e+02
1.793969088056194607e+02
1.717452514766104059e+02
1.723493490446406042e+02
-1.775762286558864389e+02
-1.770157178564066385e+02
-1.755371815279594898e+02
-1.794382946674334391e+02
-1.775212108914216742e+02
1.794153694792948386e+02
1.712309377468524190e+02
1.747047870633828666e+02
-1.619457484285047713e+02
-1.781265069864000736e+02
-1.797698977049027746e+02
-1.721374543778449890e+02
1.765663696375494851e+02
1.495482148736264776e+02
1.781744576926701313e+02
-1.794743653935423993e+02
-1.791615850255978728e+02
9.167647104680675341e+01
1.743732542848592573e+02
-1.791892647807376306e+02
-1.776140559696112007e+02
1.779752349184389573e+02
1.309597959815957893e+02
1.794645410144354685e+02
-1.779010940667964462e+02
-1.779335230143557567e+02
-1.701341930569156489e+02
-1.794791436254980397e+02
-1.783939970107177544e+02
-1.779010940667964462e+02
-1.797561896438959366e+02
1.761345388301482444e+02
-1.741113912539543662e+02
-1.794490960207814396e+02
-1.706685894747062093e+02
1.779268498511536052e+02
-1.794952044314441650e+02
-1.760858627813875614e+02
-1.716257409724009619e+02
1.784161884291380602e+02
-1.724969126089503959e+02
-1.787326010147667432e+02
-1.727249950421107485e+02
-1.738448316567260008e+02
-1.779268498511536052e+02
-1.794620272698877557e+02
-1.783634229583832678e+02
1.778676315634459968e+02
1.800000000000000000e+02
1.701760682765841466e+02
1.748315320236617083e+02
1.800000000000000000e+02
1.797271650169319344e+02
1.788655783690230123e+02
1.681901170429717638e+02
1.715480146304452944e+02
-1.751920460369695434e+02
1.756457789369304123e+02
1.768675348014319866e+02
1.746801060821931628e+02
1.793904934233248127e+02
1.794299115550011265e+02
1.726193636411591967e+02
1.782007242758659515e+02
1.744653626379858622e+02
-1.755801288611453117e+02
-1.788449996319552326e+02
1.782007242758659515e+02
1.790206803456605087e+02
-1.780908475670036353e+02
1.787097726479395305e+02
1.784656585002992415e+02
1.719867481558584359e+02
1.761120904391669342e+02
1.770980895311163579e+02
1.797191405853166088e+02
-1.794183369424946193e+02
1.796968505562858809e+02
1.729476939921588041e+02
-1.763670492605118056e+02
1.787326010147667432e+02
-1.663159802477524920e+02
1.800000000000000000e+02
1.770133630095248520e+02
-1.782100893917539395e+02
-1.763537287912431566e+02
1.800000000000000000e+02
1.800000000000000000e+02
-1.786615570789762728e+02
1.797000248376961054e+02
-1.740046131959245486e+02
-1.761677302538051890e+02
-1.775804907833436630e+02
1.698457334197997568e+02
-1.762218022928384187e+02
-1.794645410144354685e+02
-1.764743848028255684e+02
-1.729421533501189288e+02
-1.711702553320909317e+02
1.769872124958166637e+02
-1.797475973177108415e+02
-1.797508894848470788e+02
-1.734610379170386238e+02
-1.654547972588256641e+02
1.748545418320611873e+02
1.800000000000000000e+02
1.773438527960428814e+02
1.753567274168811423e+02
1.754860115419987210e+02
1.745076754428725678e+02
1.673528738642739313e+02
1.800000000000000000e+02
1.710572460515903117e+02
-1.797310077063035294e+02
-1.786196459265555632e+02
1.733900561063700252e+02
-1.790608090542644391e+02
-1.740531369460264841e+02
1.786552756112976681e+02
-1.759350526922573010e+02
1.782007242758659515e+02
-1.779752349184389573e+02
1.782642954110716289e+02
1.800000000000000000e+02
-1.796952380895789361e+02
-1.791048262897889458e+02
1.783711750594742682e+02
-1.771375947738882530e+02
1.738572818476454529e+02
1.734633663512029216e+02
-1.780443186024771194e+02
-1.790569447675289894e+02
-1.717087285083089228e+02
1.776264041977633497e+02
1.729115243218539888e+02
-1.780419325707659652e+02
1.668835638746085408e+02
-1.783316625517066996e+02
1.726865113719683507e+02
1.773574547059352824e+02
1.800000000000000000e+02
1.771658889836934918e+02
1.705858254945175361e+02
1.746162983231882322e+02
1.764785466230777899e+02
-1.791094637466394204e+02
-1.750927001577118745e+02
-1.784306451952510315e+02
1.698457334197997568e+02
-1.791574757392596098e+02
1.797205106094552605e+02
-1.765491568062488454e+02
-1.714270016363886100e+02
1.746441749571448270e+02
-1.754933931162316867e+02
-1.783961372288450775e+02
-1.780631996137789486e+02
-1.794153694792948386e+02
-1.785386899091187729e+02
-1.749662130437999679e+02
1.742666252416281338e+02
-1.767754773934801165e+02
-1.772606642780814354e+02
1.770233005318882533e+02
-1.774551956201869132e+02
1.791968407481897714e+02
-1.754622274920933762e+02
-1.727756843059546839e+02
-1.756982417259409317e+02
-1.736598082540901089e+02
1.766690826195499540e+02
-1.762053277316842355e+02
1.772208331359279327e+02
1.763477772196936826e+02
1.763537287912431566e+02
1.765167285310023431e+02
1.765800169051388764e+02
1.492314583156426124e+02
1.719055515177280142e+02
1.707424509712526799e+02
1.283773334046189802e+02
-1.732731159509986867e+02
-1.788711652033393591e+02
-1.775762286558864389e+02
-1.797218673327036527e+02
1.772592094058174439e+02
1.720695337003684244e+02
1.800000000000000000e+02
-9.674258660671277710e+01
1.671167234867314448e+02
1.771232349296994357e+02
-1.727079410354172921e+02
-1.792461516669292223e+02
-1.772208331359279327e+02
1.790206803456605087e+02
1.768983359701315408e+02
-1.568413925779167357e+02
1.769197898633541683e+02
1.791371769829189873e+02
1.757740018220415550e+02
-1.778789036033385571e+02
-1.673717780826095805e+02
8.646044083145004322e+01
1.788308606720925980e+02
1.786229628062272639e+02
1.773974377975002028e+02
-1.699064786384774379e+02
1.740475405620324523e+02
1.800000000000000000e+02
1.773162248405310208e+02
-1.789769698113321681e+02
1.629398859576473910e+02
1.800000000000000000e+02
1.749328382741468033e+02
-1.771633398988745398e+02
-1.766335393365701805e+02
-1.768865612519427941e+02
-1.672756443145776473e+02
-1.795165027891097509e+02
-1.742894068625003570e+02
1.800000000000000000e+02
-1.762245341757102040e+02
1.800000000000000000e+02
1.800000000000000000e+02
1.751354855622394950e+02
-1.785258016615591998e+02
-1.789993021221411595e+02
1.794791436254980397e+02
1.697488012491825771e+02
1.739623174785771198e+02
1.800000000000000000e+02
1.788655783690230123e+02
1.800000000000000000e+02
-1.715836256121842780e+02
1.634651621426548616e+02
1.775633517531898633e+02
-1.733951645032460362e+02
1.751095979419461628e+02
1.724649362766718923e+02
1.794861502836458556e+02
-1.789488192504562676e+02
1.728749836510982050e+02
1.702382252249577448e+02
-1.739219630162527324e+02
1.774234281697311530e+02
1.800000000000000000e+02
-1.758553762588957170e+02
-1.773162248405310208e+02
1.554675575995685790e+02
1.636413302338363565e+02
-1.743775993729102822e+02
1.797661409741267562e+02
1.700571438116973866e+02
1.745226312711711216e+02
-1.758961245273630425e+02
-1.791001402850956197e+02
1.800000000000000000e+02
1.797487043327910499e+02
1.774104981527590894e+02
1.753800765183395924e+02
1.783832096893267760e+02
1.763890353605505084e+02
1.789488192504562676e+02
-1.775680500540824198e+02
