1.086246875080946195e+00
1.773497889102503962e+02
1.759135715593057512e+02
-1.797047229999371041e+02
1.800000000000000000e+02
1.779862174787202491e+02
-1.778557432628200559e+02
-1.782819773484894199e+02
1.800000000000000000e+02
-1.718193358993328843e+02
-9.506813188905010747e+01
-1.762132225851106568e+02
1.751976797961260672e+02
1.782003564624487240e+02
-1.777318913605668627e+02
6.545142451155537344e+01
1.797258083601066971e+02
1.778494627256729643e+02
1.785162854885000456e+02
1.687369328912893423e+02
1.718255595909642750e+02
-1.728319389945263254e+02
1.763365187083624619e+02
1.797372242517803897e+02
-1.797297886811147976e+02
-8.883656312397135935e+01
1.678253202076219566e+02
1.042528584821227469e+02
1.755197363312392724e+02
-1.791617447313186915e+02
1.746212350619256597e+02
8.208285472654517889e+01
1.746832618922420295e+02
1.800000000000000000e+02
1.796915371983434113e+02
-1.602223445831744186e+02
1.723317727718665537e+02
-1.789679368680911864e+02
1.642523527650964468e+02
1.797402958204410766e+02
-1.797031934041787906e+02
1.760435350582650358e+02
1.800000000000000000e+02
-1.776268839585478077e+02
-9.690362681865643424e+01
1.761852176654131483e+02
1.794463220912576560e+02
-9.625513961624548642e+01
-1.788005090049343835e+02
8.725864067683824032e+01
1.726722451009177632e+02
1.792182548628933887e+02
1.756784476170434459e+02
-1.797031934041787906e+02
1.789771481446349526e+02
1.667538633125661818e+02
-1.793681776081826058e+02
-1.794271731750984316e+02
1.591929645237316322e+02
-9.030161595858295698e+01
1.681640638013283535e+02
-1.781877303369698495e+02
1.732122762394033657e+02
1.684648606968241040e+02
-9.700661171663971061e+01
1.775469968495589796e+02
-1.781268486585245228e+02
-1.696801775145013096e+02
1.765722470045453178e+02
1.767662449375864071e+02
1.723432439918485386e+02
1.707584007011463711e+02
1.759150514048485263e+02
1.711916172442067818e+02
1.758315966124853276e+02
1.749565881833106573e+02
1.748512140780867981e+02
1.785604279116718089e+02
1.730697600301896273e+02
-1.770649134832343918e+02
1.759851387002942431e+02
-1.766390433645570113e+02
-1.788823883231261505e+02
1.733780793994636440e+02
1.751854639271189455e+02
-1.734611682392732916e+02
1.782030285783739885e+02
-1.769325859095544899e+02
1.782580034796748976e+02
1.765014911337648869e+02
1.800000000000000000e+02
1.736610486533744506e+02
-1.335498043028582629e+02
-1.742142766998115917e+02
1.789813388386462236e+02
-1.719843578204575749e+02
-1.775638573230700956e+02
1.722794888861147342e+02
1.710012227643508425e+02
1.714025250398709659e+02
1.513328638233171262e+02
1.769620247591161331e+02
1.730963731813435800e+02
-1.797077353776526536e+02
1.790859731231451519e+02
-1.746681021523662878e+02
1.737524798292212154e+02
-8.940640273712116937e+01
1.680643615365167136e+02
1.740026447605831663e+02
1.653761544697630939e+02
1.625920178477597631e+02
-1.545343041952895078e+02
1.726375613679759908e+02
-1.759966064288944096e+02
1.711262030183886225e+02
1.728123612187036429e+02
1.719522846641022511e+02
1.797205003583931671e+02
1.800000000000000000e+02
1.739804029133794359e+02
1.800000000000000000e+02
-8.909080743107169553e+01
1.750034770776676964e+02
1.765078448110984652e+02
-1.758943224728841130e+02
1.579877510320366980e+02
-1.783791525795975019e+02
-1.746939625972822796e+02
1.775644080523585444e+02
-8.973355833197680909e+01
1.780058179366886293e+02
1.742272042106862955e+02
1.751874338833123943e+02
-1.579492190829322453e+02
-1.783097154754560734e+02
-1.734831502274742263e+02
1.788306276826729970e+02
1.697372738364352642e+02
1.800000000000000000e+02
1.781959252209115618e+02
1.741499713671009886e+02
1.768914206903822048e+02
1.731664198288177658e+02
-9.958779381032110223e+01
1.736304809509800862e+02
-1.762576928648482522e+02
7.990303851835552962e+01
-1.797442615659119269e+02
1.726544393639525765e+02
1.717559955067593478e+02
-9.612421384928397572e+01
1.719522846641022511e+02
1.761457418090404303e+02
1.654660578517232636e+02
-1.791816967317571709e+02
1.781716521206959101e+02
1.741849594861984940e+02
-8.884289514962742373e+01
-1.740169758264344750e+02
-1.775109161964313671e+02
1.730814982188980196e+02
1.783714763861958090e+02
1.712077141169058905e+02
1.738940492808273461e+02
1.767795032294704072e+02
8.253152314174309367e+01
1.778392802436783597e+02
1.757629265669376650e+02
-1.660215116593502671e+02
1.735857327968109871e+02
1.728124640328927626e+02
1.706706559144573419e+02
-1.764903283455491021e+02
1.741214896400406076e+02
1.743165340819988671e+02
-1.794148461647797035e+02
1.726999710405172266e+02
-1.786447738548096709e+02
1.671682699551599001e+02
1.729703624432945901e+02
1.797347916175241380e+02
1.790955908747492060e+02
1.726489294397381116e+02
1.698360830643341899e+02
1.659664987966650358e+02
1.721954750267177019e+02
1.768824097141860818e+02
-1.747271543462964587e+02
1.800000000000000000e+02
1.777324834956776840e+02
1.738135638806882923e+02
-1.782288866519159285e+02
8.487774469690867818e+01
1.722951652218001186e+02
1.719052652289887817e+02
1.711648360828307318e+02
7.622081615212161410e+01
1.752246420505715889e+02
-1.796915371983434113e+02
-1.768046942600931573e+02
1.776007290682940152e+02
1.655691510819732457e+02
-1.717958500547333642e+02
-9.976378584567804353e+01
1.720751652942001897e+02
-1.728265308160494840e+02
-8.528328785971987713e+01
-1.709688096078228625e+02
-1.676169562709740148e+02
-8.037875038761191604e+01
1.735074968316152138e+02
-1.741732159648445020e+02
1.788067532724747366e+02
1.786550290449354748e+02
-1.791777826728910270e+02
-8.932224817950933371e+00
1.788769122828570346e+02
-1.681694505120916006e+02
-1.724765748436986996e+02
-1.794328432590162947e+02
1.792044203052990667e+02
8.448996445630851326e+01
1.775571329882871510e+02
-9.965187922242211016e+01
1.778282865439131228e+02
-1.797258083601066971e+02
1.800000000000000000e+02
-9.378505354356386192e+01
-4.141821475127099461e+01
1.712694671700630806e+02
-1.740757903036969765e+02
1.761866867961110472e+02
1.728145655990033447e+02
1.727027496499545975e+02
-1.649792347111299478e+02
1.055466631258922661e+01
8.877573537812148174e+01
1.765161382994918426e+02
-1.735415704755319837e+02
-1.720067022707606270e+02
1.789638344273936070e+02
1.712321442593706990e+02
1.740636890081668469e+02
1.800000000000000000e+02
-1.681606032862151210e+02
8.240396017132998452e+01
1.786550290449354748e+02
7.898590106944607214e+01
1.766815940218398850e+02
1.743743298646311644e+02
-1.786555220872896257e+02
1.732889878146379203e+02
-9.516801691342797653e+01
-1.530741234191598892e+02
-1.431837500721046013e+02
-1.792656015482099292e+02
1.752843002415257558e+02
1.789486309023399144e+02
-1.733440028759013387e+02
1.736069244072281776e+02
-1.791250657282442091e+02
-1.744058198579378427e+02
-1.744462709647107204e+02
-1.591725953466745409e+02
-8.884870703705797723e+01
6.814858126564223539e+01
1.780360781717773193e+02
-2.967868007616305093e+01
1.800000000000000000e+02
-1.024334520857680388e+02
1.788363395022336420e+02
-1.794242954064868059e+02
-1.797031934041787906e+02
-7.639713125931733906e+00
-1.958639405007020429e+01
1.727690399150656333e+02
1.752239494763710752e+02
1.800000000000000000e+02
1.779167359455029214e+02
1.735830553522777393e+02
1.782494442349705537e+02
1.724968507715399539e+02
1.701747360814738386e+02
1.719076931090127403e+02
9.114549702965555866e+01
-1.754496193365470447e+02
-8.521250801459439117e+01
1.800000000000000000e+02
1.743615179126302053e+02
1.733572146273788803e+02
1.726594567807446481e+02
1.800000000000000000e+02
1.755901788782189215e+02
-1.435502507239656040e+02
-9.182758876687323379e+01
1.732682868602018686e+02
9.030529914080817377e+01
-1.773847629713894491e+02
1.495158747806154338e+02
-1.794593902076003360e+02
1.757627326316443543e+02
-1.701073087404453190e+02
1.800000000000000000e+02
1.734756935658663224e+02
1.800000000000000000e+02
1.749777223067378600e+02
1.702249817788734561e+02
-1.662499882429918614e+02
1.764042568818189523e+02
1.600466088082105500e+02
1.751405925214593822e+02
-8.894900753110879066e+01
1.659042175883503205e+02
-1.773979504380126286e+02
-1.524240748936146019e+02
1.782003564624487240e+02
-1.779178041028359019e+02
1.764042568818189523e+02
-1.794916267229366440e+02
-1.711759500119697179e+02
-1.797272157572815274e+02
-1.703516769924350456e+02
-9.000000000000000000e+01
