1.712506742029698614e+02
-1.770805563125493904e+02
-1.743161460997586687e+02
-1.787816815077796093e+02
-1.696516897274150608e+02
-1.794329748057064648e+02
-1.626503549470633061e+02
-1.745905630269042206e+02
1.752704565504716072e+02
-1.691701764764650306e+02
1.749554348041677372e+02
-1.790286244180612414e+02
-1.720165114267708759e+02
-1.642690164152540433e+02
-1.749408376767344180e+02
-1.741073782040866433e+02
1.790909295116261148e+02
1.770805563125493904e+02
-1.780541514210687808e+02
1.733351098822803067e+02
-1.684481155153567045e+02
-1.724647534623786953e+02
-1.708857199311640045e+02
1.756222135742695230e+02
-1.781530293067951334e+02
-1.699535712148017694e+02
-1.781227832405437823e+02
-1.753311035641877140e+02
1.788853455288328576e+02
-1.691301075883368128e+02
1.761553539765313303e+02
-1.527902224194884866e+02
-1.766346001784296220e+02
-1.764875703240923883e+02
-1.643151301600757961e+02
1.679097447985386111e+02
1.742916219626118846e+02
-1.546077210183389354e+02
1.605056186236325289e+02
-1.727975428591001048e+02
1.719423621348925622e+02
-1.665260749977276191e+02
1.001208691012680987e+02
-1.656978869724831327e+02
1.789287454541047850e+02
-1.776329123790920335e+02
1.728039869952405070e+02
-1.613473006864569470e+02
1.741327392675372039e+02
1.782092884065895930e+02
1.752342350137142546e+02
9.059707667812912746e+01
1.753627492906650218e+02
-1.776132881908293939e+02
-1.799767742651782783e+02
9.927978549853204981e+01
-1.794882478103495203e+02
-1.745578232047017195e+02
-1.755996849540315168e+02
1.765479593613201530e+02
-1.754039909616788009e+02
-1.730744461307403412e+02
1.714722430284065808e+02
1.800000000000000000e+02
1.776147668866801155e+02
1.027525318647636823e+02
-1.744815201281676593e+02
-1.729132325892578024e+02
1.800000000000000000e+02
1.793035769633638665e+02
1.759975412726865613e+02
-1.775631015773136880e+02
7.032389914518132912e+01
-1.735293282270890529e+02
-1.396386674358752771e+02
-1.727130057675070418e+02
-1.783982197070520783e+02
-1.776311930990123358e+02
-1.654274434642726987e+02
-1.785852016810881935e+02
-1.728516766432304337e+02
1.765214969220074863e+02
1.772725745564818567e+02
1.800000000000000000e+02
-1.552850862269744994e+02
-1.691930778010146810e+02
1.735673216474020819e+02
1.726736609810265293e+02
1.737150501448968214e+02
1.661880256443294002e+02
1.683198463718229902e+02
-1.757798668107928961e+02
-1.782846234748545271e+02
-1.688844265210545643e+02
-1.772238972741928080e+02
9.262537214260332519e+01
-1.597803933760602035e+02
1.750710732674743042e+02
-1.717511460863248374e+02
1.782637305649798805e+02
1.764492116324508117e+02
-1.781904427537900233e+02
9.194078021218005858e+01
-1.708208142971425332e+02
1.065363327444759420e+02
-1.643165640902180371e+02
-1.658310733890620270e+02
1.729507851941110346e+02
9.243553626977016791e+01
-1.789673556522700153e+02
1.705598587536950674e+02
-1.777622705089018211e+02
-1.749654559934706697e+02
1.795019744609203940e+02
8.544399359869947830e+01
-1.775727813727722548e+02
-1.420429537341294690e+02
1.718146939899578172e+02
-1.768790862334483904e+02
-1.672699541906344223e+02
-1.745054191802378796e+02
-1.019710866500151241e+02
1.786463502272582389e+02
1.729881707279842260e+02
-1.455006333310805076e+02
1.736116825056595587e+02
1.763901374414108147e+02
1.761587749189536112e+02
1.680926676218356306e+02
-1.620259485033889177e+02
1.720326426010693979e+02
1.783323578527829056e+02
-1.751886150852355399e+02
1.800000000000000000e+02
1.717176101978228360e+02
1.748997811185165574e+02
1.740218291716903707e+02
-1.751650070791284577e+02
1.800000000000000000e+02
-1.788296279382542480e+02
1.751376975274004053e+02
-1.741829961245709910e+02
-8.439831588463596290e+01
1.718452798782347770e+02
-1.787543449322382401e+02
-1.704484903449594242e+02
1.783033835056713201e+02
1.771415735630326935e+02
-1.720951662216380100e+02
-1.771695515555935572e+02
1.764538885587041932e+02
-9.640156923156240509e+01
1.659437831984513707e+02
-1.678577318145688366e+02
1.104781479345877671e+02
-1.683432128657076703e+02
1.754245830339445433e+02
-1.728560465263041124e+02
1.791183046236449741e+02
-1.795062659814052779e+02
1.607134382838004285e+02
-1.750304874116485792e+02
1.658667172852500471e+02
-1.696990911271658149e+02
1.731132820310239424e+02
1.795963931388224069e+02
1.761007076707725787e+02
1.799789578810660942e+02
8.602209908117255566e+01
-1.163568994119271593e+02
1.453885387544264916e+02
1.677354892483776325e+02
1.788296279382542480e+02
1.732663573172627309e+02
-1.739696356886959450e+02
1.800000000000000000e+02
-1.611638731783437493e+02
1.788182877639022195e+02
1.504405161100324335e+02
-1.776852739388502300e+02
1.764492116324508117e+02
1.599265560651716385e+02
1.716861150518642773e+02
-1.729707373665914076e+02
1.747551479050559351e+02
1.721495583823005973e+02
1.777983105947978117e+02
1.714086632590262980e+02
-1.774448289116944579e+02
1.779827662208992365e+02
1.747168625148515275e+02
-1.776639634169364683e+02
1.734730556274603543e+02
1.262994958293810441e+02
-1.698713402197320192e+02
1.750089439642823663e+02
1.574371297903637696e+02
-1.769554335431077163e+02
8.820948872005894259e+01
-1.769115963530327633e+02
-1.781844696874504450e+02
1.729159407197550138e+02
1.788412126050152722e+02
1.784842731072299671e+02
1.717107929693738129e+02
1.671053369767407730e+02
1.280076405328167368e+02
1.693555726152403622e+02
1.672203766118763610e+02
1.675610138768806223e+02
-1.766575932489546403e+02
-1.748599914815990246e+02
1.657546274481334194e+02
-1.596802212823443483e+02
-1.771139756883487735e+02
-1.732662461297704795e+02
-1.787178839063062696e+02
-1.688669875335230302e+02
-1.757224474921996489e+02
1.636170954963632198e+02
1.638596521906231089e+02
-1.728726156299137529e+02
-1.718483569336037249e+02
1.659385733367302009e+02
-1.657223887934127902e+02
1.732820177792872300e+02
1.694352971915695889e+02
1.717989854203458719e+02
-1.721296144185601804e+02
1.725258381488966677e+02
1.731138390866295538e+02
-1.664095122782739793e+02
-1.692182732946827173e+02
-1.700348044655620754e+02
-1.773256457432740660e+02
1.782357098120651528e+02
-1.675294838294305180e+02
1.800000000000000000e+02
-1.778975175988258854e+02
1.751449449425687703e+02
1.783781970141513114e+02
1.751939669840962210e+02
1.773235000848977734e+02
1.759572632640709173e+02
-1.121426321669136428e+02
1.800000000000000000e+02
-1.784436929865649688e+02
-1.794273073647829051e+02
1.699686142942266258e+02
1.740450778927488500e+02
-1.765648971489831354e+02
8.371537681167104950e+01
1.711684625610111539e+02
1.800000000000000000e+02
1.770441150780051203e+02
1.734699866854423647e+02
1.800000000000000000e+02
-1.711086314707053191e+02
-1.718668190783453156e+02
-1.685776273016313098e+02
1.717908066969492609e+02
-1.670571556679905427e+02
1.645581179268624510e+02
-1.758893898072322202e+02
1.710020904822210071e+02
1.718914406721521004e+02
-1.706009537967041751e+02
-1.691109598027012169e+02
1.766967725808682133e+02
1.800000000000000000e+02
1.773016152341336351e+02
1.772761969322264406e+02
-1.784228285239112495e+02
1.800000000000000000e+02
1.724946687648167938e+02
1.763073379628257840e+02
-1.667073562310721684e+02
1.800000000000000000e+02
-1.735033439519124272e+02
-1.728720689410918112e+02
-1.715756291449239654e+02
-1.688825209789580413e+02
-1.752618274719838496e+02
-1.790836606815180403e+02
1.646199270190586219e+02
1.759157713153434486e+02
1.625578401141931124e+02
1.500982420102858157e+02
1.711154275921427939e+02
1.767611731123466541e+02
-1.673359429987838780e+02
-1.751238449013856666e+02
1.729400547988537653e+02
-1.649714028146116505e+02
1.751029018154939365e+02
-1.700348044655620754e+02
-1.790578191276138682e+02
1.750041824379915454e+02
1.689040262078264902e+02
1.673464313661332028e+02
-1.053439774836042346e+02
1.762555122791938231e+02
8.399369083941859060e+01
1.551714580852003564e+02
1.644600181960859970e+02
-1.743383407290710352e+02
1.639499408992145675e+02
-1.721002627057023062e+02
1.718731789006218378e+02
1.781920778623986905e+02
1.747073267045908267e+02
1.655735694298078045e+02
-1.776375800294708540e+02
-1.788871362444172917e+02
-1.765306441506159558e+02
1.482936813540514152e+02
1.491011464314821353e+02
-1.770239080263901315e+02
-1.578685428831294075e+02
1.746251093142982143e+02
1.633243637531359127e+02
-1.775113757611048584e+02
-1.789673556522700153e+02
-1.762555122791938231e+02
