1.800000000000000000e+02
1.756676860168115013e+02
1.729421533501189288e+02
9.967826005313395399e+01
-1.783864610671188018e+02
-1.702382252249577448e+02
-1.716625555611532832e+02
-1.794031905487708229e+02
-1.794694986833262078e+02
-1.788766972859245641e+02
9.619727799698852166e+00
1.740938588862294978e+02
1.791873484057462633e+02
-1.713843518158358847e+02
-1.750540334528958510e+02
-1.756012946450044865e+02
-1.739041384554041940e+02
-1.790206803456605087e+02
1.763915311474336534e+02
1.774208524997165739e+02
1.694126786817628556e+02
-1.776862775021757841e+02
-1.698133702400552352e+02
-1.739623174785771198e+02
1.800000000000000000e+02
-1.755673315313101455e+02
1.705376777919743745e+02
-1.783397176310171801e+02
1.725930878715047641e+02
1.727249950421107485e+02
1.800000000000000000e+02
1.800000000000000000e+02
1.794212744343922452e+02
1.743405181598375293e+02
-1.795592719272389957e+02
1.779174347202691422e+02
-1.795060831013812503e+02
-1.715910882673993001e+02
1.718698976458440200e+02
1.795558555668880558e+02
1.800000000000000000e+02
1.775633517531898633e+02
-1.729421533501189288e+02
-1.755635255143426434e+02
-1.752852454812950498e+02
1.800000000000000000e+02
1.800000000000000000e+02
-1.750540334528958510e+02
1.695922886875099493e+02
-1.785311992856141785e+02
-1.796327243926619133e+02
1.792926806314557666e+02
-1.785185428291129313e+02
-1.771135814561353925e+02
1.726656211985833238e+02
1.738408369708569126e+02
-1.672424678391233499e+02
1.789488192504562676e+02
1.525602720518007231e+02
1.687850853153464357e+02
-1.767161377120936550e+02
-1.757777697938573169e+02
-1.788542371618248978e+02
-1.791873484057462633e+02
-1.756839724801344005e+02
1.789583733239900312e+02
1.743907255535542049e+02
1.649695694765667326e+02
-1.598001933785659219e+02
-1.767295120768164338e+02
-1.795488614532127372e+02
-1.714882948615752980e+02
1.766981343255650074e+02
8.828164199834453996e+01
1.755153939904553795e+02
1.789291755452130417e+02
-1.785436413656603065e+02
9.860138485871489422e+01
1.699089427611110921e+02
-1.769606004310730896e+02
-1.759464457681685872e+02
1.762915718428695584e+02
9.694098342874258378e+01
1.800000000000000000e+02
-1.761120904391669342e+02
-1.778789036033385571e+02
-1.676192430711928409e+02
-1.791384742654327624e+02
-1.773574547059352824e+02
1.738298249049703941e+02
-1.795488614532127372e+02
1.735583999006649663e+02
-1.763477772196936826e+02
-1.791696845137419984e+02
-1.719509382983254966e+02
-1.795626361324792697e+02
-1.792097634975708047e+02
-1.745881308476829759e+02
-1.725930878715047641e+02
1.782285302599659360e+02
-1.691699204565929904e+02
1.769552215558060198e+02
-1.725885071408211218e+02
-1.711932073055646981e+02
-1.766086605802036615e+02
1.794093427853533171e+02
-1.770133630095248520e+02
1.787724211678654456e+02
1.800000000000000000e+02
1.389717631501535955e+01
1.753758486715709353e+02
1.800000000000000000e+02
1.795592719272389957e+02
-1.794743653935423993e+02
1.655432445999451545e+02
1.650049208708240087e+02
-1.783153156821037157e+02
1.725041423602701514e+02
1.619060934559368263e+02
1.759143832200251154e+02
-1.794153694792948386e+02
1.794490960207814396e+02
1.727468053872746623e+02
1.779361802715430372e+02
1.743824194098731937e+02
-1.704399035191136988e+02
-1.771375947738882530e+02
1.774362297885350017e+02
-1.790371363743637971e+02
-1.771170365474604580e+02
1.770133630095248520e+02
1.800000000000000000e+02
1.724053566314085799e+02
-1.756012946450044865e+02
1.743907255535542049e+02
1.795060831013812503e+02
1.800000000000000000e+02
1.795488614532127372e+02
-1.775633517531898633e+02
-1.742321111020858666e+02
1.800000000000000000e+02
-1.507435758774968049e+00
1.800000000000000000e+02
-1.703519546839018517e+02
-1.776467031338916911e+02
-1.790371363743637971e+02
1.800000000000000000e+02
1.800000000000000000e+02
1.795017883873863695e+02
1.781912606775079553e+02
-1.755635255143426434e+02
-1.740754180180175297e+02
1.800000000000000000e+02
1.686900675259797993e+02
-1.732901631922430852e+02
-1.794645410144354685e+02
-1.789949139947458150e+02
-1.734678633121475571e+02
-1.702605540545027623e+02
1.746106882400266045e+02
1.786677801461303545e+02
1.771135814561353925e+02
-1.690113489035060184e+02
-1.672424678391233499e+02
1.743405181598375293e+02
1.800000000000000000e+02
1.800000000000000000e+02
-1.778183585964485189e+02
-1.768778695378842940e+02
1.789291755452130417e+02
8.778034444680211834e+01
1.624744316262771235e+02
1.760548137709624541e+02
-1.791185960034178777e+02
-1.782642954110716289e+02
1.729716037610504031e+02
-1.785855767885978480e+02
1.704457103275982490e+02
1.774886367328369374e+02
-1.725457011872515523e+02
1.794437477729193233e+02
-1.775633517531898633e+02
1.770390638658362548e+02
-1.735583999006649663e+02
-1.739382112112713799e+02
-1.772993706626047299e+02
1.792461516669292223e+02
-1.754260787400991433e+02
1.752755483028291223e+02
1.710760115563685986e+02
-1.764552335444051323e+02
-1.724385715723330463e+02
-1.768778695378842940e+02
1.763670492605118056e+02
1.694481904938077150e+02
-1.765834118082286750e+02
1.689828883812107847e+02
-1.770891621738322499e+02
1.675209281980723688e+02
1.758487147335783334e+02
1.800000000000000000e+02
1.787455483773184710e+02
1.725885071408211218e+02
1.717405620201211889e+02
1.740428688852917958e+02
-1.786028189727036306e+02
-1.733865395176852644e+02
-1.773162248405310208e+02
1.682970985197786433e+02
-1.785797344536009632e+02
1.794437477729193233e+02
-1.764236656250026556e+02
-1.708698235177213292e+02
1.719330682702069168e+02
-1.754933931162316867e+02
-1.776281578102107801e+02
-1.765167285310023431e+02
-1.794153694792948386e+02
1.800000000000000000e+02
-1.781720317556950022e+02
1.742176076776359537e+02
-1.761083237059192470e+02
-1.745596679689944892e+02
-1.796048629574925144e+02
-1.741736579704442534e+02
1.775736641683976416e+02
-1.744470289669631882e+02
-1.710028565789349386e+02
-1.727058036914591526e+02
-1.739041384554041940e+02
1.754094568143939625e+02
-1.746948903937896205e+02
1.748572354421157797e+02
1.770792784789996119e+02
1.774664411116054339e+02
1.735583999006649663e+02
1.796279547127967078e+02
9.175340486007154084e+01
1.723331957381858217e+02
1.741736579704442534e+02
7.610880882854515050e+01
-1.778389205117736367e+02
-1.752363583092738111e+02
-1.756012946450044865e+02
-1.794031905487708229e+02
1.757809046507515518e+02
1.722079219217815762e+02
1.800000000000000000e+02
-9.699192534666779864e+01
1.654655449194598873e+02
1.748055710922652111e+02
-1.727079410354172921e+02
-1.788228551140179263e+02
-1.740531369460264841e+02
1.800000000000000000e+02
1.740194004752365515e+02
-1.556954507340632858e+02
1.791987126698930126e+02
1.800000000000000000e+02
1.766002858408767509e+02
-1.791815445383113854e+02
-1.664834318912086815e+02
8.141637851988605235e+01
1.790289780689208499e+02
1.796048629574925144e+02
1.710546181664610685e+02
-1.566444351407139948e+02
1.757461635638808275e+02
1.800000000000000000e+02
1.795379472785692485e+02
-1.761859251657096479e+02
1.693803447238448712e+02
1.800000000000000000e+02
1.615650511770780042e+02
-1.753417458903244039e+02
-1.748978347476418094e+02
-1.730189425931702090e+02
-1.679977051012162974e+02
1.701541776321474231e+02
-1.750728900523509992e+02
1.764862497393950491e+02
1.758023316428390785e+02
1.800000000000000000e+02
1.800000000000000000e+02
1.753071374944101706e+02
-1.760740922963160244e+02
1.800000000000000000e+02
-1.794270613023165311e+02
1.680643974567325643e+02
1.723666694127686867e+02
1.800000000000000000e+02
1.783750236424752416e+02
1.756012946450044865e+02
-1.681579238846722433e+02
1.559959923518823928e+02
1.800000000000000000e+02
-1.744400527366904612e+02
1.722552894535770918e+02
1.713691982114515611e+02
1.786677801461303545e+02
-1.784518423010220545e+02
1.751354855622394950e+02
1.699668794456688374e+02
-1.713571974199954582e+02
1.794543424065842885e+02
1.800000000000000000e+02
-1.722348339815746670e+02
-1.766890584853885571e+02
1.390856167799748846e+02
8.701336300952483782e+01
-1.752363583092738111e+02
1.795103044068708016e+02
1.624744316262771235e+02
1.743907255535542049e+02
-1.710850730428521445e+02
-1.782285302599659360e+02
1.800000000000000000e+02
1.800000000000000000e+02
1.789291755452130417e+02
1.710546181664610685e+02
1.778789036033385571e+02
1.722079219217815762e+02
1.780585136090856224e+02
-6.009005957494524708e+00
