6.242543604030561966e+01
-1.715910882673993001e+02
-1.776304919357447147e+02
-1.744367911792560051e+02
-1.743296426561061310e+02
-1.723758074955481732e+02
-1.744587952219601448e+02
1.722781741998690279e+02
-1.763477772196936826e+02
1.717405620201211889e+02
1.787811247648687072e+02
-1.740150476848845926e+02
1.794791436254980397e+02
-1.774208524997165739e+02
-1.778789036033385571e+02
-1.766335393365701805e+02
-1.791512357284464088e+02
-1.771375947738882530e+02
-1.714692343900518665e+02
-1.791987126698930126e+02
-1.774169793313649279e+02
1.769872124958166637e+02
1.795755945806385228e+02
1.800000000000000000e+02
-1.649315118405077953e+02
1.758295634751578973e+02
1.745596679689944892e+02
1.729932003599194559e+02
1.727249950421107485e+02
-1.723718503314192958e+02
-1.745596679689944892e+02
-1.714444417565871106e+02
1.587763434972337961e+02
1.714692343900518665e+02
-1.692157021324374284e+02
9.392590770368397557e+01
1.750540334528958510e+02
-1.733255309528824455e+02
1.800000000000000000e+02
-1.765053610727466662e+02
1.800000000000000000e+02
1.800000000000000000e+02
1.704820508390512259e+02
1.583109350353842046e+02
1.763915311474336534e+02
-1.677352262721076102e+02
1.800000000000000000e+02
1.567322951899430450e+02
-1.727330455941883258e+02
1.638774012222828276e+02
-1.746441749571448270e+02
-1.767526572096770963e+02
1.755328409386107182e+02
1.758295634751578973e+02
1.726319489283778239e+02
1.570112831979193686e+02
1.800000000000000000e+02
1.764552335444051323e+02
-1.687940524925974444e+02
9.243664824681013670e+01
1.789190758133393331e+02
1.725885071408211218e+02
-1.720106732336031143e+02
1.800000000000000000e+02
1.531836531557130741e+02
-1.773974377975002028e+02
1.448513273428080765e+02
-1.776386253418243939e+02
-1.783276056389107396e+02
-1.688869594640516993e+02
1.661924809837987027e+02
1.671249984403875146e+02
1.789488192504562676e+02
1.800000000000000000e+02
-1.776862775021757841e+02
-1.775804907833436630e+02
-1.702001513311323606e+02
-1.718698976458440200e+02
-1.707354760148670323e+02
9.286240522611174697e+01
-1.788766972859245641e+02
1.800000000000000000e+02
1.795303729803103465e+02
-1.768778695378842940e+02
-1.784377750831576179e+02
-1.781759101676238970e+02
1.793013056170165385e+02
1.646991544275500132e+02
1.748479182977937967e+02
-1.776140559696112007e+02
-1.763915311474336534e+02
-1.761859251657096479e+02
-1.752032010331644472e+02
1.723789286907029634e+02
1.741140121669717473e+02
-1.168278740103145168e+02
-1.783153156821037157e+02
1.736598082540901089e+02
-1.751207262169932903e+02
1.772951240142643599e+02
-1.718698976458440200e+02
1.733455749539934061e+02
1.800000000000000000e+02
1.800000000000000000e+02
-1.786251652194305848e+02
1.757809046507515518e+02
1.769644308749444406e+02
1.783397176310171801e+02
-1.782100893917539395e+02
1.795626361324792697e+02
1.722552894535770918e+02
1.800000000000000000e+02
-1.714444417565871106e+02
1.800000000000000000e+02
1.698133702400552352e+02
1.779545915111127954e+02
-1.788188110866733780e+02
9.461064931866062011e+01
1.776531257075127144e+02
-1.651865358811953399e+02
1.782376089763394873e+02
1.770390638658362548e+02
1.773735943617092516e+02
1.763915311474336534e+02
1.800000000000000000e+02
-1.782321729441439402e+02
1.557507955895986242e+02
1.596383967246138411e+02
1.774551956201869132e+02
1.790530485532265459e+02
1.704633642415405745e+02
-1.787269699799433056e+02
1.761539699099526217e+02
-1.748572354421157797e+02
-1.781523897340053963e+02
-9.783552510648856071e+01
-1.766890584853885571e+02
-1.782850698044734656e+02
-1.796048629574925144e+02
1.800000000000000000e+02
-1.669384489166718879e+02
1.686046789461071569e+02
1.779545915111127954e+02
-1.669170093251889000e+02
1.795626361324792697e+02
-2.520112364547507156e+01
1.772519118199462582e+02
8.584035770628736373e+01
1.800000000000000000e+02
1.679432374661673748e+02
1.644454287299255952e+02
-1.672603532075179089e+02
-1.736598082540901089e+02
-1.637397952916880683e+02
1.464587523458772012e+02
-1.789390883097357801e+02
1.735504652961577392e+02
1.402538027512622421e+02
-1.707066914006028924e+02
-1.775104470780008512e+02
1.679052429229879237e+02
-1.795787150958314271e+02
1.733255309528824455e+02
1.740625839005184901e+02
1.761493611760892577e+02
-8.861408214918782278e+01
1.648904248776595409e+02
-1.776862775021757841e+02
1.556954507340632858e+02
1.480418905266620015e+02
1.787363274483417399e+02
-1.548468828615256143e+02
-1.702175929681927187e+02
1.365481576989779740e+02
-1.788542371618248978e+02
1.720824969651716572e+02
1.778389205117736367e+02
-1.712852671251388301e+02
1.775973905310139571e+02
1.732243438306010148e+02
1.773369992339328576e+02
-1.607581217219756127e+02
-1.637798063043971979e+02
1.800000000000000000e+02
1.715524727520915462e+02
1.783939970107177544e+02
1.694481904938077150e+02
1.772072976342867037e+02
1.795848204588551482e+02
-1.753645365730973538e+02
1.800000000000000000e+02
1.709867956443572723e+02
1.466336339989404394e+02
1.495344550805401411e+02
1.486366977860499503e+02
-1.792309753174219509e+02
-1.647100086417760281e+02
-1.675825542099236998e+02
-8.945434240658428848e+01
1.750062560141766141e+02
1.721935991707642302e+02
1.800000000000000000e+02
1.701664360357928842e+02
1.751261035777952486e+02
1.632442510708010275e+02
1.711041430303367008e+02
1.758252301080875668e+02
1.800000000000000000e+02
1.705376777919743745e+02
1.730727818739908344e+02
1.791319485502544637e+02
1.800000000000000000e+02
-1.791384742654327624e+02
1.669447527762034156e+02
-9.749585763972986285e+01
1.684489927374747253e+02
-1.694052342876628927e+02
-1.005610106911963868e+02
1.721260618682743768e+02
1.788766972859245641e+02
1.713474582088852856e+02
-1.695257651717741965e+02
-1.213286928678041647e+02
-7.454798935887031064e+01
-1.794382946674334391e+02
1.668835638746085408e+02
-8.839399701071775439e+01
-1.710760115563685986e+02
-1.665513849483134834e+02
-1.735956472736158673e+02
-1.718698976458440200e+02
-1.768201698801357509e+02
1.744278021960361968e+02
1.655432445999451545e+02
1.660922221901452929e+02
-1.783634229583832678e+02
-1.775940294833546886e+02
1.672344342189413737e+02
-1.660790396350792548e+02
-1.709285024228228451e+02
1.708237966596238664e+02
1.734678633121475571e+02
1.800000000000000000e+02
1.736598082540901089e+02
1.772736890060937469e+02
1.642075964711427218e+02
1.729716037610504031e+02
1.725853697090252865e+02
1.685360469843074327e+02
1.740118516242245050e+02
1.760817511359326204e+02
1.800000000000000000e+02
1.792097634975708047e+02
1.746184529478680929e+02
1.722522279638918690e+02
-1.763255004791703584e+02
1.680887845680284158e+02
1.778389205117736367e+02
1.721644748935114535e+02
-1.787078331137500697e+02
1.610418165948938167e+02
1.800000000000000000e+02
-1.790684434019225364e+02
-1.755251034937539032e+02
1.502551187030577751e+02
1.639845603937343412e+02
1.800000000000000000e+02
1.800000000000000000e+02
1.699579763644705110e+02
-9.408561677997488459e+01
1.768697551377809134e+02
1.767295120768164338e+02
1.794543424065842885e+02
1.748055710922652111e+02
-1.766661493384634127e+02
1.755587588105672125e+02
-1.717927835880818463e+02
-1.787078331137500697e+02
1.774922982729337662e+02
-1.746106882400266045e+02
-1.786780243404630255e+02
9.000000000000000000e+01
1.783028438103997360e+02
1.711420412363716537e+02
8.483890196663975303e+01
-1.794093427853533171e+02
9.194148639091439179e+01
1.785056664087334752e+02
-1.787939512207800590e+02
1.682935632708466756e+02
-1.789087837747374010e+02
-1.784377750831576179e+02
9.838324848092935326e+01
-1.794645410144354685e+02
1.800000000000000000e+02
1.696026664775636732e+02
1.771135814561353925e+02
1.800000000000000000e+02
1.754094568143939625e+02
1.793219750892486957e+02
1.800000000000000000e+02
1.782321729441439402e+02
1.378466169158161279e+02
1.790608090542644391e+02
1.800000000000000000e+02
-9.056170533256654664e+01
1.800000000000000000e+02
1.722596588411620928e+02
1.721582967848969474e+02
1.555960283111483875e+02
1.757241588873710612e+02
-1.744278021960361968e+02
-1.686900675259797993e+02
1.539353359217142554e+02
1.795379472785692485e+02
1.729332702835989153e+02
-1.632016282186947080e+02
1.800000000000000000e+02
1.706229393056956383e+02
-1.789769698113321681e+02
1.728749836510982050e+02
-1.775257955318295444e+02
1.800000000000000000e+02
1.676192430711928409e+02
