9.182796824430501204e+01
1.717900985616292928e+02
-1.789723832135583450e+02
1.783788540863465926e+02
8.870393650198288071e+01
-1.690459373566016552e+02
-6.570558371640883522e+00
1.688869594640516993e+02
-1.779726772994997930e+02
-5.328234781979843682e+00
-9.412759170251173657e+01
-1.765317707410828802e+02
1.774362297885350017e+02
1.800000000000000000e+02
9.051384971635414445e+01
1.396582541096755961e+02
-1.784377750831576179e+02
1.765623350076348004e+02
-9.381407483429036631e+01
-8.802506598911803337e+01
-1.779079337205198499e+02
-1.784014629073240314e+02
-1.743176313821449526e+02
-1.783316625517066996e+02
1.736305607938876960e+02
-1.789035639160069877e+02
1.759336812251940216e+02
-1.788655783690230123e+02
1.571803443020172324e+02
1.714692343900518665e+02
9.018909429534376443e+01
1.800000000000000000e+02
9.060628191551734290e+01
8.417365797044422493e+01
-2.652563433759863032e-01
1.704138398446557119e+02
1.617186587970273877e+02
1.793152224929908698e+02
9.181830296445184558e+01
1.782901859558584761e+02
1.778286882090851861e+02
1.560083082860988384e+02
-1.782730122495123624e+02
-1.783939970107177544e+02
-1.793969088056194607e+02
1.339249775375109763e+01
8.943552782469303963e+01
1.765557974853467158e+02
-1.774324026708122233e+02
1.800000000000000000e+02
-1.772736890060937469e+02
8.955238582913945322e+01
1.685378204631044525e+02
-1.713268259521202310e+02
-1.755095480788836824e+02
-1.785607103721175974e+02
2.940718906073365346e+01
1.735301800148268114e+02
-1.768830114008798375e+02
-1.495344550805401411e+02
-1.746990734834743080e+02
-1.792686042469024699e+02
1.742321111020858666e+02
-1.746441749571448270e+02
-1.743775993729102822e+02
1.757858214772659551e+02
1.601516539811031521e+02
-1.765960829595702819e+02
1.745018372750190281e+02
1.788188110866733780e+02
1.730470425318260936e+02
-1.702175929681927187e+02
1.525344999059206827e+02
7.557922687248901639e+01
-1.715288553669851694e+02
-1.775529513576763918e+02
-1.770711418003069184e+02
-1.785121324711722366e+02
-1.785820771685488637e+02
1.773162248405310208e+02
-1.715410875998294387e+02
1.800000000000000000e+02
1.711523215794754265e+02
1.762915718428695584e+02
1.729476939921588041e+02
-1.794815003127093291e+02
1.757531573929765329e+02
1.745731875014271850e+02
-1.760817511359326204e+02
-1.743954609376099540e+02
-1.754367702457621476e+02
-1.553231368296629569e+02
-1.750062560141766141e+02
-9.000000000000000000e+01
-8.670388402745368239e+01
-1.362102941689212230e+02
1.779752349184389573e+02
-1.761120904391669342e+02
1.663209575121723276e+02
-1.785056664087334752e+02
9.454199568026673717e+01
1.733547217897256019e+02
1.313838861038452706e+02
-3.012787504183340292e+00
-1.609274456121446235e+02
-1.681261508976264167e+02
1.441488529857938374e+02
1.613721368235449631e+02
1.787875719100550782e+02
1.721998121158183039e+02
1.793969088056194607e+02
-1.772499148250875862e+02
-1.780908475670036353e+02
1.570785811020912774e+02
-1.745881308476829759e+02
1.800000000000000000e+02
-1.772592094058174439e+02
-1.790906195508008523e+02
-8.833971763101720853e+01
1.741439864145710601e+02
1.800000000000000000e+02
-1.745309050298880891e+02
1.689803172189654674e+02
-1.791001402850956197e+02
-1.692711407019899639e+02
-8.616632346291191880e+01
-1.753567274168811423e+02
1.793969088056194607e+02
1.606258602313424149e+02
1.783070215623710908e+02
-8.325650330426835666e+00
-1.740325654333699390e+02
-1.793969088056194607e+02
1.789139541739936021e+02
-1.697212801958677346e+02
1.776140559696112007e+02
4.484606009544625849e+00
1.767887519818883959e+02
1.742894068625003570e+02
-8.922577983507194688e+01
1.769135107362189103e+02
-1.781720317556950022e+02
-1.790289780689208499e+02
-1.709806775686183187e+02
1.593045492659367142e+02
-1.701975032847547595e+02
1.663527616668559688e+02
1.694481904938077150e+02
-1.782986453946738834e+02
-1.777974018382342081e+02
1.729476939921588041e+02
1.784765352083481673e+02
-1.764064338121347930e+02
-1.696951535312339843e+02
1.791094637466394204e+02
1.622161115573074710e+02
3.378854299298168051e+00
9.334859481445690221e+01
1.773974377975002028e+02
-1.794123715837600344e+02
1.788876003837022211e+02
-1.772865905549666934e+02
-1.787212886929501963e+02
-1.788367937547588724e+02
1.792257798350719327e+02
-1.794270613023165311e+02
1.745731875014271850e+02
9.613440994392392724e+01
-1.707273982227997067e+02
-1.790906195508008523e+02
-1.695400909070708622e+02
1.800000000000000000e+02
-1.732731159509986867e+02
1.619335077024157101e+02
-1.780347394280794902e+02
-1.740850536335689753e+02
2.398421334092505131e+00
-1.721895855964993132e+02
-1.598725113069920383e+02
-1.640190828516050772e+02
1.613163011646495875e+02
1.692395306939719148e+02
1.765015554349778313e+02
-1.780079064270335607e+02
1.725041423602701514e+02
1.644600876303664165e+02
-1.776015786659074820e+02
-1.769872124958166637e+02
-1.754790421004185816e+02
3.366460663429801325e+00
-1.764236656250026556e+02
-1.757946429982914367e+02
-1.784724745577870806e+02
-1.792623268625678179e+02
-1.792115757375598832e+02
-1.709421118713823375e+02
-1.797498016798024594e+02
1.748826851500273563e+02
-1.773709181143613591e+02
-1.781858080909700561e+02
1.698657487126043293e+02
1.672478802497923880e+02
-9.086805144974555049e+01
1.766690826195499540e+02
-1.775889702533887942e+02
1.746308301851692875e+02
1.791185960034178777e+02
1.731572265873690526e+02
-1.758295634751578973e+02
-1.716408466349861328e+02
1.782376089763394873e+02
1.797205106094552605e+02
8.753424100500224370e+01
1.800000000000000000e+02
-1.794123715837600344e+02
1.752594894261088427e+02
1.797787818733351344e+02
-1.791491351352697166e+02
1.788821754176138938e+02
1.791094637466394204e+02
-3.641185257901341732e+00
-1.726865113719683507e+02
-1.783235289531932608e+02
-1.758724082974882776e+02
1.797091609776494749e+02
1.800000000000000000e+02
1.731475302294462324e+02
1.435799127753801088e+02
1.765317707410828802e+02
1.744470289669631882e+02
-3.330917380450052256e+00
-1.199736238121378529e+00
-1.792428311349414685e+02
9.119348942398204372e+01
-1.671095193702486199e+02
9.419219362787531225e+01
1.800000000000000000e+02
-1.797163598442421915e+02
1.761493611760892577e+02
8.127515313062552593e+01
-1.775804907833436630e+02
-9.000000000000000000e+01
2.792702365713283008e+00
-8.793352301435577090e+01
-1.753436536511039492e+02
-1.774995894356231361e+02
9.058463052070518984e+01
-4.028263666485140782e+00
-1.793233096597206782e+02
-1.708282709698340511e+02
-2.864765102770744920e-01
1.778900571518667562e+02
1.800000000000000000e+02
-1.780443186024771194e+02
1.789488192504562676e+02
1.739153061347312530e+02
1.763670492605118056e+02
1.727630779740320008e+02
1.702894307339865350e+02
-1.763861192479963620e+02
-1.724969126089503959e+02
-1.742290637784256546e+02
-1.685815529218008919e+02
-1.777867718236041981e+02
1.742646356666753604e+02
-1.761859251657096479e+02
1.714108735449305527e+02
-1.716808033505002697e+02
-1.713843518158358847e+02
-1.742321111020858666e+02
-1.756210313922476018e+02
-1.797177570637291524e+02
1.800000000000000000e+02
1.725562835908829697e+02
-1.772736890060937469e+02
-1.614764951741580603e+02
1.786800543060782331e+02
1.681579238846722433e+02
-1.783634229583832678e+02
-1.751611011990767111e+02
-1.597060262724231734e+02
-1.748911126523464361e+02
1.783397176310171801e+02
-1.667594800848128216e+02
-9.816980836270829514e+01
-1.765236872507988721e+02
-1.014657682987611480e+02
1.665513849483134834e+02
-1.797000248376961054e+02
-1.761214754971522893e+02
1.800000000000000000e+02
-4.596807529709468376e+00
-1.772475145997313177e+02
1.800000000000000000e+02
1.800000000000000000e+02
1.454322106465926083e+02
1.756457789369304123e+02
-1.777207739785733054e+02
-1.726656211985833238e+02
1.791574757392596098e+02
-1.794212744343922452e+02
1.670053832080834866e+02
-1.786980473274211363e+02
-8.818580809097004192e+01
-1.698018991543766276e+02
-1.743176313821449526e+02
-5.651494881497646006e+00
1.748315320236617083e+02
-1.712977762100532004e+02
-1.716674399036258194e+02
-1.764064338121347930e+02
1.710724704080719221e+02
-1.580394359799035158e+02
-1.773301102379923861e+02
-1.712538377374447975e+02
1.598984160218352599e+02
9.027545835613524616e+01
-1.642638645985410619e+02
1.768519039004372644e+02
-1.777093899573614806e+02
1.719079174010553857e+02
1.800000000000000000e+02
-1.753520293086129698e+02
-1.741984131123529949e+02
