-1.185260818622396739e+00
-1.165650511770779900e+02
-9.054565759341572573e+01
-1.670472354866244871e+02
1.718019311539837020e+02
-1.751469036130076233e+02
-1.785311992856141785e+02
-1.741932730944684238e+02
-1.869898280418112080e+01
1.699309373011105606e+02
-1.785797344536009632e+02
-1.697289962795209419e+02
-1.770390638658362548e+02
-1.726942404666891662e+02
1.652345768900714518e+02
-5.617053325665469776e-01
-1.099325365619395285e+02
-1.579993016494594258e+02
-1.726809806244095853e+02
-1.678686789333675051e+02
-1.645286718344798658e+02
-1.785679038158353649e+02
1.767877902398907679e+02
1.590442232693678193e+02
1.734373014910625557e+02
-1.593863711018013873e+02
-1.791696845137419984e+02
1.586705384847204812e+02
1.789087837747374010e+02
-1.772297842027998058e+02
-1.766335393365701805e+02
-1.753331416285610089e+02
-5.411869152317029474e+00
-1.726139568487327551e+02
-1.695483670560113296e+02
-1.769872124958166637e+02
1.800000000000000000e+02
-1.563368592918056663e+02
1.701120111844222151e+02
-8.354118362128134834e+01
1.197613244420335477e+01
-1.665430637692332994e+01
1.762570117043128732e+02
1.677842808658691354e+02
1.007131230227910379e+02
-1.746854543300552507e+02
-1.785797344536009632e+02
1.499057585235549936e+02
1.791815445383113854e+02
1.519598470220650483e+02
-1.941486390914377358e+00
9.861564818416411526e+01
-1.765317707410828802e+02
1.773245733439708545e+02
-1.733792239176850103e+02
-1.395905431856060375e+02
-1.778789036033385571e+02
-1.778590986336768935e+02
1.754120218759275076e+02
-1.656772800217964630e+02
1.580175617968813810e+02
-1.795303729803103465e+02
1.741554341226131442e+02
-1.746232945719492875e+02
-1.789708451956940394e+02
-1.627282574223191318e+02
1.734678633121475571e+02
1.652564371635292844e+02
3.301865674435003228e+00
-1.746742593752322819e+02
1.697488012491825771e+02
1.709492783228162693e+02
1.761859251657096479e+02
1.591022345011611492e+02
-7.156505117707799002e+01
1.640546040990771246e+02
-1.755153939904553795e+02
-8.201988625483147644e+01
-1.654464272092874637e+02
1.778944858111439657e+02
-1.516207569138920519e+02
1.791696845137419984e+02
-1.757241588873710612e+02
1.800000000000000000e+02
-1.722348339815746670e+02
1.706184898392517653e+02
-1.641288213885430025e+02
1.739275435927923183e+02
1.652308014697083820e+02
-1.781282550347112590e+02
-1.766114430092764849e+02
1.750302592718896904e+02
-1.758487147335783334e+02
-1.797284580543154675e+02
-1.762482709294740459e+02
1.800000000000000000e+02
1.753800765183395924e+02
-1.735956472736158673e+02
-1.731909498203866065e+02
-1.754057466687335989e+02
-1.766335393365701805e+02
1.774169793313649279e+02
1.726476206401076468e+02
-1.707273982227997067e+02
1.773974377975002028e+02
-1.795264919412650784e+02
-1.602405292647868009e+02
-1.736929080652623441e+02
-1.786251652194305848e+02
1.722348339815746670e+02
-1.777760387596145506e+02
-1.789087837747374010e+02
1.686900675259797993e+02
1.730727818739908344e+02
-1.748055710922652111e+02
1.641342921972261877e+02
-1.756384273549794273e+02
1.681663546938393381e+02
1.536989828041811279e+02
-1.795379472785692485e+02
1.759432621387051370e+02
-1.780780440410685799e+02
1.775889702533887942e+02
-1.732278400338864515e+02
3.483271468997669817e+00
1.800000000000000000e+02
-1.743907255535542049e+02
1.760275040592493383e+02
-1.778944858111439657e+02
-1.788982938847936452e+02
1.763086140135487199e+02
-1.794838357702351743e+02
1.794838357702351743e+02
9.168468431789629847e+01
1.604268741695898086e+02
1.744006606634794423e+02
1.634429286243633612e+02
-1.720025265281961708e+02
1.770643265535788373e+02
-1.460035408517495341e+02
1.571094483437516942e+02
-1.763861192479963620e+02
1.547988763545249356e+02
1.764604408314500574e+02
-1.677116768367246777e+02
-1.731402399944742001e+02
-1.684533094540726950e+02
1.754462320208413644e+02
-1.568685791853725391e+02
-1.717927835880818463e+02
-1.717732775358918502e+02
-1.770492208909936664e+02
-9.058463052070518984e+01
-1.723422903062861451e+02
-1.717405620201211889e+02
-5.647552675142304679e+01
1.791048262897889458e+02
1.581985905136481847e+02
-1.713393963291702278e+02
1.794437477729193233e+02
-1.762686030008395619e+02
1.800000000000000000e+02
-1.775104470780008512e+02
-8.448852258397938897e+01
1.728749836510982050e+02
-1.670472354866244871e+02
7.834970056246234549e+01
1.703519546839018517e+02
-1.771936297482117766e+02
-1.793259631020155211e+02
1.740599627476993589e+02
1.796128722458490472e+02
-1.760548137709624541e+02
1.791987126698930126e+02
-1.760817511359326204e+02
-3.743160297841056661e+01
1.680091650209607508e+02
-1.676994611210019173e+02
-1.689062769884421584e+02
-1.735064746874607238e+02
1.758818102960112242e+02
-1.682317110679793473e+02
1.756012946450044865e+02
1.800000000000000000e+02
-1.782642954110716289e+02
-9.214090136632310646e+01
-1.694084722520286448e+02
-1.712538377374447975e+02
-1.740531369460264841e+02
1.791815445383113854e+02
-1.641098555568910911e+02
1.765317707410828802e+02
-1.739699911917185489e+02
-1.630948419013643615e+02
9.177146974003407820e+01
1.778470372108995434e+02
-2.121096396661453554e+00
1.747528610983835620e+02
1.800000000000000000e+02
-1.683843298755338367e+02
-1.690459373566016552e+02
-1.793969088056194607e+02
-1.725685920288274815e+02
-1.734537092167059882e+02
-1.746990734834743080e+02
-1.765663696375494851e+02
1.800000000000000000e+02
-1.675350671579350319e+02
-1.791696845137419984e+02
-1.751261035777952486e+02
1.800000000000000000e+02
-3.494566440000565422e+01
1.759858243045889594e+02
-1.659637565320735177e+02
-1.747528610983835620e+02
8.708916217383224989e+01
-1.639741325515502410e+02
1.783316625517066996e+02
1.550452494254210194e+02
-1.711870983622555968e+02
1.644454287299255952e+02
1.800000000000000000e+02
-1.763086140135487199e+02
1.786980473274211363e+02
-9.640435272638413267e+01
-1.096519668513791324e+01
1.778944858111439657e+02
-1.745881308476829759e+02
-1.777542574341049146e+02
-1.645286718344798658e+02
1.692986492761008606e+02
1.674170375059230764e+02
1.703401069215576911e+02
-1.771135814561353925e+02
-1.703401069215576911e+02
-1.689704687760195441e+02
-2.028255908891660653e+01
1.712188372656145532e+02
-1.766335393365701805e+02
1.760424468858721525e+02
-7.046334506187160684e+01
-1.795724274931666002e+02
-1.786521127198014085e+02
-9.283552805261345853e+00
-5.194428907734805811e+00
-1.749461739499356554e+02
-1.734704640011527488e+02
-1.656772800217964630e+02
1.800000000000000000e+02
-1.785311992856141785e+02
1.628014587799341371e+02
-1.729987324425046609e+02
-1.661088088285451363e+02
-1.716009053521475494e+02
-1.704010969314581985e+02
1.706279072914209110e+02
-1.775736641683976416e+02
-1.745962086397503015e+02
1.763588147420986729e+02
1.800000000000000000e+02
1.777093899573614806e+02
-3.171513351509781131e+01
-1.571094483437516942e+02
1.715524727520915462e+02
1.677748773242642528e+02
1.800000000000000000e+02
-1.715288553669851694e+02
-1.688400561349672557e+02
-1.760174794281709865e+02
1.780908475670036353e+02
-1.783348939418963255e+02
1.788766972859245641e+02
9.215296278910047079e+01
-1.787724211678654456e+02
1.750497277657082407e+02
1.735260440313277002e+02
-1.756839724801344005e+02
-1.712825430354003515e+02
1.800000000000000000e+02
-1.701541776321474231e+02
1.800000000000000000e+02
-1.696513159120045202e+02
-1.772519118199462582e+02
1.772993706626047299e+02
1.758724082974882776e+02
-1.711702553320909317e+02
-1.780585136090856224e+02
1.714912966837297006e+02
6.907549825507882701e+01
1.733255309528824455e+02
-1.564051794301185225e+02
-1.790759546472272916e+02
-9.984113175963439346e+01
9.252611691161955321e+01
-8.476252393318748091e+01
1.729373973295842291e+02
-1.720928372970415410e+02
1.593045492659367142e+02
-9.357633437499735862e+01
-1.769872124958166637e+02
-1.152920211570212956e+02
-1.789583733239900312e+02
1.795017883873863695e+02
-1.705376777919743745e+02
1.675350671579350319e+02
1.728749836510982050e+02
-1.536417918936993487e+02
1.790906195508008523e+02
1.775633517531898633e+02
-1.272435568542236872e+01
-1.618869341924767298e+02
6.911227119024681009e+00
-1.732243438306010148e+02
1.747581800530204532e+02
1.759998142394869092e+02
-1.737807703112088404e+02
-1.763915311474336534e+02
1.800000000000000000e+02
1.589624889745781786e+02
-1.784518423010220545e+02
1.800000000000000000e+02
-1.539045758426116777e+02
-1.770133630095248520e+02
-1.602157212959905905e+02
