1.656772800217964630e+02
-1.795523858291394674e+02
-1.679885216136345605e+02
1.700419294015390221e+02
1.796180337952709749e+02
1.800000000000000000e+02
1.766002858408767509e+02
-1.789860212772147179e+02
1.776909372109743117e+02
1.464587523458772012e+02
-1.706979452887011917e+02
-1.770185387800177921e+02
1.777760387596145506e+02
-1.675175106150455235e+02
-1.659637565320735177e+02
1.787897058310787770e+02
-1.794031905487708229e+02
1.649695694765667326e+02
-1.759555144258189046e+02
-1.636441828989827627e+02
-1.611567746230529963e+02
-1.782642954110716289e+02
8.097238704928490449e+01
-1.728065299447044652e+02
1.657354877019201069e+02
-1.619478680607598449e+02
-1.759555144258189046e+02
1.800000000000000000e+02
8.170285503016313555e+01
-1.647919608093646673e+02
1.769059419410828866e+02
1.735340679010604674e+02
-1.563368592918056663e+02
-1.719509382983254966e+02
1.709334972601838274e+02
1.782537183797143712e+02
1.749941674470489090e+02
1.531991650530454194e+02
-1.692711407019899639e+02
-1.646115321672410232e+02
1.479946167919165134e+02
1.598765489222570295e+02
1.703519546839018517e+02
1.737131066382635254e+02
1.800000000000000000e+02
1.674245345002555894e+02
8.068291393087378083e+01
1.753645365730973538e+02
-1.715183942059706510e+02
1.703854307290990278e+02
-1.704508660712640733e+02
-1.753893506813394083e+02
-1.484652080948117145e+02
1.773735943617092516e+02
-1.693507803407550796e+02
-1.618340434707744748e+02
-1.778983456723287304e+02
1.555560452195834671e+02
1.700872485532761686e+02
-1.744173942434689195e+02
1.742321111020858666e+02
1.725930878715047641e+02
1.585371140752802148e+02
1.749575489308290912e+02
-1.632101696288152652e+02
1.800000000000000000e+02
1.722522279638918690e+02
-1.655297058999341289e+02
-1.587671077045815764e+02
1.716456491646203233e+02
1.785311992856141785e+02
-1.748055710922652111e+02
1.800000000000000000e+02
-1.579195548324666447e+02
-1.687893668711233488e+02
-1.752852454812950498e+02
-1.772993706626047299e+02
1.745794047162376614e+02
-1.700493733120484023e+02
1.694949361300826638e+02
-1.777093899573614806e+02
-1.275348091438785900e+02
-1.776386253418243939e+02
1.769552215558060198e+02
1.610123759121298406e+02
1.712147012821154135e+02
1.506728205095432145e+02
-1.635231186063120390e+02
-7.999202019855866297e+01
-8.018069936124210528e+01
-1.767979794166778618e+02
-1.655640250210248041e+02
-1.728194645022798284e+02
1.629371428265386328e+02
-1.293594505678431972e+02
-1.775257955318295444e+02
1.729373973295842291e+02
-1.710760115563685986e+02
-1.743405181598375293e+02
1.717976457553744183e+02
1.649136459915348780e+02
-1.763588147420986729e+02
6.645996073048570452e+01
-1.551858030094648484e+02
-1.719297678220819137e+02
1.731025724422482597e+02
1.737843641002973527e+02
1.664901960467186086e+02
1.790906195508008523e+02
1.709806775686183187e+02
1.687626461671118960e+01
-1.646991544275500132e+02
1.437147328748611699e+02
1.770643265535788373e+02
1.762915718428695584e+02
-1.609743939624313214e+02
1.677352262721076102e+02
-1.744995885297981033e+02
1.750106374303578036e+02
-1.601231278053967060e+02
-7.418862906986156247e+01
1.681517337615855752e+02
1.738060950328490435e+02
6.938637110180138734e+01
-9.781529354676688115e+01
1.579128283967716584e+02
1.616861837228464083e+02
1.778389205117736367e+02
-1.612586595548072808e+02
-1.536455941220773980e+02
1.632542494616799047e+02
1.720424747730828585e+02
1.794974183332789721e+02
-1.734801982483430152e+02
-1.692157021324374284e+02
-1.774551956201869132e+02
-1.624991387310471680e+02
-1.786441400238933284e+02
-1.663423574941878655e+02
1.714481697661799444e+02
-1.720303896056786357e+02
3.096375653207352130e+01
-1.750540334528958510e+02
1.245625246488818192e+02
-1.769606004310730896e+02
1.047745502750465789e+02
1.784792303388562402e+02
-1.737741709355742330e+02
-1.708194580423738387e+02
1.716070748126075216e+02
-1.666255595351288719e+02
1.795878072585976781e+02
-1.766086605802036615e+02
1.647919608093646673e+02
1.512738693346956325e+02
1.768697551377809134e+02
1.800000000000000000e+02
1.591209831194425988e+02
1.615650511770780042e+02
1.788655783690230123e+02
1.703802722003011638e+02
-1.738844964337145882e+02
-1.770185387800177921e+02
1.588387401831717227e+02
1.746184529478680929e+02
-1.795755945806385228e+02
1.800000000000000000e+02
-1.742417398356332399e+02
-1.727468053872746623e+02
-1.712538377374447975e+02
1.219447527762034156e+02
1.714692343900518665e+02
-1.721168606832702608e+02
1.775973905310139571e+02
-1.715910882673993001e+02
-1.671249984403875146e+02
7.769198418257208516e+01
-1.652849283494022075e+02
1.768420552035607329e+02
2.635046124594859407e+01
1.769225446005756339e+02
1.589967772885657382e+02
-1.786468080462203147e+02
-1.753800765183395924e+02
-1.455816355209437916e+02
-1.637397952916880683e+02
1.645778386812613405e+02
9.000000000000000000e+01
1.788065105760179847e+02
-1.540811144289535832e+02
-1.787939512207800590e+02
-1.448513273428080765e+02
1.697431801583036304e+02
-1.785558744690641788e+02
-1.729834982552770839e+02
-8.861408214918782278e+01
1.586293777306568131e+02
1.751920460369695434e+02
-1.734180553448219939e+02
1.667920715372208917e+02
1.600168934781000303e+02
-1.098171525196189862e+02
1.789860212772147179e+02
1.707465949317685840e+02
-1.709723870492849187e+02
1.715288553669851694e+02
1.770535526199876699e+02
-1.721847064532331331e+02
1.644501958302984121e+02
-1.768778695378842940e+02
6.072456407207700302e+00
1.739382112112713799e+02
1.390856167799748846e+02
-1.726139568487327551e+02
-1.769644308749444406e+02
-1.729476939921588041e+02
-1.464639530156925673e+02
1.693302171955033089e+02
-1.728749836510982050e+02
1.744546826911379753e+02
1.608747739792129323e+02
1.683106308245608318e+02
-1.013099324740202150e+02
1.303417458903244039e+02
-1.627765638088685307e+02
-1.794594898128693501e+02
-1.674245345002555894e+02
-1.730470425318260936e+02
-1.733547217897256019e+02
-1.631416012322617348e+02
-1.485704343851614908e+02
1.528918771291982353e+02
1.753331416285610089e+02
1.599739109058834003e+02
1.708376529542782976e+02
-1.602673105003389935e+02
1.684861688155129968e+02
-1.689964591482504943e+02
-1.485704343851614908e+02
1.685110187978407907e+02
-1.604633450618716211e+02
1.675350671579350319e+02
-1.679885216136345605e+02
1.700636100565716617e+02
3.310941514611443370e+00
-1.629371428265386328e+02
-1.158209919741892833e+02
1.776140559696112007e+02
1.519598470220650483e+02
1.769059419410828866e+02
7.779953127261921964e+01
-1.280470425318260652e+02
-1.674711922908484780e+02
-1.651735200296443224e+02
-1.516992442339936247e+02
1.777093899573614806e+02
1.675604379811534557e+02
1.709097230791776667e+02
-1.634742036100743690e+02
1.689590598196762699e+02
-1.571663458220824623e+02
1.538118893025191483e+02
1.800000000000000000e+02
1.730887728809753412e+02
1.724761795613613629e+02
-1.686900675259797993e+02
-1.529959092972403596e+02
1.049950791291759913e+02
-1.486900496174655188e+02
-1.101517470342118798e+02
5.405788812861766246e+01
-1.782285302599659360e+02
-1.669208762199332057e+02
-1.514768813936879610e+02
1.691498953702026142e+02
1.676919841825720709e+02
9.559933933652057192e+01
-1.773775985394589156e+02
-6.100404048588161032e+01
1.731765376009664692e+02
-1.769266674889266540e+02
1.663609479476279489e+02
-1.778789036033385571e+02
-1.755587588105672125e+02
-1.303417458903244039e+02
-1.712977762100532004e+02
1.713986151412851200e+02
1.791449026037332999e+02
-7.453878225955809000e+01
1.800000000000000000e+02
-1.766335393365701805e+02
1.788308606720925980e+02
-1.749709264182145603e+02
1.776140559696112007e+02
1.661849746587383834e+02
7.639026810418781110e+01
-1.702333206042273162e+02
-1.615650511770780042e+02
1.722079219217815762e+02
1.800000000000000000e+02
1.783634229583832678e+02
-1.615650511770780042e+02
1.780079064270335607e+02
-1.421772458508550301e+02
1.350000000000000000e+02
1.587494944928667735e+02
1.757636052009411856e+02
1.744724598483438456e+02
-1.735583999006649663e+02
1.706075506591810722e+02
1.780079064270335607e+02
8.158765470957315813e+01
-1.752363583092738111e+02
-1.725930878715047641e+02
-1.666075022462489130e+02
1.745962086397503015e+02
1.764552335444051323e+02
-1.754260787400991433e+02
-1.796075692906591428e+02
1.760275040592493383e+02
-1.754752315271658176e+02
1.691359400779122950e+02
9.052085637450196032e+01
-1.683312259996310445e+02
