-1.708237966596238664e+02
1.015466905459273192e+02
-1.709723870492849187e+02
1.772736890060937469e+02
1.800000000000000000e+02
-1.782816419983445542e+02
-1.788876003837022211e+02
1.800000000000000000e+02
1.615650511770780042e+02
9.000000000000000000e+01
1.757636052009411856e+02
8.335472178972557344e+01
1.747187593715548815e+02
-1.764236656250026556e+02
1.668367675103005183e+02
-1.794093427853533171e+02
-1.777093899573614806e+02
-1.668659776936036963e+02
1.672756443145776473e+02
1.795185341941616457e+02
1.626720782227587847e+02
1.768201698801357509e+02
1.634018956071389539e+02
1.718698976458440200e+02
1.563998101320822229e+02
-1.753800765183395924e+02
-1.730887728809753412e+02
1.744546826911379753e+02
-1.610609957397599317e+02
-1.733386983602298415e+02
-1.748768344628718694e+02
1.620874906140367386e+02
-1.726942404666891662e+02
1.764552335444051323e+02
9.000000000000000000e+01
-1.740531369460264841e+02
-1.785558744690641788e+02
-1.606258602313424149e+02
1.757411538778296460e+02
1.775889702533887942e+02
1.639888225211915369e+02
1.374540316745270729e+02
1.800000000000000000e+02
-1.733255309528824455e+02
1.718698976458440200e+02
-1.776862775021757841e+02
1.737655199044587846e+02
1.683497005624623455e+02
1.041626676009974162e+00
1.800000000000000000e+02
-1.788766972859245641e+02
-8.527201218115779113e+01
8.949741833327897211e+01
9.119348942398204372e+01
1.626130278230844795e+02
-1.749575489308290912e+02
1.739275435927923183e+02
1.800000000000000000e+02
-1.750882118274940069e+02
-1.714912966837297006e+02
1.800000000000000000e+02
1.641198612229247260e+02
1.786468080462203147e+02
-1.786140821491877944e+02
-8.906080905426442484e+01
1.744587952219601448e+02
1.624075754378184229e+02
1.721644748935114535e+02
1.729476939921588041e+02
-1.778590986336768935e+02
1.781373790506933403e+02
1.765577847141026382e+02
1.788426669318704967e+02
1.770792784789996119e+02
1.800000000000000000e+02
-1.791384742654327624e+02
1.761120904391669342e+02
1.680848529287349606e+02
1.637798063043971979e+02
1.774922982729337662e+02
1.800000000000000000e+02
1.704508660712640733e+02
1.763588147420986729e+02
-1.759143832200251154e+02
-8.531410016049730416e+01
-1.779726772994997930e+02
-1.699579763644705110e+02
-1.028750015596124854e+02
1.787897058310787770e+02
1.765317707410828802e+02
-1.790977788384698499e+02
1.684951846737411927e+02
1.740428688852917958e+02
-1.700181707122668513e+02
-1.762570117043128732e+02
-1.699579763644705110e+02
8.940934278535333135e+01
-1.724385715723330463e+02
-1.714954207591212025e+02
-1.720106732336031143e+02
1.746441749571448270e+02
1.772550441061618756e+02
-1.770792784789996119e+02
9.936650995701212707e+01
1.696026664775636732e+02
1.775633517531898633e+02
-1.672212668115939778e+02
1.741439864145710601e+02
-1.782986453946738834e+02
1.772072976342867037e+02
1.724053566314085799e+02
-1.770133630095248520e+02
-9.103224469156573662e+01
-1.742373671134015467e+02
1.652032377549426769e+02
-1.704667672099699871e+02
1.699309373011105606e+02
-1.745076754428725678e+02
-9.472445169717087765e+01
1.765466837494689116e+02
1.754711757630674640e+02
1.712538377374447975e+02
1.776386253418243939e+02
1.608910142790934970e+02
1.708194580423738387e+02
9.236624799145579345e+01
-1.781671604940579527e+02
1.800000000000000000e+02
-1.702382252249577448e+02
5.617053325665469776e-01
-1.789860212772147179e+02
1.795144541699918648e+02
1.716456491646203233e+02
-1.782642954110716289e+02
1.643806078612892350e+02
1.800000000000000000e+02
1.685934474160276011e+02
1.724385715723330463e+02
-9.646981998517317436e+01
-1.724673985990526432e+02
1.730887728809753412e+02
1.788982938847936452e+02
1.769552215558060198e+02
-1.771975484801332072e+02
1.787939512207800590e+02
-1.758023316428390785e+02
1.800000000000000000e+02
1.731025724422482597e+02
1.800000000000000000e+02
-1.751009075462122553e+02
-1.790530485532265459e+02
1.782285302599659360e+02
-1.740428688852917958e+02
-1.696111421845303937e+02
-1.738448316567260008e+02
1.800000000000000000e+02
1.716341138759674152e+02
-1.743753719585540978e+02
1.508025139539355450e+02
1.761120904391669342e+02
-1.748479182977937967e+02
-1.733951645032460362e+02
1.800000000000000000e+02
-1.760206175473217911e+02
-1.780419325707659652e+02
1.760206175473217911e+02
1.800000000000000000e+02
1.727468053872746623e+02
-1.770643265535788373e+02
1.800000000000000000e+02
1.740938588862294978e+02
-1.732670786731404178e+02
-1.775318820861714642e+02
1.762686030008395619e+02
-1.773974377975002028e+02
-1.730887728809753412e+02
-1.775633517531898633e+02
1.756749395652615249e+02
-1.795185341941616457e+02
-1.728749836510982050e+02
4.533902432445145081e+01
-1.791815445383113854e+02
1.800000000000000000e+02
-1.701120111844222151e+02
-1.788065105760179847e+02
1.753520293086129698e+02
1.763861192479963620e+02
1.728065299447044652e+02
1.746106882400266045e+02
-1.617273617330147033e+02
-1.719829069263446684e+02
6.963468526488045818e+00
-1.710760115563685986e+02
1.752690613762207761e+02
-1.715449723228225309e+02
-1.783251620094708016e+02
-1.715387118574286376e+02
-1.723758074955481732e+02
-1.714444417565871106e+02
1.575205656028968804e+02
1.761859251657096479e+02
-1.735064746874607238e+02
1.718698976458440200e+02
1.739667469937992905e+02
1.750062560141766141e+02
-1.766050764578817507e+02
-1.723666694127686867e+02
-8.635881474209865871e+01
-1.593818118768955117e+02
1.763915311474336534e+02
-1.787635923971438672e+02
1.714247673601647932e+02
-1.725685920288274815e+02
-1.749427514674408712e+02
1.638426601354120749e+02
-1.778389205117736367e+02
1.690459373566016552e+02
1.783750236424752416e+02
-9.000000000000000000e+01
1.740938588862294978e+02
1.776140559696112007e+02
-1.792042764472607246e+02
-1.767602997038978856e+02
-1.707760777178946796e+02
-8.886557836902299812e+01
-1.796279547127967078e+02
-1.785797344536009632e+02
1.721116505551121350e+02
1.800000000000000000e+02
-1.792747757009407508e+02
-1.695483670560113296e+02
1.800000000000000000e+02
-9.600900595749452293e+01
-1.748414482193939534e+02
-1.593474160688864458e+02
1.724053566314085799e+02
1.561398248086576643e+02
1.788542371618248978e+02
1.763861192479963620e+02
-1.757636052009411856e+02
1.701541776321474231e+02
-1.734633663512029216e+02
-9.303939956892692464e+01
-1.764834525036645516e+02
-1.722596588411620928e+02
-1.758295634751578973e+02
-1.759143832200251154e+02
1.736598082540901089e+02
1.627185016281833612e+02
-1.687940524925974444e+02
1.759464457681685872e+02
1.800000000000000000e+02
1.800000000000000000e+02
1.716213274937844346e+02
-1.681356095487188895e+02
1.704508660712640733e+02
-1.733547217897256019e+02
1.737365093856654426e+02
-1.782816419983445542e+02
1.800000000000000000e+02
-1.728749836510982050e+02
-1.783476953223486987e+02
-1.789291755452130417e+02
-1.750540334528958510e+02
-1.795185341941616457e+02
-1.731572265873690526e+02
-1.785558744690641788e+02
-1.716625555611532832e+02
-1.712094568171860658e+02
-1.677748773242642528e+02
-1.774551956201869132e+02
-1.544400348281762092e+02
-1.775940294833546886e+02
1.795379472785692485e+02
1.782986453946738834e+02
-1.788766972859245641e+02
1.769059419410828866e+02
1.766580561427388716e+02
-7.418862906986156247e+01
-1.769059419410828866e+02
1.698949636349620391e+02
1.772475145997313177e+02
1.783977386537290215e+02
1.706334900429878871e+02
1.720565281894095904e+02
-1.678377964803181612e+02
-1.768778695378842940e+02
-1.635513918729601812e+02
-9.735237935989236746e+01
1.776531257075127144e+02
-1.785497837090665598e+02
-1.795787150958314271e+02
1.733951645032460362e+02
1.741810290986054213e+02
-1.751920460369695434e+02
1.737580856525849526e+02
-1.711982916767921949e+02
1.791512357284464088e+02
1.710505419157911149e+02
1.651865358811953399e+02
-1.737741709355742330e+02
1.756347422649720613e+02
9.000000000000000000e+01
1.800000000000000000e+02
-1.729296551798424275e+02
-1.786028189727036306e+02
1.800000000000000000e+02
1.748521151758637018e+02
-1.794543424065842885e+02
1.718698976458440200e+02
-1.763255004791703584e+02
1.746232945719492875e+02
1.064921965924494351e+01
-1.687893668711233488e+02
1.800000000000000000e+02
1.794791436254980397e+02
1.610609957397599317e+02
1.784198275271999989e+02
-1.787363274483417399e+02
1.520205256115198438e+02
-1.756012946450044865e+02
-1.683312259996310445e+02
1.645965750375303855e+02
-1.733674853848615385e+02
