1.732006785580415169e+02
1.772736890060937469e+02
1.786921043983362267e+02
1.751095979419461628e+02
1.779854012121294318e+02
-1.745337949612642774e+02
1.796984460501317358e+02
1.752363583092738111e+02
-1.791352237177090387e+02
1.800000000000000000e+02
1.770574795436313877e+02
1.704919143995390698e+02
1.721003083857347633e+02
1.790122396003601750e+02
1.787491991852345734e+02
1.130851336728082828e+02
1.782376089763394873e+02
1.785436413656603065e+02
1.800000000000000000e+02
-1.765526131481348102e+02
1.779865245046090081e+02
-1.707600981790209005e+02
1.769872124958166637e+02
1.800000000000000000e+02
1.800000000000000000e+02
1.779299693469588988e+02
9.056447217530697458e+01
-1.721565789250493879e+02
-1.757041594887284930e+02
1.800000000000000000e+02
1.750497277657082407e+02
-1.781221225527146430e+02
1.787600252336873154e+02
1.785534443134260982e+02
-1.723160181702660338e+02
1.788126926842711839e+02
1.784448404949328619e+02
-1.708988757147648698e+02
1.732338251774469313e+02
1.720451135507493632e+02
1.797395664321866207e+02
1.777542574341049146e+02
1.783082114317355149e+02
1.766335393365701805e+02
1.754487387268603698e+02
9.326203347739675564e+01
1.800000000000000000e+02
8.779740183823419386e+01
1.800000000000000000e+02
1.782642954110716289e+02
1.797829715701199405e+02
-1.748750766540209440e+02
-1.781438419525511279e+02
-1.759757715317273039e+02
-1.792361015390700345e+02
-1.769285378829296178e+02
-1.774983771857182262e+02
1.739909940425054629e+02
-1.739594348171027320e+02
1.712977762100532004e+02
1.790954049662673242e+02
-1.771915151226540104e+02
-1.751469036130076233e+02
1.794437477729193233e+02
1.800000000000000000e+02
-1.783700721146158514e+02
-1.773615081745888062e+02
1.771375947738882530e+02
1.727311150783524738e+02
-1.797149487224161817e+02
1.730977788192087701e+02
1.783864610671188018e+02
1.701033280323308929e+02
-1.747793487693760994e+02
-1.763477772196936826e+02
-1.770891621738322499e+02
-1.785607103721175974e+02
-1.783476953223486987e+02
-1.795039450396047584e+02
1.800000000000000000e+02
1.789087837747374010e+02
1.780748162916768536e+02
1.797689698831045177e+02
1.775529513576763918e+02
-1.779954659678941198e+02
1.790684434019225364e+02
1.776507213525198665e+02
1.735504652961577392e+02
-1.741093735837959002e+02
1.782491458134571758e+02
1.784859266393648909e+02
1.763322119444685825e+02
1.766335393365701805e+02
-1.797149487224161817e+02
8.859711846734853680e+01
1.770015328603055593e+02
-1.776745455792247128e+02
-1.780538048829692457e+02
-1.781088452983146340e+02
1.800000000000000000e+02
1.766615294562356553e+02
1.747644103382015714e+02
-1.791185960034178777e+02
1.724605548604907028e+02
1.783431460524775218e+02
1.778490568724839989e+02
9.151407336063510911e+01
1.800000000000000000e+02
-1.797359660187408963e+02
1.724761795613613629e+02
1.723566219285204397e+02
-1.784724745577870806e+02
1.750497277657082407e+02
1.779268498511536052e+02
-1.731463648283497889e+02
1.782986453946738834e+02
1.774500509870398162e+02
-1.791480809350948107e+02
1.794952044314441650e+02
-1.788212408300887830e+02
1.797508894848470788e+02
1.767449786116042389e+02
-1.776015786659074820e+02
1.797530369625737592e+02
1.717872198107141344e+02
-1.767689900996317931e+02
1.776434786542106394e+02
1.678069655244930232e+02
1.721131165952201343e+02
-1.789536180929018485e+02
1.800000000000000000e+02
1.800000000000000000e+02
1.800000000000000000e+02
1.741687335373224244e+02
1.744336678573090467e+02
1.696688951556603229e+02
1.794490960207814396e+02
1.779079337205198499e+02
1.769993385865378457e+02
-1.759350526922573010e+02
1.786980473274211363e+02
-1.791574757392596098e+02
1.744101310401722174e+02
-1.785248981991430526e+02
1.741113912539543662e+02
1.754381920125429986e+02
-1.734801982483430152e+02
1.797487043327910499e+02
1.757321066997091918e+02
-1.785311992856141785e+02
1.733865395176852644e+02
1.800000000000000000e+02
1.724214645251402374e+02
-1.781858080909700561e+02
-1.797163598442421915e+02
1.781692513519745091e+02
1.729945364864877604e+02
1.800000000000000000e+02
1.748572354421157797e+02
1.770436893424963500e+02
1.755843782653622327e+02
1.800000000000000000e+02
1.777320454640941705e+02
-1.713174761187317756e+02
1.789087837747374010e+02
-1.787875719100550782e+02
1.722781741998690279e+02
1.800000000000000000e+02
1.800000000000000000e+02
-8.828653468263418347e+01
-1.721374543778449890e+02
-1.776978917075634001e+02
-1.773301102379923861e+02
-1.782730122495123624e+02
1.758353273481340864e+02
1.797120839334428979e+02
1.747867175952447667e+02
1.785159853243378905e+02
1.187307315728826529e+00
1.776679763183769296e+02
1.761345388301482444e+02
1.754860115419987210e+02
-1.797091609776494749e+02
-1.718272351224455008e+02
1.768830114008798375e+02
-1.769606004310730896e+02
-1.797453537677271527e+02
-1.791048262897889458e+02
-1.778058326474012745e+02
1.800000000000000000e+02
1.759504182967286283e+02
-1.765557974853467158e+02
1.788876003837022211e+02
-1.745852979290443443e+02
1.757411538778296460e+02
1.789860212772147179e+02
1.755205395476497188e+02
1.716257409724009619e+02
1.769872124958166637e+02
1.797297388935058677e+02
-1.779545915111127954e+02
1.789190758133393331e+02
1.797582470907319134e+02
1.705762348383163101e+02
-1.677047335770018606e+02
1.789087837747374010e+02
1.716808033505002697e+02
-1.761120904391669342e+02
-1.783864610671188018e+02
1.752594894261088427e+02
-1.771087304037794468e+02
1.800000000000000000e+02
-1.771798275275515095e+02
1.791615850255978728e+02
2.267954535905834401e+00
-1.797347436566240333e+02
-1.758214310311105351e+02
-1.790330744283557181e+02
-1.794241824067550510e+02
1.779816008332068975e+02
1.769335144988741035e+02
1.788711652033393591e+02
1.779361802715430372e+02
-1.705873705631338453e+02
-1.714391104288353915e+02
1.800000000000000000e+02
1.773162248405310208e+02
-1.782816419983445542e+02
1.776264041977633497e+02
1.792042764472607246e+02
1.765317707410828802e+02
-1.792115757375598832e+02
-1.782642954110716289e+02
-1.735460134096466334e+02
1.794093427853533171e+02
-1.794464348141176231e+02
-1.795360767013739292e+02
-1.732574133932872371e+02
1.692255265115443308e+02
-1.750679125717351496e+02
-1.716674399036258194e+02
1.730977788192087701e+02
1.800000000000000000e+02
-1.743775993729102822e+02
1.800000000000000000e+02
1.790722142255383176e+02
-1.715072709718815247e+02
1.752798630689564447e+02
1.800000000000000000e+02
8.973596601874089629e+01
-1.794767654178158125e+02
-1.782020681430994955e+02
1.719867481558584359e+02
1.785386899091187729e+02
1.754031924702905485e+02
1.779047474353761515e+02
1.789904872173836168e+02
-1.788766972859245641e+02
1.755612836322953001e+02
-1.724385715723330463e+02
-1.781816970355481828e+02
-1.794183369424946193e+02
-1.689803172189654674e+02
1.791001402850956197e+02
1.758972030767579895e+02
1.773369992339328576e+02
1.788248667627606494e+02
1.800000000000000000e+02
1.800000000000000000e+02
1.765167285310023431e+02
1.797395664321866207e+02
1.714547181046991398e+02
1.776015786659074820e+02
1.772499148250875862e+02
1.794123715837600344e+02
1.738370111308844344e+02
1.800000000000000000e+02
1.800000000000000000e+02
1.773226513762578804e+02
1.800000000000000000e+02
1.728395502731088698e+02
1.794861502836458556e+02
-1.793969088056194607e+02
1.776386253418243939e+02
1.793610401010083706e+02
-1.796952380895789361e+02
1.779335230143557567e+02
1.788126926842711839e+02
1.789087837747374010e+02
1.646408963303245798e+02
1.702646261044950506e+02
-1.712538377374447975e+02
-1.704030755818532725e+02
-1.753436536511039492e+02
-1.768778695378842940e+02
-1.789291755452130417e+02
-1.791185960034178777e+02
-1.797245416438647680e+02
1.783153156821037157e+02
1.757946429982914367e+02
1.797551477319556739e+02
-1.699393102046770423e+02
-1.776784694101672812e+02
-1.791776290200018309e+02
-1.734071272924057610e+02
-1.733407927338631964e+02
1.734579618537881345e+02
-1.795123881170750906e+02
-1.708529196151248470e+02
1.800000000000000000e+02
-1.751240137875378196e+02
-1.797297388935058677e+02
-1.722966017233996183e+02
-1.766661493384634127e+02
-1.766785242366539705e+02
-1.675645584974723477e+02
-1.736598082540901089e+02
-1.759350526922573010e+02
-1.773574547059352824e+02
-1.773974377975002028e+02
1.800000000000000000e+02
1.770492208909936664e+02
-1.768361163811192682e+02
-1.778676315634459968e+02
