-1.681500204735197883e+02
-1.681113419603720445e+02
1.760353452771438754e+02
1.512999107168642752e+02
1.800000000000000000e+02
1.750428739303193026e+02
1.769872124958166637e+02
-1.662509510165807001e+02
1.727826208409707931e+02
-1.787939512207800590e+02
-1.769739649169745519e+02
-1.783153156821037157e+02
1.783397176310171801e+02
-1.629398859576473910e+02
1.797218673327036527e+02
-1.780908475670036353e+02
-1.719829069263446684e+02
1.653026807204880981e+02
-1.794464348141176231e+02
1.729881417255249119e+02
-1.791892647807376306e+02
-9.289126959622056745e+01
-1.782100893917539395e+02
-1.597174409110834006e+02
1.785082595646272807e+02
9.205457288092569001e+01
-1.733255309528824455e+02
-1.037971024956775956e+01
-6.625874705617476934e+00
-1.782465951399284450e+02
1.772499148250875862e+02
-1.702657676593456415e+02
1.800000000000000000e+02
1.752775931200842479e+02
1.458935460580372023e+02
-1.708194580423738387e+02
1.769552215558060198e+02
-1.725930878715047641e+02
-1.748750766540209440e+02
1.610378042854106582e+02
1.791696845137419984e+02
-1.794517317636958182e+02
-1.788711652033393591e+02
-1.788126926842711839e+02
-1.711523215794754265e+02
1.769713014216594331e+02
1.773615081745888062e+02
-1.744278021960361968e+02
-8.587240829748827764e+01
1.779335230143557567e+02
1.714163785198860523e+02
-1.686900675259797993e+02
1.800000000000000000e+02
-1.787326010147667432e+02
-1.764649846896040515e+02
1.795878072585976781e+02
-1.786861069755020708e+02
1.800000000000000000e+02
-1.770029574197163242e+02
1.791275428770979943e+02
-1.782986453946738834e+02
-1.764421481338819149e+02
-1.741736579704442534e+02
-1.775762286558864389e+02
-1.762994569448216566e+02
6.191834284842052227e+00
1.800000000000000000e+02
-1.746990734834743080e+02
1.780725041133281081e+02
1.737901738528137514e+02
-1.675531995528535276e+02
-1.444403572449223105e+01
-1.780250659891180192e+02
-1.754139011038291471e+02
-1.746717652180201696e+02
-1.766690826195499540e+02
2.342869280874540294e+01
1.735956472736158673e+02
-1.651243179983612208e+02
-1.743485051185023735e+02
-1.658157057517291832e+02
-1.766335393365701805e+02
-5.426812498572820331e+00
1.767449786116042389e+02
1.627125789716494637e+02
1.800000000000000000e+02
-1.762245341757102040e+02
-1.785159853243378905e+02
-1.780054306987581469e+02
-1.764964683552155691e+02
1.762649226450177480e+02
9.393478205636945688e+01
-1.787939512207800590e+02
-1.677352262721076102e+02
7.466671520694644926e+01
1.757321066997091918e+02
-1.658248579447475208e+02
-1.701588682403656207e+02
-1.747261040426482452e+02
-1.730345815099448998e+02
1.785534443134260982e+02
-1.787269699799433056e+02
-1.736598082540901089e+02
1.791656544244532085e+02
1.737616673103607070e+02
1.758724082974882776e+02
1.759858243045889594e+02
-1.775804907833436630e+02
1.738147450844176660e+02
1.776029714699403996e+02
1.721565789250493879e+02
1.742894068625003570e+02
-1.143723649224035341e+02
-1.762810060268419647e+02
1.794153694792948386e+02
1.794270613023165311e+02
1.607099537808112473e+02
-1.771658889836934918e+02
1.785386899091187729e+02
-1.243092207628773238e+01
-1.734071272924057610e+02
1.782816419983445542e+02
1.734398035994287000e+02
1.748750766540209440e+02
-1.777432060735489472e+02
-1.785311992856141785e+02
-1.785820771685488637e+02
1.748602426210094052e+02
2.039811899462772615e+01
-1.687493185695048794e+02
1.674096170544648601e+02
1.785607103721175974e+02
-1.697458353220958145e+02
1.800000000000000000e+02
1.721260618682743768e+02
1.781720317556950022e+02
-8.678168885240756580e+00
-1.766499236024985464e+02
-1.703401069215576911e+02
1.305930902582532127e+01
-1.758150838748815943e+02
-1.781960048837994179e+02
-1.754367702457621476e+02
-1.675295382783311311e+02
-1.725685920288274815e+02
1.800000000000000000e+02
-1.782100893917539395e+02
-1.777207739785733054e+02
-1.757830571708314267e+02
1.792151753970080961e+02
1.774234281697311530e+02
-1.367130713219583349e+01
-1.661000125879643861e+02
1.770029574197163242e+02
1.761265102756554199e+02
1.717142029760462663e+02
-1.157333068129517306e+00
-1.781816970355481828e+02
1.791185960034178777e+02
-1.757531573929765329e+02
-1.757411538778296460e+02
-1.648459319496874116e+02
1.700441862959922332e+02
-1.794410345191678573e+02
-1.632442510708010275e+02
-1.691359400779122950e+02
-1.794929709390852395e+02
1.800000000000000000e+02
-1.730189425931702090e+02
-1.794327335901420781e+02
-1.729087267446724070e+02
1.783864610671188018e+02
-1.614751049722969753e+02
1.800000000000000000e+02
-1.745381241536860557e+02
1.761539699099526217e+02
1.777093899573614806e+02
1.675024672765595142e+02
-1.715836256121842780e+02
1.701469197958251982e+02
1.909349200048561457e+01
-1.550372101691930027e+02
-1.788002637618786252e+02
-1.781816970355481828e+02
-1.773757799722179413e+02
3.914137218612427027e+00
-1.684078245897089516e+02
1.104163848514239561e+02
1.644614749709679131e+02
-1.756210313922476018e+02
1.745309050298880891e+02
1.736914109974451321e+02
-9.605419189411483671e+01
-1.763537287912431566e+02
1.794382946674334391e+02
8.912309225856935768e+01
1.792151753970080961e+02
1.775633517531898633e+02
-9.941262943686615472e+01
-1.761308154236346013e+02
-1.764909734113834361e+02
1.785534443134260982e+02
-1.771658889836934918e+02
1.766981343255650074e+02
-1.757946429982914367e+02
-1.770015328603055593e+02
1.792527061231739651e+02
1.777093899573614806e+02
-6.902221180791229038e+00
1.708648116405898350e+02
-1.705376777919743745e+02
-1.705858254945175361e+02
-8.571846376492939612e+01
8.578305717083141246e+01
1.638426601354120749e+02
-1.754790421004185816e+02
1.697174649707265814e+02
-1.675039889555625052e+02
-1.770711418003069184e+02
1.715110561194952936e+02
1.697407893475595984e+02
-1.797284580543154675e+02
-1.701906977521209967e+02
-1.751655936937367244e+02
-1.731944195581352233e+02
1.729834982552770839e+02
-1.770940790003466532e+02
1.720565281894095904e+02
-8.913630995540042079e+01
-9.727500495788926571e+01
1.788002637618786252e+02
1.749401311537359049e+02
-1.791449026037332999e+02
1.616489395205216226e+02
1.773162248405310208e+02
1.765834118082286750e+02
1.642488263365469834e+02
-1.784518423010220545e+02
-1.793726990127744330e+02
1.766822188316651818e+02
-1.797245416438647680e+02
-1.797218673327036527e+02
1.659637565320735177e+02
1.779752349184389573e+02
1.800000000000000000e+02
1.709982448774387080e+02
-1.791449026037332999e+02
-1.758935028348295759e+02
1.789139541739936021e+02
1.732429024554941179e+02
-1.765864017252281428e+02
-1.755371815279594898e+02
9.090276920822322637e+00
-1.766932535197574907e+02
-1.664641436308657774e+02
1.786414614619396275e+02
-1.618472941133488519e+02
-1.677748773242642528e+02
1.662806547359783735e+02
1.709097230791776667e+02
9.176239102366052691e+01
-1.739041384554041940e+02
-1.715934901026321313e+02
-1.727792780950431677e+02
-1.797015871800051343e+02
-1.688660007893530235e+02
1.775762286558864389e+02
-8.970158718000512010e+01
-1.755612836322953001e+02
-1.793969088056194607e+02
-1.776991749851906945e+02
-1.790906195508008523e+02
-1.775342410050022579e+02
-5.999338802539502247e-01
-9.825474852338960829e+01
-1.765873206484131401e+02
-1.770492208909936664e+02
1.724436559435605432e+02
-1.141168414554688013e+02
1.714547181046991398e+02
-1.696439737507299981e+02
-9.649934627965457423e+01
1.759555144258189046e+02
-1.590389342654584368e+02
1.765398167710135624e+02
-3.964654722856122859e+00
1.800000000000000000e+02
1.743191091820340546e+02
-1.410135228025677634e+01
-5.142764557884241583e+00
-1.774983771857182262e+02
1.751082278195227389e+02
-1.749868862449641824e+02
9.659893078442335579e+00
1.773120310343964263e+02
-1.738425276604463647e+02
1.800000000000000000e+02
1.749137782903653715e+02
4.500000000000000000e+01
-1.783634229583832678e+02
-1.722223621098706872e+02
-1.712324187554470427e+02
1.681663546938393381e+02
1.730540323792371851e+02
-1.725111007983599336e+02
1.757321066997091918e+02
1.773574547059352824e+02
-1.688079599100419443e+02
1.739219630162527324e+02
-1.754711757630674640e+02
-1.755587588105672125e+02
1.667441275183225002e+02
-1.681536058667805662e+02
-1.483553409629074338e+02
1.800000000000000000e+02
-1.774861897638222672e+02
1.751731412188770491e+02
1.747807354720117701e+02
-1.787869659584134041e+01
-5.937173962125846804e-01
-1.777760387596145506e+02
-1.773574547059352824e+02
1.761663234629119188e+02
1.749401311537359049e+02
