-1.705376777919743745e+02
-1.776304919357447147e+02
1.755770885714496501e+02
-1.734537092167059882e+02
1.606154843206421674e+02
1.688510103035582119e+02
-1.350000000000000000e+02
-1.762786867352502611e+02
1.775529513576763918e+02
1.784825858749878762e+02
1.573801350519595701e+02
-9.410649716517042407e+01
1.603461759419467114e+02
1.627765638088685307e+02
-1.677842808658691354e+02
-1.388140748342903521e+02
1.722596588411620928e+02
1.752852454812950498e+02
1.769471174852075706e+02
-1.698949636349620391e+02
1.421250163489018234e+02
1.431301023541559800e+02
1.414830736928972499e+02
-1.232470677493358551e+02
1.544861295724657566e+02
-1.770492208909936664e+02
-1.346102388046819271e+02
1.703401069215576911e+02
1.759504182967286283e+02
-1.525255683737228765e+02
-1.537541420639965395e+02
1.735169263071027501e+02
-1.714391104288353915e+02
-1.752755483028291223e+02
-1.751864491062934803e+02
-1.641974860460644834e+02
-1.070490309721098185e+02
-1.252630117295972525e+02
1.369978798564766862e+02
1.772475145997313177e+02
-1.532324910807038236e+02
1.766335393365701805e+02
-1.608011527161479819e+02
-1.770185387800177921e+02
-1.144439547804165329e+02
1.794212744343922452e+02
1.620874906140367386e+02
1.606651914621735955e+02
1.539246444160512510e+02
-1.762173545534037089e+02
4.415747573925958847e+01
1.800000000000000000e+02
-1.345936537666909771e+02
-1.781671604940579527e+02
1.454653384286006599e+02
-1.765834118082286750e+02
1.438263709542279400e+02
1.165650511770779900e+02
-1.095024485066622191e+02
-1.438705558567591538e+02
1.722552894535770918e+02
1.435691418798376446e+02
-1.759143832200251154e+02
-1.689062769884421584e+02
-1.197448812969422249e+02
-2.806370251788249615e+00
1.766002858408767509e+02
1.602857054847019356e+02
-1.771375947738882530e+02
1.732110254255612176e+02
-1.627282574223191318e+02
-1.761859251657096479e+02
-1.785436413656603065e+02
-1.725041423602701514e+02
1.701588682403656207e+02
-1.444007800410238360e+02
1.695225764039951457e+02
1.416134604823147640e+02
1.740531369460264841e+02
1.755488259971134539e+02
1.568605382367883010e+02
1.287516283349617652e+02
1.770096550248346148e+02
-1.112505055071332549e+02
1.638238066383916305e+02
-1.729906157433787541e+02
-1.769552215558060198e+02
1.762953725579228887e+02
1.783634229583832678e+02
-1.354182099414971105e+02
1.776626941408761979e+02
-1.445829447235325915e+02
1.559497014703948707e+02
-1.778983456723287304e+02
-1.323102296768495307e+02
1.491391083116505172e+02
1.468886580396279840e+02
-1.271998121158183181e+02
-1.206186054089093886e+02
-1.453758449200510654e+02
-1.501990563143807833e+02
-1.771936297482117766e+02
1.756317225654116214e+02
1.795017883873863695e+02
-1.752852454812950498e+02
-1.622351466993025326e+02
1.476001598260806702e+02
1.720792600983589296e+02
-1.400424510691709088e+02
-1.757321066997091918e+02
1.723039482779834373e+02
9.315071641326774454e+01
-1.026137471723438566e+01
-1.433343645173578409e+02
1.658329444773688124e+02
1.790906195508008523e+02
-1.754711757630674640e+02
5.281240628445118546e+00
1.124632124894071552e+02
1.767427780593330624e+02
1.769178191754718625e+02
1.637611583703077258e+02
-1.725191138204763206e+02
1.714954207591212025e+02
1.778389205117736367e+02
-1.471187603347252093e+02
1.800000000000000000e+02
-1.651413855520753486e+02
1.687811577187311798e+02
-1.356820603931726623e+02
1.794929709390852395e+02
-1.733865395176852644e+02
-1.441371510141387091e+02
-1.785913712646615465e+02
1.271709234899403924e+02
1.532128732702285561e+02
1.598937652016406901e+02
1.659637565320735177e+02
-1.683312259996310445e+02
-1.796230595204028759e+02
-1.583048905392031145e+02
-1.286598082540901089e+02
1.405826057565310805e+02
-1.617541454724217544e+02
-1.539246444160512510e+02
1.740531369460264841e+02
-1.424651908561214384e+02
-1.757241588873710612e+02
1.725497509313438229e+02
-1.453048464687660442e+02
-1.268698976458440200e+02
1.800000000000000000e+02
1.235412476541227988e+02
1.524471884232821992e+02
-1.403767054280507409e+02
1.548552143693210610e+02
1.485704343851614908e+02
1.397901307223632443e+02
1.579887168020806314e+02
-1.785436413656603065e+02
1.627185016281833612e+02
1.612113780178315494e+02
-1.290118516242245050e+02
1.748389019666397530e+02
1.783634229583832678e+02
-1.486547858582843276e+02
-1.772993706626047299e+02
1.783634229583832678e+02
1.724436559435605432e+02
-1.794490960207814396e+02
-1.458274531038253770e+02
-1.415198017516569848e+02
-1.790036521034950567e+02
1.783476953223486987e+02
1.582901172401287795e+02
-1.663730051401084893e+02
-1.778590986336768935e+02
1.793904934233248127e+02
1.718698976458440200e+02
1.792793363774823376e+02
-1.566022360840739225e+02
9.533923680373759169e+01
-9.533923680373759169e+01
1.696111421845303937e+02
-1.790289780689208499e+02
-1.780908475670036353e+02
-1.277330455941883258e+02
-8.117025533209094590e+01
-1.556005640758248489e+02
1.568734796112512129e+02
1.741736579704442534e+02
-1.766981343255650074e+02
-1.200413639262791321e+02
1.634742036100743690e+02
1.459925075802677554e+02
-1.500807913114424821e+02
-1.417535740355309883e+02
6.693848046770646931e+01
1.748389019666397530e+02
1.745309050298880891e+02
-1.725191138204763206e+02
1.672212668115939778e+02
-1.779545915111127954e+02
1.176459753637386854e+02
2.810135130596177433e+01
1.699920201985586914e+02
-1.449340974703565621e+02
-1.463099324740202292e+02
1.658505239136547971e+02
-1.692374627768575408e+02
-1.414830736928972499e+02
-1.379814612199821795e+02
1.580912951718180750e+02
-1.692157021324374284e+02
4.108175113593262751e+01
1.716341138759674152e+02
9.603768252142289441e+01
1.612413496521577656e+02
-1.783316625517066996e+02
-1.536669142742202041e+02
-1.166877400036895196e+01
1.324471018528282400e+02
1.800000000000000000e+02
1.725930878715047641e+02
-2.191486632719172434e+01
1.425683970215894476e+02
-1.775736641683976416e+02
1.724436559435605432e+02
-1.683814756472053489e+02
1.561612598168282773e+02
-1.744006606634794423e+02
-1.759780098229798853e+02
-1.604782697240798086e+02
1.464695303328668956e+02
-1.110774941169867418e+02
-1.608443875545603419e+02
-1.677842808658691354e+02
-1.294278021960362253e+02
-1.775318820861714642e+02
1.760740922963160244e+02
1.787939512207800590e+02
8.879395122078004476e+01
1.570871716032283700e+02
1.536717068948291285e+02
8.578582147726595508e+01
1.529044475062482036e+02
-1.785767951533669020e+02
-1.513895403340347912e+02
-1.721762892681147434e+02
1.405826057565310805e+02
-1.776531257075127144e+02
-9.118118891332663623e+01
9.336646066342980532e+01
1.752852454812950498e+02
1.765663696375494851e+02
1.543589941756947042e+02
1.529494029929138890e+02
1.800000000000000000e+02
1.709524280000993031e+02
1.776281578102107801e+02
1.779249736385825997e+02
-1.464639530156925673e+02
6.696056402009647002e+01
-1.427651660184253330e+02
-1.044847335603229794e+02
1.758724082974882776e+02
1.769606004310730896e+02
1.577749695488864461e+02
-1.446887865603667933e+02
1.247960262782683145e+02
1.603461759419467114e+02
1.491331905488629275e+02
-1.615650511770780042e+02
1.750540334528958510e+02
1.793904934233248127e+02
-1.631132088760559782e+02
1.766335393365701805e+02
1.415198017516569848e+02
-1.783788540863465926e+02
-1.361852608186223961e+02
1.779249736385825997e+02
-1.414043527263841611e+02
1.788542371618248978e+02
-1.385967170776284547e+02
-1.278749836510982192e+02
7.079602649449995511e+01
-1.453048464687660442e+02
1.730727818739908344e+02
8.572415888737106116e+01
-2.025063350928248695e+01
1.698544555661036668e+02
1.529388938625267542e+02
1.619027434132865437e+02
1.660683107581970148e+02
1.739204110421615326e+02
9.443647448565737079e+01
-1.343338000298168708e+02
1.521329961503431321e+02
-1.579887168020806314e+02
6.099830057611187328e+01
-1.660683107581970148e+02
1.794031905487708229e+02
-1.794838357702351743e+02
1.796441301693781440e+02
1.467351252585991688e+02
-1.732243438306010148e+02
1.555133190682839768e+02
1.767905136822080294e+02
1.771135814561353925e+02
-9.541186915231703836e+01
1.453048464687660442e+02
1.152920211570212956e+02
1.503168598208766866e+02
-1.761859251657096479e+02
-1.744546826911379753e+02
-1.765317707410828802e+02
-1.630724869358529645e+02
-1.396741637111307739e+02
-1.192679952148926930e+02
-1.271042349057062353e+02
-1.241956054024607567e+02
-1.708886429552160280e+02
1.787939512207800590e+02
-1.288298249049703941e+02
