9.335007639750148201e+01
-1.797000248376961054e+02
1.790906195508008523e+02
-1.754860115419987210e+02
1.680463218118044040e+02
1.748315320236617083e+02
1.740754180180175297e+02
-1.745460811114087676e+02
-1.661200173615046083e+02
1.785236314901869150e+02
-1.696409475119162948e+02
-1.623620044377026659e+02
1.753800765183395924e+02
-1.794183369424946193e+02
1.761518205390749756e+02
-1.764236656250026556e+02
8.115232157947539804e+01
1.761493611760892577e+02
1.741575107338083797e+02
1.766335393365701805e+02
1.794670313773457622e+02
1.732040559839810498e+02
-1.698907015075048434e+02
8.720729763428671788e+01
1.717286013120255745e+02
1.718350249906778231e+02
1.733618187070525778e+02
-1.763752466679260635e+02
-1.748786834892214017e+02
-1.724053566314085799e+02
-1.792955791886199108e+02
1.771375947738882530e+02
1.794382946674334391e+02
1.717872198107141344e+02
-1.717028550301631356e+02
-1.697458353220958145e+02
-1.677229019488919732e+02
1.715410875998294387e+02
1.763714678445635968e+02
-1.711523215794754265e+02
-1.764236656250026556e+02
-1.794123715837600344e+02
1.797371771667634732e+02
1.800000000000000000e+02
1.722966017233996183e+02
1.770297693928035017e+02
9.281555668421123073e+01
-1.770792784789996119e+02
-1.756236496105158551e+02
-1.608087151842522360e+02
-1.788426669318704967e+02
1.671826317672048390e+02
1.748330510803322682e+02
-1.719330682702069168e+02
1.730656510987304557e+02
-1.691359400779122950e+02
1.786615570789762728e+02
1.724238451043109137e+02
-1.749401311537359049e+02
1.645080144719919701e+02
-1.644600876303664165e+02
1.759527980848778270e+02
1.662637316943774408e+02
-1.754487387268603698e+02
1.695006015471668093e+02
-8.178721981071410596e+01
1.697488012491825771e+02
1.786095987359559842e+02
-1.734294416283591147e+02
-1.720565281894095904e+02
1.800000000000000000e+02
1.749649153205433265e+02
-1.745881308476829759e+02
1.742656720753273305e+02
-1.723532379864328448e+02
-1.700089565798309934e+02
-1.775762286558864389e+02
1.763177259376947177e+02
1.769552215558060198e+02
-1.668579988913278669e+02
1.684215794278826195e+02
-1.797205106094552605e+02
1.784088597288054245e+02
1.764649846896040515e+02
-1.774362297885350017e+02
1.783788540863465926e+02
7.372032679786947540e+01
-1.786552756112976681e+02
1.732901631922430852e+02
1.738953151230711285e+02
-1.795452811383068763e+02
-1.764236656250026556e+02
1.712147012821154135e+02
-9.216478915345349776e+01
1.666428772857011325e+02
1.002039737217316855e+02
1.783555967353049141e+02
-1.710505419157911149e+02
1.754580043197332770e+02
1.761098755959381776e+02
1.778079302797755759e+02
-1.738370111308844344e+02
-1.649621840964177579e+02
-1.775575846893428889e+02
1.710735920732606701e+02
-1.774362297885350017e+02
1.677995312726192196e+02
-1.628195027997595332e+02
7.487599269168944716e+01
-1.791094637466394204e+02
-1.765873206484131401e+02
-1.750809276169350142e+02
1.726400458411680461e+02
-8.702976939280348745e+01
-1.706334900429878871e+02
1.761859251657096479e+02
-1.738939061527157435e+02
-1.746854543300552507e+02
-1.739333669263948821e+02
-1.529334668410404561e+02
1.737199928743002317e+02
-1.714108735449305527e+02
1.631587942638576294e+02
1.700999798168461155e+02
1.764743848028255684e+02
-1.574926118990586872e+02
-1.789815156522868449e+02
-1.764049903389908991e+02
-1.786360724683970886e+02
-1.717087285083089228e+02
1.792079429078376052e+02
9.102303018866784612e+01
-1.693302171955033089e+02
1.715730309785193413e+02
1.671118148742343124e+02
1.785185428291129313e+02
-1.780443186024771194e+02
-1.679432374661673748e+02
1.796968505562858809e+02
-1.706685894747062093e+02
-1.757411538778296460e+02
-1.762394892942430431e+02
-1.777591345007864732e+02
-1.776888685472385987e+02
-1.788599359662136123e+02
1.667491787941087864e+02
1.782285302599659360e+02
1.763086140135487199e+02
-1.740531369460264841e+02
8.105241524518437757e+01
-9.522065123062392900e+01
1.782337295139909656e+02
-7.484593194968739738e+01
-1.784845920999778741e+02
-1.685223730403922389e+02
1.724649362766718923e+02
-1.783711750594742682e+02
-1.691031092446745276e+02
-1.753567274168811423e+02
1.708033441083711068e+02
-1.683010623911973482e+02
1.550372101691930027e+02
-1.635947147420655483e+02
1.719793102044716022e+02
-1.776862775021757841e+02
1.755267878215751978e+02
1.708111639226412422e+02
1.740754180180175297e+02
-1.724053566314085799e+02
1.749078848755010540e+02
1.709097230791776667e+02
-1.785959727808957211e+02
1.757439732745163496e+02
-1.739773131020985488e+02
-1.759350526922573010e+02
-1.759483161621715510e+02
1.794031905487708229e+02
-1.667594800848128216e+02
-1.614764951741580603e+02
-1.724761795613613629e+02
7.969515353123397006e+01
-1.782465951399284450e+02
-1.741843734705087741e+02
-1.701435291786373227e+02
-1.764064338121347930e+02
-1.724238451043109137e+02
-5.463842813236640339e+00
-1.770436893424963500e+02
1.737227015104024304e+02
-1.699755132040533852e+02
1.719727624895680549e+02
1.729396880612123653e+02
-1.743455791773592978e+02
1.689803172189654674e+02
1.708821372462042234e+02
1.655960094670626859e+02
1.752115334496864136e+02
1.663286928678041647e+02
-1.730804667372943015e+02
1.783634229583832678e+02
1.777093899573614806e+02
1.231322681024339261e+02
1.698018991543766276e+02
1.792527061231739651e+02
1.782465951399284450e+02
-1.624201485733447328e+02
1.722733823809027740e+02
-1.787600252336873154e+02
-1.779441112149953312e+02
1.762915718428695584e+02
-1.791140534061457572e+02
8.333677037787937536e+01
-1.728007663616323555e+02
1.743693172423647582e+02
-1.712324187554470427e+02
-9.352919029936703055e+01
-1.320081692540310030e+02
7.950852298766841386e+01
1.772865905549666934e+02
1.774995894356231361e+02
1.769552215558060198e+02
1.745337949612642774e+02
1.754622274920933762e+02
-1.714842175956499375e+02
-1.776015786659074820e+02
1.800000000000000000e+02
-1.773842451245781433e+02
-1.732243438306010148e+02
1.752130008790499858e+02
-1.766335393365701805e+02
-1.722079219217815762e+02
1.006372145092900752e+02
-1.727110476763898816e+02
-1.680066512764130096e+02
1.744063965508877629e+02
-1.716269733252176195e+02
1.927495886671903191e+00
-1.675873518468823988e+02
-1.658354347320401132e+02
-1.755558938783473195e+02
-1.705873705631338453e+02
1.741384586018035350e+02
1.240193499898264662e+02
-1.396792591604048255e+02
1.429484038738917491e+02
1.772434431284634968e+02
1.735460134096466334e+02
-1.772342381657504973e+02
-1.603079787612634846e+02
1.656563786895679016e+02
-1.719330682702069168e+02
-1.659637565320735177e+02
-1.763588147420986729e+02
-1.781144002292203083e+02
-1.744063965508877629e+02
-1.741575107338083797e+02
1.663814583385589572e+02
9.085086486473028344e+01
1.795541274480675327e+02
-1.795303729803103465e+02
1.758752333938576271e+02
-1.764421481338819149e+02
1.779954659678941198e+02
1.759143832200251154e+02
1.778490568724839989e+02
-1.695625246488818334e+02
-1.784991439127065576e+02
1.788982938847936452e+02
8.859597278089570693e+01
1.764064338121347930e+02
1.770846778833574717e+02
-1.771375947738882530e+02
-1.687477671837283140e+02
1.715387118574286376e+02
1.755328409386107182e+02
1.766753508928891847e+02
-1.635340857049172882e+02
-1.698657487126043293e+02
-1.770940790003466532e+02
-1.729476939921588041e+02
1.748055710922652111e+02
-1.782007242758659515e+02
1.763358156792592979e+02
-1.703112134396332067e+02
1.631726348267966387e+02
1.794517317636958182e+02
1.752979445766837898e+02
-1.716269733252176195e+02
-1.786295489822003901e+02
8.078107386189255124e+01
1.031537081944769056e+02
1.770029574197163242e+02
-1.782901859558584761e+02
-8.765072135251988072e+01
8.589350283482957593e+01
-1.785679038158353649e+02
1.683521856327033674e+02
1.800000000000000000e+02
-1.747261040426482452e+02
-1.790857832395510059e+02
1.734721589921149985e+02
-1.727419698923487772e+02
-1.735956472736158673e+02
-1.758295634751578973e+02
1.778389205117736367e+02
-1.669688425373277028e+02
-1.769713014216594331e+02
-1.730528282310403085e+02
1.787811247648687072e+02
-1.693627854907099390e+02
-1.627585406010600479e+02
-1.745309050298880891e+02
-1.711646267865505138e+02
-1.712324187554470427e+02
-1.702078537570825176e+02
-1.630507757661785604e+02
-1.559188249610783714e+02
-1.732901631922430852e+02
1.775459683254729271e+02
-9.028937016344059430e+01
1.797191405853166088e+02
-1.791656544244532085e+02
-1.723448329431670913e+02
-1.650831990918293570e+02
