-1.708497432219851078e+02
-1.778789036033385571e+02
1.170405239095258736e+02
-1.742321111020858666e+02
1.754425809802860101e+02
-1.755153939904553795e+02
1.778470372108995434e+02
-1.586293777306568131e+02
-1.696951535312339843e+02
-1.426744795168939390e+02
1.275685920288274815e+02
-1.795017883873863695e+02
-1.504612177404419242e+02
-8.399099404250547707e+01
1.155374343906363350e+02
1.696634458535006900e+02
-1.590012809656130059e+02
-3.513419305691563466e+01
-1.591714442097931794e+02
-1.575670090778746157e+02
1.741140121669717473e+02
1.777974018382342081e+02
-1.309717363335148548e+02
-1.529594760904741406e+02
-1.152531633945738889e+02
-1.736095046853530448e+02
1.771196224471524090e+02
-1.443349984631382483e+02
1.698949636349620391e+02
-1.735301800148268114e+02
1.789949139947458150e+02
-1.775104470780008512e+02
8.174056202012118888e+01
-1.729421533501189288e+02
-1.760740922963160244e+02
-1.767602997038978856e+02
1.740850536335689753e+02
-1.782465951399284450e+02
-1.766981343255650074e+02
1.794791436254980397e+02
-1.682748879848349191e+02
-1.779361802715430372e+02
-1.732464259644690117e+02
1.800000000000000000e+02
-1.750540334528958510e+02
1.621038670749607604e+02
-1.746441749571448270e+02
-1.775736641683976416e+02
1.254799781342258598e+02
1.549831065218999981e+02
-1.763734282161203737e+02
-1.482848664849021816e+02
-1.786468080462203147e+02
-1.579195548324666447e+02
-1.795755945806385228e+02
-1.667014296695057283e+02
-1.781221225527146430e+02
1.668835638746085408e+02
-1.565953104489676946e+02
-1.782986453946738834e+02
-1.751354855622394950e+02
-1.704554744344418680e+02
-1.419727692860264767e+02
-1.773574547059352824e+02
-1.649315118405077953e+02
-1.772169792461433815e+02
-1.721847064532331331e+02
1.723422903062861451e+02
-1.681356095487188895e+02
9.662077608231497550e+01
-1.768451571352080407e+02
1.783788540863465926e+02
-1.734373014910625557e+02
-1.477243556854223812e+02
1.795379472785692485e+02
-1.793138558021647668e+02
1.715387118574286376e+02
-1.775283352383665942e+02
1.800000000000000000e+02
2.190870482818191789e+01
-1.531721259896854974e+02
1.689828883812107847e+02
-1.759143832200251154e+02
1.770185387800177921e+02
1.800000000000000000e+02
-1.638426601354120749e+02
-1.711353766115892086e+02
-1.419343489012695727e+02
1.017682889320206527e+02
1.800000000000000000e+02
-1.759143832200251154e+02
-1.740118516242245050e+02
1.800000000000000000e+02
-1.795416435419995764e+02
-1.652308014697083820e+02
-1.411591630291430874e+02
-1.655559642755077618e+02
-1.580968219181608561e+02
1.780250659891180192e+02
-1.612882621249002568e+02
-1.767602997038978856e+02
-1.346725991091556125e+02
1.729373973295842291e+02
-4.540634623330902997e+01
-1.692420329116100106e+02
-1.192280519431451324e+02
9.400417294070939533e+01
-1.683540257515167866e+02
1.689388175384082160e+02
-1.794974183332789721e+02
-1.764785466230777899e+02
-1.739275435927923183e+02
-1.548851651138554359e+02
1.800000000000000000e+02
1.786980473274211363e+02
1.756384273549794273e+02
-1.646991544275500132e+02
1.767161377120936550e+02
-1.752798630689564447e+02
1.793904934233248127e+02
-1.723422903062861451e+02
-1.718698976458440200e+02
-9.000000000000000000e+01
1.451542665802002716e+02
-1.769872124958166637e+02
1.698133702400552352e+02
-1.048682813584982085e+02
-1.776909372109743117e+02
-1.756012946450044865e+02
1.756012946450044865e+02
-1.728749836510982050e+02
-1.689062769884421584e+02
-1.758295634751578973e+02
-1.795379472785692485e+02
1.257538872544367621e+02
1.000369024539635063e+02
1.726476206401076468e+02
-1.433658861240326132e+02
1.794437477729193233e+02
1.756430249941537056e+02
1.752363583092738111e+02
1.729296551798424275e+02
1.763217612780066190e+02
1.635827671695652157e+02
1.597082323320059629e+02
-1.782100893917539395e+02
1.795341909172350086e+02
-1.543978124485582271e+02
1.246241550799489488e+02
-1.723666694127686867e+02
-1.671249984403875146e+02
-1.700872485532761686e+02
-1.403145456699447493e+02
1.719829069263446684e+02
-1.697488012491825771e+02
-1.731765376009664692e+02
-1.707889734591833530e+02
1.729906157433787541e+02
1.691956054024607567e+02
-1.690459373566016552e+02
-8.392754359279230414e+01
1.749078848755010540e+02
-1.658219355852931187e+02
-1.444623222080256255e+02
-1.464587523458772012e+02
-1.793904934233248127e+02
-1.747261040426482452e+02
-1.615650511770780042e+02
-1.507086378290157427e+02
-1.487680904514830331e+02
-1.691144729453412765e+02
-9.712501634890179503e+01
1.655297058999341289e+02
-1.771728754218387394e+02
9.886462338841079145e+01
1.736158360604875384e+02
1.761214754971522893e+02
1.685627437810923936e+02
1.708698235177213292e+02
1.783977386537290215e+02
1.800000000000000000e+02
1.766615294562356553e+02
1.795848204588551482e+02
-1.790007563297426998e+02
1.762570117043128732e+02
1.598001933785659219e+02
1.788065105760179847e+02
8.384083697085692677e+01
1.716341138759674152e+02
-1.687850853153464357e+02
-1.787478326247961604e+02
-1.782239557466412521e+02
-1.672756443145776473e+02
-1.783316625517066996e+02
-1.742417398356332399e+02
1.497781617329373773e+02
-1.508323866204221986e+02
1.640546040990771246e+02
1.661028236849846564e+02
1.776721849109588618e+02
1.782100893917539395e+02
1.689485429733345825e+02
8.950178838738635534e+01
1.733792239176850103e+02
-1.611567746230529963e+02
-1.754260787400991433e+02
1.651413855520753486e+02
-1.350000000000000000e+02
-1.712147012821154135e+02
1.621213034041586525e+02
1.786360724683970886e+02
-1.622995722113328156e+02
-1.414579549410299286e+01
-1.766768795548645699e+02
1.633549617853240647e+02
-1.665618118416493587e+02
-1.785855767885978480e+02
1.742007823709016066e+02
-1.702724214485984078e+02
-1.699630975460364937e+02
-1.534349488229219958e+02
1.037607851117912361e+02
-1.778944858111439657e+02
-1.650332804359951524e+02
-1.484859273970111531e+02
-1.667594800848128216e+02
1.709867956443572723e+02
-1.757636052009411856e+02
1.685934474160276011e+02
-1.720928372970415410e+02
-1.721644748935114535e+02
-1.613069638257418035e+02
-1.700958167870261093e+02
8.518644910629348033e+01
1.685728984060548612e+02
1.800000000000000000e+02
1.794212744343922452e+02
-8.105054191579112910e+01
-1.712977762100532004e+02
-1.777275502672170830e+02
-1.795787150958314271e+02
1.714391104288353915e+02
1.648459319496874116e+02
-1.766050764578817507e+02
9.107082445478695831e+01
1.320262689175199000e+02
-1.631132088760559782e+02
-1.792097634975708047e+02
-1.776626941408761979e+02
-1.773493103165781974e+02
-1.717328266644893802e+02
-7.479759129082385982e+01
-1.767295120768164338e+02
1.733201139367774317e+02
-1.740531369460264841e+02
1.775318820861714642e+02
1.704508660712640733e+02
1.736128829742354753e+02
-1.674302081923212882e+02
1.724673985990526432e+02
-1.644949558176876963e+02
1.709334972601838274e+02
1.788426669318704967e+02
-1.729906157433787541e+02
4.620183306445211713e+01
-1.733201139367774317e+02
1.742894068625003570e+02
-1.727159763455831580e+02
1.781523897340053963e+02
1.695483670560113296e+02
1.702037900825255008e+02
1.668795968470227251e+02
-1.770133630095248520e+02
1.778789036033385571e+02
-1.790289780689208499e+02
9.121887523513130702e+01
-1.794490960207814396e+02
-1.680643974567325643e+02
-1.036097318958122031e+02
-1.563998101320822229e+02
-1.755673315313101455e+02
-1.779545915111127954e+02
1.795755945806385228e+02
-1.716341138759674152e+02
-1.715524727520915462e+02
-1.741303995569853100e+02
1.751634165542646997e+02
-1.700493733120484023e+02
1.714692343900518665e+02
1.755673315313101455e+02
-1.745916678425246289e+02
-1.763217612780066190e+02
-1.740938588862294978e+02
1.727367552594154461e+02
1.076761086986534650e+02
1.756012946450044865e+02
-1.569605640200964842e+02
-1.399165660060100436e+02
1.778983456723287304e+02
1.763955794608243082e+02
-1.712926297284795965e+02
-1.794093427853533171e+02
-1.725685920288274815e+02
1.767427780593330624e+02
-1.633498945013969603e+02
-1.661849746587383834e+02
1.767689900996317931e+02
-1.779545915111127954e+02
-1.795017883873863695e+02
-1.756839724801344005e+02
-1.619395280638008217e+02
-1.767689900996317931e+02
-1.714954207591212025e+02
1.788065105760179847e+02
-1.602777222355529432e+02
-5.347114463301483056e+01
1.298055710922652111e+02
1.710273733851036013e+02
-1.749941674470489090e+02
-1.744173942434689195e+02
-1.705376777919743745e+02
-1.795060831013812503e+02
1.550187603937839356e+02
-1.690771952801307236e+02
