-1.791261954264830081e+02
-1.751217342008070261e+02
1.781054324720761031e+02
-1.779591818132740570e+02
-1.642308278414378151e+02
-4.099557001003385892e+01
-1.715788086514033637e+02
-1.606201334200865745e+02
1.761648873188788116e+02
-1.785833413210079925e+02
-1.761085098033919962e+02
1.606480476456319764e+02
1.788138996181949665e+02
8.883222481923918679e+01
-1.791351159496202285e+02
7.898631809629060285e+01
-1.793403458198953899e+02
-1.751475424515296879e+02
-1.699949519349539742e+02
1.757564545575191346e+02
1.772862359079406644e+02
1.736746978865060385e+02
1.754744609558556760e+02
-1.707910306821943038e+02
-1.707156598467286415e+02
-1.729932345913198048e+02
-1.785958570993410319e+02
-1.731806440981386004e+02
-1.765623350076348004e+02
-1.732275327504248423e+02
-1.693201869096599523e+02
1.778053879519677309e+02
-1.642978452741621140e+02
1.786300869554909241e+02
1.759012401777468142e+02
-1.733634435125509867e+02
1.753354224864245339e+02
-1.625360167592090193e+02
-1.729081792721261195e+02
-1.707287595215430827e+02
-1.706957592337002154e+02
1.794143983808472171e+02
-1.767911046998916902e+02
-7.830857158924548855e+01
1.675671629406583634e+02
-1.729783262750187589e+02
1.785041488565494205e+02
1.718252979302700112e+02
-1.765039017624024211e+02
9.642841232028581544e+01
-1.634432477951240230e+02
-1.709960163954588097e+02
-1.683951670455144551e+02
-1.658297037877224511e+02
1.684679510498449986e+02
-1.789266373779628054e+02
1.781866985346611045e+02
1.675628200868830788e+02
-1.761362381314793026e+02
1.719040603158363467e+02
9.661621541784901979e+01
1.646192207411590687e+02
-1.721987631465738389e+02
1.572507202040409879e+02
-1.723040670157464263e+02
-1.797297532163156575e+02
-1.735592912048472556e+02
-1.752927445359380272e+02
-1.794216708507344435e+02
1.781743973932806284e+02
1.773850659962568272e+02
1.702042186975034213e+02
-1.681968975583471604e+02
1.746877255704364984e+02
1.658617809325062638e+02
-8.966006458611208529e+01
9.259877321675553219e+01
-1.723259849175527734e+02
-1.781838859860538093e+02
-9.231426662179546838e+01
1.757156505562219309e+02
-1.767313943399084337e+02
-1.750998787068282354e+02
-1.781920201608174068e+02
9.089220924619910136e+01
-1.643849362548531587e+02
1.750007798806433073e+02
1.785906064628422314e+02
-1.797235011048098272e+02
-1.770476732830022115e+02
1.716937458094357964e+02
-1.794657567862828671e+02
1.787957410100606239e+02
1.769563654508501145e+02
1.139077647992483975e+02
1.763573607762473614e+02
-1.794390301098046336e+02
1.740511874866928679e+02
1.699732084959808560e+02
1.718781416428393811e+02
-1.752486716626869736e+02
8.505248197751976136e+01
-1.623930876024644192e+02
-1.785649931758040623e+02
-1.792945140670645685e+02
1.761215742843075702e+02
1.486402041295829122e+02
1.713929902317079552e+02
-1.761886403409834259e+02
1.758783918243063624e+02
-1.765901803625326920e+02
1.780489613852942057e+02
-1.744930864863925990e+02
1.777415823969986945e+02
1.797287099496152223e+02
1.799881569129100285e+02
-1.782465832589724926e+02
1.702014133180148576e+02
1.741630241086843682e+02
1.645050814900932323e+02
1.733321208220751259e+02
1.776046204613567170e+02
1.675002420329155370e+02
8.608622004773225456e+01
-1.770198869874462559e+02
1.753881063523071759e+02
1.716916294266465002e+02
1.706995994186272867e+02
-1.755229086018867974e+02
-1.795600756878716311e+02
-1.648549917318939038e+02
-1.668850085056246826e+02
1.739140722234774898e+02
1.797115870350557429e+02
-1.059663701548819859e+02
1.732728615395712382e+02
-1.799649511821268106e+02
-1.791543545441048195e+02
1.675369373782952493e+02
1.787038184230254387e+02
-1.732365498346159427e+02
-1.727923182311236587e+02
-7.778532512196778725e+01
1.752092122814821096e+02
1.797025214259799668e+02
-1.715676371778765770e+02
8.212452637809080613e+01
1.742230006431386187e+02
-1.699118030603523550e+02
1.781648479314571603e+02
1.711512394336517957e+02
8.757449177364742354e+01
1.711662930021306011e+02
-1.719870117463095198e+02
1.750039193884848601e+02
1.784137779444861849e+02
8.219866691025565331e+01
1.701961283253997408e+02
-1.770790590086365626e+02
1.674713096312231357e+02
-1.782201078987218921e+02
-1.788978178763041171e+02
-1.772910482944296007e+02
-8.947574773155460548e+01
1.646354090285270786e+02
1.695375468490354933e+02
-1.752960116727539628e+02
1.793867891427182428e+02
-1.587716192317635659e+02
1.746831919839002865e+02
-1.768097213990530747e+02
-1.719913042070894562e+02
1.748447572755721069e+02
1.728230495625755907e+02
-1.770980999161446334e+02
8.510199278785712806e+01
-1.781369456190488449e+02
-8.426992278014432403e-01
-1.742138104366776759e+02
1.738441188148435117e+02
1.754255132434666109e+02
1.762254854403573461e+02
-1.744638134962465870e+02
1.772739940997737165e+02
-1.675564530242751289e+02
1.731249871133195484e+02
1.777215394252093006e+02
-1.737491024544120819e+02
-1.780500182024566698e+02
1.613450371763092051e+02
1.702164497361893041e+02
8.652645618588317689e+01
-1.681915856091995920e+02
-1.744997771962332251e+02
-1.755459978961965817e+02
-1.769972230265722430e+02
-1.788427015420501220e+02
-1.699204803741794763e+02
-1.781104605617516086e+02
-1.777088506445933831e+02
-1.741452293749249236e+02
9.901025576894535618e+01
-1.754910761767288534e+02
-1.668653380642288369e+02
1.730231067912747278e+02
1.317937363316864037e+02
-1.791933330353738825e+02
-1.767745170078000569e+02
1.725168253546371488e+02
1.791317165294144615e+02
-1.797058051368880740e+02
1.722791238558334328e+02
1.729645408329900249e+02
-1.751475424515296879e+02
1.197516287496410996e+02
9.116904714826210920e+01
-1.605056118111010051e+02
1.686058232268837287e+02
1.730834281534975787e+02
-1.769031295201474734e+02
-1.729121368138678747e+02
-1.779718498789734724e+02
1.623314418785570865e+02
-1.768572127136011716e+02
1.686638651182882427e+02
1.785809921156557039e+02
-9.456617163931156256e+01
-1.758689154463447437e+02
1.780871370506383187e+02
-1.768415400029111595e+02
-1.423417108015418933e+02
1.755483822382004178e+02
-1.759231218055165016e+02
1.762885529022555602e+02
-1.791524215594394605e+02
-1.797636282796783860e+02
-1.794335497308056802e+02
1.783105325081086789e+02
-1.714620220914071069e+02
-1.744191820279830267e+02
1.704805216146536964e+02
-1.774569298223825626e+02
-1.635981475023623659e+02
-1.781072470315729959e+02
1.778229487404768463e+02
1.774478311713182279e+02
1.788322248192392010e+02
-1.784765082985134939e+02
1.572760378780071164e+02
1.752443009800117011e+02
1.788018508806850377e+02
1.666584731697352311e+02
1.724719367287805198e+02
1.737695121097672200e+02
-1.788540821997736714e+02
-1.778891035489877481e+02
-1.755278759942943623e+02
1.647502639621068283e+02
1.657906981804293309e+02
1.736441069568880664e+02
1.774244096808610038e+02
1.759328350577547155e+02
1.742562749616276108e+02
1.791998402470564997e+02
-1.736632589022211448e+02
-1.734326728805836808e+02
-1.790486705150306079e+02
-1.742099548610963495e+02
1.761616193305258946e+02
1.796672594779924168e+02
1.762776341176436574e+02
1.740605607574519240e+02
-1.744923376240728601e+02
1.656671927025493858e+02
-1.702459748251998803e+02
-1.412676224789966568e+02
1.693477690799180664e+02
1.797259987318262802e+02
1.753794694157078879e+02
-1.791690482605222030e+02
1.791732830466493454e+02
-1.688063275095597930e+02
-7.930175539154605246e+01
1.797376638590012305e+02
-1.719032812325932866e+02
-1.775899818505679946e+02
1.764607351266650141e+02
-1.711899517081074578e+02
1.753088955578973867e+02
1.778732228122865706e+02
1.786921232161951423e+02
-1.773353691251855935e+02
1.718621402969186249e+02
1.786997738697284888e+02
1.785521368127561175e+02
1.758013755893701955e+02
1.794863484597440504e+02
1.770499057827787226e+02
1.720466307256871517e+02
1.797330821548043787e+02
-1.521770371266968027e+02
1.779474770421839764e+02
-1.649363945994405753e+02
8.501702542836576981e+01
1.728007310405477597e+02
1.681214437216167141e+02
1.761538183731744311e+02
-1.791110834925221980e+02
1.785906064628422314e+02
1.607913767544359018e+02
-1.773935339465462278e+02
1.713105428570134450e+02
-1.704449857236910475e+02
-1.733634435125509867e+02
-1.791731035148852129e+02
1.721301499780247752e+02
1.760042004371130986e+02
-1.799659822466396975e+02
-1.797127320504175714e+02
-1.620623926178471947e+02
-1.784059507272449139e+02
1.780796327695677803e+02
1.766952286260518861e+02
1.697344983240766680e+02
