-9.162347045721709549e+00
1.800000000000000000e+02
-1.742894068625003570e+02
9.292072152100038807e+01
-1.739623174785771198e+02
1.753404860071539728e+00
1.800000000000000000e+02
1.589020504110108334e+02
1.800000000000000000e+02
1.704457103275982490e+02
8.523635830927382528e+01
1.552975697722286839e+02
-1.790036521034950567e+02
-1.505050441823123322e+02
1.800000000000000000e+02
4.581845546168861461e+01
1.463099324740202292e+02
1.251341930569156347e+02
1.129727213308286622e+02
-4.573921259900861180e+00
4.914462374110429721e+01
-1.751864491062934803e+02
8.254570118725153804e+01
-1.536930361742581965e+02
-1.763217612780066190e+02
1.751864491062934803e+02
-9.000000000000000000e+01
1.796350636642693814e+02
1.696026664775636732e+02
-8.801136214352594322e+01
5.762632886598450632e+00
1.660790396350792548e+02
1.725930878715047641e+02
-1.767754773934801165e+02
1.773735943617092516e+02
1.700594269668869742e+02
8.542607874009914326e+01
-1.178670038496568679e+02
-1.738844964337145882e+02
1.794645410144354685e+02
1.780419325707659652e+02
1.735956472736158673e+02
1.718057366653697784e+02
1.800000000000000000e+02
-1.688048885737000262e+02
-1.758023316428390785e+02
8.337922391768502450e+01
9.887988815577799073e+00
8.594644576816860138e+01
8.294769399215880412e+01
1.720672416858279234e+02
-1.781912606775079553e+02
9.712501634890179503e+01
-1.791185960034178777e+02
1.800000000000000000e+02
1.679885216136345605e+02
-1.701341930569156489e+02
8.152885536698516944e+01
7.717121712854458337e+01
-1.785679038158353649e+02
1.724053566314085799e+02
-8.141637851988605235e+01
1.788188110866733780e+02
1.764893215697327093e+02
-1.766002858408767509e+02
1.714354813574244076e+02
-1.771469740034076867e+00
0.000000000000000000e+00
-8.679051368220801521e+01
-1.613950345261976906e+02
-1.658276622998680523e+02
-1.795017883873863695e+02
1.763588147420986729e+02
1.650685828218624636e+02
-8.475286109838356197e+01
-1.788387580916860031e+02
-8.885423716182489784e+01
1.725457011872515523e+02
-1.782986453946738834e+02
1.690113489035060184e+02
1.684078245897089516e+02
-1.722129820453675393e+02
1.763861192479963620e+02
1.795523858291394674e+02
1.744587952219601448e+02
-1.738170698340517504e+02
-1.784518423010220545e+02
1.730080746533322156e+02
8.069794528870117745e+01
9.644953470384227501e+01
1.776386253418243939e+02
9.238594403038882774e+01
1.691359400779122950e+02
3.925907703683981786e+00
1.648641644962519592e+02
-9.836588612403259901e+01
1.724270513594566125e+02
-1.702605540545027623e+02
1.691596945456694527e+02
1.703519546839018517e+02
1.800000000000000000e+02
1.202564371635292702e+02
-1.760353452771438754e+02
8.882354952397711889e-01
1.654257838019612734e+02
-1.764677054161091121e+02
1.731572265873690526e+02
-1.723493490446406042e+02
2.848218574704043249e+01
1.605296979905330659e+02
-1.778389205117736367e+02
4.543757651467153380e+00
-8.246739859905264325e+01
-6.620776082314977273e+00
-1.705376777919743745e+02
-3.613880752003644226e+00
1.696409475119162948e+02
-1.778590986336768935e+02
-8.582956347515789730e+01
1.800000000000000000e+02
1.706045339804331036e+02
1.750302592718896904e+02
1.792309753174219509e+02
1.779904461869788577e+02
-1.678729089650698825e+02
1.668835638746085408e+02
-1.236900675259797850e+02
1.761493611760892577e+02
1.733792239176850103e+02
9.828579702395374795e+01
-1.650049208708240087e+02
1.703313313389163852e+02
-1.739623174785771198e+02
-1.052024087091761544e+02
1.637059525434010823e+02
-8.285797023953749729e+00
1.700872485532761686e+02
1.732901631922430852e+02
-1.727367552594154461e+02
7.924203291160999640e+01
-1.702382252249577448e+02
1.066207569138920661e+02
1.751147974318826925e+02
1.650378447456734534e+02
1.745272883287495063e+02
1.795626361324792697e+02
-1.760090869015702140e+02
1.585870305251282559e+02
9.162114591365340743e+01
-1.793489396197705048e+02
-9.367449952082965581e+01
-1.759958270592906047e+02
-1.792411598757314550e+02
1.718698976458440200e+02
1.689828883812107847e+02
1.693803447238448712e+02
4.223614262908744621e+01
-3.636286858492924523e+01
9.000000000000000000e+01
1.621213034041586525e+02
-8.900365210349508516e+01
1.184821857470404325e+02
-1.729421533501189288e+02
1.750062560141766141e+02
-1.771375947738882530e+02
-1.073189384315147379e+02
-9.813010235415598004e+01
-1.155599651718238192e+02
-2.140901366323099353e+00
-1.628972710309476213e+02
1.739909940425054629e+02
-1.619276778510404995e+02
1.615650511770780042e+02
-1.753893506813394083e+02
-1.464639530156925673e+02
6.696056402009647002e+01
1.629371428265386328e+02
7.869006752597978505e+01
1.787981669355478971e+02
1.658219355852931187e+02
1.613538932881182220e+00
-1.794838357702351743e+02
1.800000000000000000e+02
-1.794382946674334391e+02
-1.621702657743227860e+02
-1.377638573709125751e+02
-1.020305960965378631e+02
-1.686900675259797993e+02
1.763955794608243082e+02
1.728194645022798284e+02
-1.531780187984184920e+02
-1.539246444160512510e+02
8.538007651833960665e+01
-1.685841604755929950e+02
1.692611028990945385e+02
-1.020114783863654395e+02
-1.579887168020806314e+02
2.585186254206040246e+01
1.622553283749430761e+02
1.366365770416167322e+02
1.765433808279580035e+02
1.729264623250386421e+02
-1.772499148250875862e+02
9.998496020464332901e+01
1.770492208909936664e+02
1.664462359022683415e+02
-1.778389205117736367e+02
-1.079279197620072352e+02
1.753645365730973538e+02
-1.770042778866719502e+01
1.649536081678014909e+02
1.588864999216347655e+02
1.735956472736158673e+02
1.604633450618716211e+02
1.633930194213830021e+02
1.084349488229220242e+02
3.589266568774559119e+01
1.520107615046762248e+02
1.412540327439164685e+02
1.725685920288274815e+02
1.504463163676925603e+02
1.655933148435631210e+02
1.684248111826038041e+02
1.777605240620481482e+02
-1.714247673601647932e+02
1.688453402610716978e+02
-1.786881122174958989e+02
-1.777974018382342081e+02
-1.091790080258107167e+02
1.782285302599659360e+02
4.398705354995532169e+00
1.711041430303367008e+02
1.489348351145013396e+02
-1.783276056389107396e+02
-1.681901170429717638e+02
9.821278018928589404e+01
-1.751655936937367244e+02
7.125016348901797691e+00
1.657685416843573876e+02
1.135400392695142955e+02
1.658329444773688124e+02
-1.679052429229879237e+02
-1.719367538343027491e+02
1.771087304037794468e+02
-1.795303729803103465e+02
-1.786830875942067394e+02
1.766822188316651818e+02
-1.761265102756554199e+02
-9.361388075200365222e+01
-9.365222278030634584e+01
-5.617580590126830309e+00
8.878970583107879122e+01
-1.782007242758659515e+02
-1.790977788384698499e+02
-1.774438499214217018e+02
9.444124118943281587e+01
-1.747528610983835620e+02
-1.733792239176850103e+02
1.765317707410828802e+02
-8.878112476486870719e+01
1.758150838748815943e+02
1.789860212772147179e+02
1.786028189727036306e+02
1.751864491062934803e+02
1.764604408314500574e+02
-1.505463272730790720e+02
-1.787939512207800590e+02
-1.728149837181664239e+01
-1.674170375059230764e+02
-1.762218022928384187e+02
1.648759926916894187e+02
1.745309050298880891e+02
-1.793598503304764904e+02
-1.786360724683970886e+02
-1.751747830728901931e+02
-1.654034244745058402e+02
-8.941536947929482437e+01
1.751830847035073759e+02
-1.765663696375494851e+02
-1.755587588105672125e+02
-1.728114628572633649e+02
1.800000000000000000e+02
1.725394338738316549e+02
1.737131066382635254e+02
1.783516554951038700e+02
-7.610282368498464223e+01
9.000000000000000000e+01
-1.744546826911379753e+02
9.180399511620059627e+01
1.800000000000000000e+02
-1.674066700438968667e+02
-1.672165460585756591e+02
1.749709264182145603e+02
-7.581570575172919746e+01
1.764236656250026556e+02
1.666863676878566025e+02
1.613898352721726610e+02
-1.640546040990771246e+02
1.657274866155996733e+02
1.015346206536447227e+02
2.411029746611230706e+00
8.018069936124210528e+01
1.800000000000000000e+02
1.789613292503924669e+01
-1.788542371618248978e+02
1.675209281980723688e+02
-1.681663546938393381e+02
-1.768492835867322697e+02
-1.794153694792948386e+02
9.295077910900636198e+01
1.745309050298880891e+02
-1.778389205117736367e+02
1.793013056170165385e+02
1.763477772196936826e+02
-1.796230595204028759e+02
1.485431766424447630e+02
1.013099324740202150e+02
1.744006606634794423e+02
-1.740938588862294978e+02
1.501908857932934609e+02
-1.723758074955481732e+02
1.571412381201343749e+02
-1.776862775021757841e+02
1.800000000000000000e+02
