-1.795017883873863695e+02
1.800000000000000000e+02
1.800000000000000000e+02
1.773281354067274265e+02
0.000000000000000000e+00
-1.790759546472272916e+02
-1.720424747730828585e+02
1.736010433726310680e+02
1.675667648119043633e+02
-1.790530485532265459e+02
-1.766335393365701805e+02
1.764552335444051323e+02
1.800000000000000000e+02
1.800000000000000000e+02
1.800000000000000000e+02
1.800000000000000000e+02
1.706650015368617801e+02
-9.037204528720329222e+01
1.800000000000000000e+02
1.734000830180861215e+02
-1.789860212772147179e+02
1.800000000000000000e+02
1.666648936589540995e+02
-1.775529513576763918e+02
1.781960048837994179e+02
-1.757241588873710612e+02
-1.764236656250026556e+02
1.800000000000000000e+02
1.746106882400266045e+02
-1.757108466711809740e+02
1.800000000000000000e+02
1.784413157937891867e+02
1.744945221420216797e+02
9.000000000000000000e+01
1.753893506813394083e+02
1.800000000000000000e+02
1.783397176310171801e+02
1.741736579704442534e+02
1.786140821491877944e+02
-1.750302592718896904e+02
-1.692157021324374284e+02
1.776531257075127144e+02
1.800000000000000000e+02
-1.724926533330503560e+02
1.800000000000000000e+02
1.800000000000000000e+02
-1.633792430861079481e+02
-8.854364136566032073e+01
1.746607631962624225e+02
1.793904934233248127e+02
1.764604408314500574e+02
1.728749836510982050e+02
-1.742894068625003570e+02
-1.792309753174219509e+02
-1.754094568143939625e+02
1.738408369708569126e+02
1.800000000000000000e+02
-1.796230595204028759e+02
1.800000000000000000e+02
1.750882118274940069e+02
1.722596588411620928e+02
-3.333850661536573945e+00
-1.731182763693630591e+02
1.781523897340053963e+02
-1.730115102700165437e+02
-1.794974183332789721e+02
-1.472004687273807804e+02
-1.778389205117736367e+02
-1.787811247648687072e+02
-1.728157326075731532e+02
1.800000000000000000e+02
-9.000000000000000000e+01
1.800000000000000000e+02
-1.730887728809753412e+02
-1.788542371618248978e+02
1.781816970355481828e+02
1.717028550301631356e+02
-1.795416435419995764e+02
-1.767602997038978856e+02
-1.789583733239900312e+02
1.728114628572633649e+02
-4.685899839502702946e+00
1.728114628572633649e+02
1.800000000000000000e+02
1.800000000000000000e+02
1.800000000000000000e+02
1.771087304037794468e+02
1.800000000000000000e+02
1.745076754428725678e+02
1.800000000000000000e+02
-1.555960283111483875e+02
-1.704399035191136988e+02
1.727058036914591526e+02
-1.748521151758637018e+02
9.166833744829331465e+01
-1.790977788384698499e+02
1.703519546839018517e+02
-1.791512357284464088e+02
1.734678633121475571e+02
-1.639741325515502410e+02
-1.795379472785692485e+02
1.751559996249193318e+02
1.645387822595581042e+02
1.777320454640941705e+02
-1.752755483028291223e+02
-1.758653286262635902e+02
-1.751354855622394950e+02
1.702867489750597372e+02
-1.741932730944684238e+02
-1.764236656250026556e+02
-1.706704603573019199e+02
-1.788542371618248978e+02
-8.383248480929349711e+00
1.790684434019225364e+02
1.787455483773184710e+02
1.709492783228162693e+02
-1.769872124958166637e+02
1.754260787400991433e+02
1.795341909172350086e+02
1.722129820453675393e+02
1.719297678220819137e+02
-1.786468080462203147e+02
1.711479959006105673e+02
-1.783153156821037157e+02
1.692868769772089763e+02
1.732639887858806560e+02
1.756012946450044865e+02
1.800000000000000000e+02
1.773632415738595682e+02
1.732204320548500505e+02
1.800000000000000000e+02
1.800000000000000000e+02
1.777093899573614806e+02
-9.120604877921996945e+01
1.800000000000000000e+02
1.800000000000000000e+02
-9.000000000000000000e+01
-1.765834118082286750e+02
-1.668274465766731112e+02
-1.652849283494022075e+02
9.052085637450196032e+01
-1.688614402338163529e+02
1.690277597621883672e+02
1.800000000000000000e+02
1.725394338738316549e+02
-1.654933584024756783e+02
1.800000000000000000e+02
1.765466837494689116e+02
-1.786360724683970886e+02
1.737459672560835315e+02
1.753331416285610089e+02
1.769059419410828866e+02
1.775633517531898633e+02
-1.743362937419794321e+02
1.723666694127686867e+02
1.794884441334129690e+02
-1.740531369460264841e+02
-1.748768344628718694e+02
-1.791449026037332999e+02
1.747740725910332173e+02
8.952649194126507837e+01
5.013113755035807806e+00
9.118118891332663623e+01
1.793138558021647668e+02
1.792838400545296054e+02
-1.765663696375494851e+02
1.783397176310171801e+02
1.800000000000000000e+02
1.800000000000000000e+02
-1.760740922963160244e+02
-1.746990734834743080e+02
-1.568734796112512129e+02
-9.847114463301483056e+01
-1.738448316567260008e+02
1.800000000000000000e+02
-1.774738830883804610e+02
-1.827968244305004930e+00
1.800000000000000000e+02
1.800000000000000000e+02
1.758487147335783334e+02
1.800000000000000000e+02
1.800000000000000000e+02
-1.777974018382342081e+02
1.794645410144354685e+02
1.769644308749444406e+02
1.800000000000000000e+02
1.788766972859245641e+02
-1.690277597621883672e+02
-1.791384742654327624e+02
-1.784088597288054245e+02
1.768492835867322697e+02
1.746441749571448270e+02
-9.087467677112131526e+01
1.752363583092738111e+02
1.800000000000000000e+02
1.757108466711809740e+02
1.728749836510982050e+02
1.725284408234076352e+02
-1.772208331359279327e+02
-1.758777021882163751e+02
1.766050764578817507e+02
1.800000000000000000e+02
1.800000000000000000e+02
1.800000000000000000e+02
1.789769698113321681e+02
-1.796441301693781440e+02
-1.667335191534162959e+02
1.757636052009411856e+02
1.800000000000000000e+02
1.766114430092764849e+02
-1.768778695378842940e+02
1.775459683254729271e+02
1.758487147335783334e+02
-1.777479556545974617e+02
1.742622653299436024e+02
1.800000000000000000e+02
1.800000000000000000e+02
8.970313333267530709e+01
3.333850661536573945e+00
1.747099187946287486e+02
-6.469819985173173471e+00
1.787981669355478971e+02
-1.790530485532265459e+02
-1.709982448774387080e+02
1.781642252594542981e+02
1.786677801461303545e+02
1.738844964337145882e+02
1.800000000000000000e+02
1.800000000000000000e+02
-1.787811247648687072e+02
-1.772550441061618756e+02
9.178991060824607473e+01
-1.795060831013812503e+02
-9.747155917659237900e+01
-1.739382112112713799e+02
1.770390638658362548e+02
1.800000000000000000e+02
-1.754978105079590307e+02
1.800000000000000000e+02
1.800000000000000000e+02
1.696951535312339843e+02
1.714954207591212025e+02
-1.779545915111127954e+02
9.178991060824607473e+01
1.735301800148268114e+02
1.796548488768358709e+02
-1.788308606720925980e+02
-1.763217612780066190e+02
1.800000000000000000e+02
-1.744006606634794423e+02
-9.103224469156573662e+01
-1.786573759734622513e+02
1.759958270592906047e+02
-1.785185428291129313e+02
-1.712538377374447975e+02
1.800000000000000000e+02
-1.781066141542537196e+02
-1.693803447238448712e+02
1.800000000000000000e+02
1.800000000000000000e+02
1.781912606775079553e+02
1.800000000000000000e+02
-8.615754687208514895e+01
1.748978347476418094e+02
1.772361426290874249e+02
-1.731986851760184436e+02
-1.698244891569567869e+02
-9.909027692082231908e+01
1.759555144258189046e+02
-1.635155468104643433e+02
1.686900675259797993e+02
1.760698244542745385e+02
-1.764964683552155691e+02
1.745596679689944892e+02
1.800000000000000000e+02
-1.779361802715430372e+02
-1.783153156821037157e+02
-1.766335393365701805e+02
1.721998121158183039e+02
-1.735411836212813341e+02
1.800000000000000000e+02
1.800000000000000000e+02
-8.152885536698516944e+01
-1.670573757342054364e+02
-1.790289780689208499e+02
1.718698976458440200e+02
1.697386252827656108e+02
1.778183585964485189e+02
1.800000000000000000e+02
-1.764604408314500574e+02
1.800000000000000000e+02
-1.795558555668880558e+02
1.796441301693781440e+02
1.800000000000000000e+02
1.459442196990675598e+02
8.629157184286955840e+01
1.778789036033385571e+02
1.800000000000000000e+02
1.717241071729248176e+02
1.774142056575755362e+02
-1.775736641683976416e+02
-1.792793363774823376e+02
1.761859251657096479e+02
3.846030090047376060e+00
-1.773974377975002028e+02
1.800000000000000000e+02
0.000000000000000000e+00
-1.773574547059352824e+02
-1.773632415738595682e+02
1.677884916235240382e+02
-9.000000000000000000e+01
1.752363583092738111e+02
-1.729987324425046609e+02
1.791048262897889458e+02
1.673863725459812599e+02
9.000000000000000000e+01
-1.738060950328490435e+02
1.800000000000000000e+02
-1.773632415738595682e+02
-1.737881779709908585e+02
1.751354855622394950e+02
-1.775633517531898633e+02
-1.789291755452130417e+02
1.800000000000000000e+02
