-8.322434383060098639e+01
1.488823608132735501e+02
1.797572227262331808e+02
1.754860115419987210e+02
-1.768361163811192682e+02
-1.787939512207800590e+02
1.756457789369304123e+02
1.797322646612977906e+02
1.759527980848778270e+02
-1.753776297583157486e+02
-1.789769698113321681e+02
1.730616141946637754e+02
1.793969088056194607e+02
-1.797442169692607479e+02
-1.782259191411820893e+02
1.751695800417100486e+02
1.700958167870261093e+02
1.757108466711809740e+02
1.757358366508472614e+02
-1.786677801461303545e+02
1.800000000000000000e+02
-1.668462918055231228e+02
1.716925118983117500e+02
1.792623268625678179e+02
-1.776978917075634001e+02
1.761120904391669342e+02
1.800000000000000000e+02
-1.709806775686183187e+02
-1.730540323792371851e+02
1.800000000000000000e+02
-1.776626941408761979e+02
-1.768519039004372644e+02
1.800000000000000000e+02
1.791094637466394204e+02
1.771375947738882530e+02
-1.771014232007183011e+02
-1.738147450844176660e+02
1.778701467977345487e+02
-1.756405921556551846e+02
-1.791048262897889458e+02
-1.791491351352697166e+02
1.648311051287866462e+02
1.717328266644893802e+02
-1.779854012121294318e+02
1.791656544244532085e+02
-1.794594898128693501e+02
1.793937180844826571e+02
1.762743718066510041e+02
1.800000000000000000e+02
-8.313630808537295991e+01
-1.743907255535542049e+02
-1.775762286558864389e+02
-1.666466297927590006e+02
1.767210137411455833e+02
-1.780631996137789486e+02
1.717998539405012082e+02
-1.777652011412611444e+02
-1.778690471128950890e+02
-1.769606004310730896e+02
-1.687992022121155742e+02
1.752609276814870043e+02
1.764236656250026556e+02
-1.754998862915793438e+02
-1.758653286262635902e+02
-1.774983771857182262e+02
-1.757285779826160876e+02
-1.778886693744239835e+02
-1.744278021960361968e+02
1.800000000000000000e+02
1.800000000000000000e+02
-1.706365487542551591e+02
1.800000000000000000e+02
-1.760817511359326204e+02
1.761677302538051890e+02
1.743455791773592978e+02
1.797335099239415968e+02
1.741113912539543662e+02
-1.794543424065842885e+02
1.764407331787167834e+02
1.734801982483430152e+02
1.727311150783524738e+02
-9.701185827447511656e+01
-1.793937180844826571e+02
-1.742593933610480974e+02
-1.776140559696112007e+02
-1.770339591100128871e+02
1.726656211985833238e+02
-1.544511753645928991e+02
1.759717363335148548e+02
-1.637397952916880683e+02
-1.661555943626840133e+02
-1.778900571518667562e+02
-1.758935028348295759e+02
1.760090869015702140e+02
-1.710604349968484996e+02
-1.791230922585693577e+02
1.800000000000000000e+02
-1.747528610983835620e+02
-1.742144451353025261e+02
-1.730804667372943015e+02
-1.785679038158353649e+02
-1.722695446676632969e+02
-1.743176313821449526e+02
-1.773162248405310208e+02
1.800000000000000000e+02
-1.781912606775079553e+02
-1.734458194096072532e+02
-1.778676315634459968e+02
-1.770297693928035017e+02
1.728749836510982050e+02
1.783316625517066996e+02
1.787939512207800590e+02
-1.678847581975421406e+02
1.800000000000000000e+02
-1.790954049662673242e+02
1.800000000000000000e+02
1.717452514766104059e+02
1.797407448484986219e+02
1.792461516669292223e+02
-1.786425341554694057e+02
-1.794183369424946193e+02
-1.794791436254980397e+02
-1.684016683869268718e+02
-9.246575899499777051e+01
-1.791533259761385182e+02
-1.723237852464394564e+02
-1.743775993729102822e+02
-1.683186252126089926e+02
1.797061780653492917e+02
9.406494730774269897e+01
-1.793969088056194607e+02
-1.790330744283557181e+02
-1.783864610671188018e+02
-1.710418676371377273e+02
-1.788876003837022211e+02
1.797031333326753213e+02
-1.759757715317273039e+02
1.782554901584111064e+02
1.800000000000000000e+02
1.629579871292163205e+02
1.758724082974882776e+02
1.800000000000000000e+02
1.800000000000000000e+02
-1.794299115550011265e+02
-1.708789740054679953e+02
1.797519678718435046e+02
-1.729421533501189288e+02
-1.797046635460529558e+02
-1.561551009670709504e+02
-1.755813795330108462e+02
1.785750257274845865e+02
1.800000000000000000e+02
-1.600620082557944670e+02
-1.738219350978716591e+02
-1.786921043983362267e+02
1.766499236024985464e+02
-1.797498016798024594e+02
-1.675690779237122854e+02
-1.730616141946637754e+02
-1.620185703030359718e+02
1.781373790506933403e+02
-1.781912606775079553e+02
-1.772475145997313177e+02
-1.783864610671188018e+02
-1.705858254945175361e+02
1.800000000000000000e+02
-1.662392148882087497e+02
1.791968407481897714e+02
-1.789341549724384208e+02
-1.791615850255978728e+02
-1.758961245273630425e+02
1.715110561194952936e+02
-1.782285302599659360e+02
1.800000000000000000e+02
-1.711353766115892086e+02
1.773735943617092516e+02
1.770339591100128871e+02
-1.061519407146309533e+02
1.783634229583832678e+02
-9.000000000000000000e+01
1.785311992856141785e+02
-1.711847789767768404e+02
-1.793233096597206782e+02
1.780335354317042516e+02
-1.766753508928891847e+02
1.722596588411620928e+02
-1.762435474521959407e+02
1.744546826911379753e+02
1.771633398988745398e+02
-1.794791436254980397e+02
-1.781912606775079553e+02
1.800000000000000000e+02
1.797232109478222526e+02
1.772475145997313177e+02
1.725885071408211218e+02
1.792461516669292223e+02
-1.729834982552770839e+02
-1.750765626233038006e+02
1.745719028138892952e+02
1.729834982552770839e+02
1.767547450961098434e+02
1.794000661197460431e+02
9.029841281999487990e+01
-1.781816970355481828e+02
1.794382946674334391e+02
1.707810738618925654e+02
-1.694985149913486850e+02
1.748315320236617083e+02
1.753093155442651607e+02
-1.731335701975023085e+02
1.774614554016012278e+02
-1.761663234629119188e+02
1.728433634669391097e+02
1.800000000000000000e+02
-1.780250659891180192e+02
1.733569258974187903e+02
8.544873872686038396e+01
1.787039365019828949e+02
1.780152968878464321e+02
1.787491991852345734e+02
1.732376103250607287e+02
1.769285378829296178e+02
-1.764743848028255684e+02
1.761345388301482444e+02
-1.781720317556950022e+02
-1.782465951399284450e+02
1.791230922585693577e+02
-1.791363099554004350e+02
1.760931836158965780e+02
-1.776359204140805161e+02
-1.789241493792087283e+02
1.792897581229393893e+02
-1.775917835588718106e+02
-1.715449723228225309e+02
-1.759555144258189046e+02
-1.779441112149953312e+02
1.707217599843301059e+02
1.723493490446406042e+02
1.758935028348295759e+02
1.489845791180759136e+02
1.698057630067858668e+02
-1.730887728809753412e+02
-1.724053566314085799e+02
-1.730540323792371851e+02
1.797106298365594057e+02
1.751516952316051174e+02
1.774775877165605209e+02
-1.794183369424946193e+02
1.751354855622394950e+02
-1.773735943617092516e+02
-1.726476206401076468e+02
-1.665153234113697351e+02
1.615650511770780042e+02
-1.776337520085442065e+02
-1.698544555661036668e+02
-1.758270155239204939e+02
1.794153694792948386e+02
-1.764407331787167834e+02
1.794645410144354685e+02
1.734180553448219939e+02
-1.515043613817550181e+02
-1.658998816649870207e+02
-1.749078848755010540e+02
-1.754381920125429986e+02
-1.779047474353761515e+02
1.789035639160069877e+02
-1.781608591765916287e+02
1.708858249452087819e+02
-1.738953151230711285e+02
-1.794815003127093291e+02
-1.753093155442651607e+02
1.770339591100128871e+02
1.785461045348911284e+02
1.750679125717351496e+02
-1.746789787672987870e+02
-1.692868769772089763e+02
1.731788476352156465e+02
-1.740754180180175297e+02
1.769135107362189103e+02
-1.787212886929501963e+02
-1.797698977049027746e+02
1.672756443145776473e+02
-1.628544490811382843e+02
1.695977532348956629e+02
1.724605548604907028e+02
-1.746162983231882322e+02
1.713788768249769703e+02
1.786552756112976681e+02
1.707823557900613594e+02
-1.763477772196936826e+02
-1.695400909070708622e+02
1.792079429078376052e+02
1.787759174778237821e+02
1.782465951399284450e+02
-1.753707650522024153e+02
-1.772011014864236813e+02
-1.794031905487708229e+02
1.761859251657096479e+02
-1.749328382741468033e+02
-1.656385853381866298e+02
1.740046131959245486e+02
1.685180086452519106e+02
-1.650512729192129200e+02
-1.748055710922652111e+02
1.731572265873690526e+02
1.800000000000000000e+02
-1.757041594887284930e+02
-1.733367703778793611e+02
-1.773855704034045573e+02
-1.774614554016012278e+02
1.748055710922652111e+02
-1.795123881170750906e+02
1.693950661468284977e+02
1.756222590712599185e+02
1.800000000000000000e+02
1.789949139947458150e+02
1.782100893917539395e+02
1.800000000000000000e+02
-1.751240137875378196e+02
-1.762570117043128732e+02
1.800000000000000000e+02
1.712738642237012812e+02
1.689297974220606307e+02
-1.782986453946738834e+02
