1.700539950575827106e+02
1.793363719999867669e+02
1.769552215558060198e+02
1.794355278246930538e+02
-1.748315320236617083e+02
0.000000000000000000e+00
-1.788655783690230123e+02
-1.753800765183395924e+02
1.782020681430994955e+02
1.719431658661534357e+02
1.691541996018373197e+02
-1.745309050298880891e+02
1.749262952699370430e+02
-1.768675348014319866e+02
1.794884441334129690e+02
-1.784161884291380602e+02
-1.763358156792592979e+02
1.699256672698972466e+02
-1.780347394280794902e+02
1.739041384554041940e+02
-1.729476939921588041e+02
1.751240137875378196e+02
1.703462139114634510e+02
-1.788633281224012137e+02
-1.770029574197163242e+02
-1.754622274920933762e+02
1.717142029760462663e+02
1.785461045348911284e+02
-1.771701924071128360e+02
1.722348339815746670e+02
1.634290488330861706e+02
1.749078848755010540e+02
-1.739275435927923183e+02
-1.766499236024985464e+02
1.797046635460529558e+02
1.794464348141176231e+02
-1.739760069176803654e+02
1.761663234629119188e+02
1.732243438306010148e+02
-1.772618534806448167e+02
-1.794517317636958182e+02
-1.768919690650001826e+02
-1.733951645032460362e+02
1.800000000000000000e+02
-1.769727548177200163e+02
-1.766636632977866554e+02
-1.773757799722179413e+02
-1.791275428770979943e+02
1.800000000000000000e+02
-1.748826851500273563e+02
-1.735359256806231656e+02
1.783316625517066996e+02
1.646044507460049147e+02
1.787875719100550782e+02
-1.725457011872515523e+02
9.090459503373269001e+01
1.714444417565871106e+02
-1.717368066436100094e+02
-1.726295319968212709e+02
-1.750086667424754694e+02
-1.785082595646272807e+02
1.800000000000000000e+02
8.222236210987067295e+01
-1.765142088168778685e+02
-1.789815156522868449e+02
-1.743732542848592573e+02
-8.543819201254299855e+01
1.734180553448219939e+02
-1.685223730403922389e+02
1.747556618892848519e+02
1.800000000000000000e+02
-1.797335099239415968e+02
1.722223621098706872e+02
-1.760548137709624541e+02
1.789291755452130417e+02
-1.748301721124421704e+02
1.791363099554004350e+02
1.729448139389033372e+02
-1.746607631962624225e+02
1.769059419410828866e+02
1.779904461869788577e+02
-1.784587813562761198e+02
-1.792955791886199108e+02
1.785534443134260982e+02
-1.756012946450044865e+02
9.390569913707211924e+01
-1.792187423383913654e+02
-1.660922221901452929e+02
-1.787155564781992325e+02
1.787862879422461901e+02
1.733407927338631964e+02
-9.000000000000000000e+01
1.800000000000000000e+02
-1.658542045058970018e+02
-1.732731159509986867e+02
1.794861502836458556e+02
-1.785820771685488637e+02
-1.746441749571448270e+02
-1.794212744343922452e+02
-1.718301916372917333e+02
-1.713218311147592487e+02
-1.749649153205433265e+02
-1.709334972601838274e+02
-1.773974377975002028e+02
-1.731335701975023085e+02
1.743191091820340546e+02
-1.775680500540824198e+02
1.744006606634794423e+02
-1.756236496105158551e+02
1.760740922963160244e+02
-1.758818102960112242e+02
-1.792527061231739651e+02
6.937343693354553409e+01
1.741226073933568728e+02
-1.767713521303643915e+02
1.741140121669717473e+02
1.586414476229394097e+02
-1.748602426210094052e+02
1.701562766093056496e+02
-1.772072976342867037e+02
1.784337088130169491e+02
-1.785311992856141785e+02
1.727594098703550003e+02
-1.758295634751578973e+02
-1.781744576926701313e+02
1.763714678445635968e+02
-1.784448404949328619e+02
1.771505254393227915e+02
-1.690158726711736392e+02
-1.729396880612123653e+02
1.778252558853899643e+02
1.785004529620223650e+02
-1.752775931200842479e+02
-1.751354855622394950e+02
1.800000000000000000e+02
1.795039450396047584e+02
1.745309050298880891e+02
-1.746717652180201696e+02
-1.761120904391669342e+02
1.667211636976270484e+02
1.714547181046991398e+02
1.669828878109225059e+02
-1.752363583092738111e+02
1.759143832200251154e+02
1.753275572446105457e+02
1.790248468569074589e+02
-1.786163130326314956e+02
1.791185960034178777e+02
-1.794569283062762111e+02
-1.754139011038291471e+02
-1.693961417401286553e+02
1.753567274168811423e+02
-9.111782458238612037e+01
-1.797464805062279822e+02
-1.786489349172803429e+02
-1.791319485502544637e+02
1.785750257274845865e+02
-1.761689486389433057e+02
1.562306111400462498e+02
-1.723180953837485561e+02
-1.741260384838080881e+02
-1.757946429982914367e+02
1.760858627813875614e+02
1.783634229583832678e+02
1.800000000000000000e+02
1.789815156522868449e+02
-1.778676315634459968e+02
-1.771760397107576352e+02
-1.759447707958092337e+02
-1.711193408494797836e+02
1.747556618892848519e+02
-1.779992143833314344e+02
1.791363099554004350e+02
1.015995952211163456e+02
1.800000000000000000e+02
-1.739017880521764994e+02
1.746529183997006385e+02
-1.784014629073240314e+02
1.533198972114680885e+02
9.000000000000000000e+01
-1.797726369890094418e+02
-1.733255309528824455e+02
-1.721466866980217958e+02
-1.774551956201869132e+02
-1.728749836510982050e+02
-1.746678411183404478e+02
-1.729074826717269389e+02
1.758935028348295759e+02
1.526761086986534508e+02
-1.758949014868374263e+02
1.800000000000000000e+02
1.759527980848778270e+02
1.750639758899160086e+02
1.692868769772089763e+02
1.797475973177108415e+02
-1.790036521034950567e+02
-1.725329233597396694e+02
-1.795245272675521448e+02
1.768983359701315408e+02
1.796984460501317358e+02
-1.776015786659074820e+02
1.782020681430994955e+02
1.800000000000000000e+02
1.800000000000000000e+02
1.736263606341225056e+02
1.744063965508877629e+02
1.782193575540013057e+02
1.800000000000000000e+02
-1.749328382741468033e+02
-1.752363583092738111e+02
-1.788821754176138938e+02
-1.766335393365701805e+02
1.760457522844789082e+02
1.746789787672987870e+02
1.718315213759545088e+02
-1.783939970107177544e+02
-1.795398028320213086e+02
-1.783711750594742682e+02
1.708886429552160280e+02
1.797530369625737592e+02
1.732901631922430852e+02
1.738953151230711285e+02
1.778490568724839989e+02
-1.754580043197332770e+02
1.797442169692607479e+02
-1.776573879935017430e+02
-1.726476206401076468e+02
1.639358155073283569e+02
1.784234499448162694e+02
-1.649113691872637730e+02
-1.784991439127065576e+02
1.800000000000000000e+02
-1.705376777919743745e+02
1.755251034937539032e+02
1.759858243045889594e+02
1.757636052009411856e+02
1.757858214772659551e+02
1.781438419525511279e+02
-1.794382946674334391e+02
1.790906195508008523e+02
-1.791230922585693577e+02
1.771518120886121039e+02
-1.776784694101672812e+02
-1.788126926842711839e+02
1.800000000000000000e+02
-1.658188876131972052e+02
-1.710148002495773198e+02
-1.723880624032850903e+02
1.800000000000000000e+02
-1.763322119444685825e+02
-1.689465375207797990e+02
-1.720198862548314764e+02
-1.758553762588957170e+02
-1.765015554349778313e+02
-1.669208762199332057e+02
1.766785242366539705e+02
1.681850247637767950e+02
1.800000000000000000e+02
1.687916556810735074e+02
-1.770185387800177921e+02
1.697689565554817932e+02
-1.749262952699370430e+02
-1.738746280598002727e+02
-1.748055710922652111e+02
-1.738953151230711285e+02
1.798083760338257377e+02
1.748055710922652111e+02
-1.763714678445635968e+02
-1.770711418003069184e+02
1.777867718236041981e+02
1.708552283462157106e+02
-1.748602426210094052e+02
1.717610394243647818e+02
1.778900571518667562e+02
-1.707273982227997067e+02
1.760638338873100111e+02
1.766514051855431262e+02
-1.785056664087334752e+02
1.777093899573614806e+02
-1.773855704034045573e+02
-1.742646356666753604e+02
-1.791930705448976369e+02
-1.797061780653492917e+02
1.768830114008798375e+02
1.794327335901420781e+02
-1.720249602700071136e+02
1.792151753970080961e+02
1.796952380895789361e+02
-1.754580043197332770e+02
1.661000125879643861e+02
1.797015871800051343e+02
-1.711892670140150869e+02
-1.771886264054734852e+02
-1.788484811060362460e+02
1.771135814561353925e+02
9.498108193530840992e+01
1.800000000000000000e+02
-1.699630975460364937e+02
1.800000000000000000e+02
1.777542574341049146e+02
-1.772592094058174439e+02
1.767547450961098434e+02
-1.769581578433816276e+02
-1.776573879935017430e+02
-1.794974183332789721e+02
1.153462065364471556e+01
1.759527980848778270e+02
1.791048262897889458e+02
9.267542665602914553e+01
-1.759143832200251154e+02
1.719509382983254966e+02
1.800000000000000000e+02
1.770492208909936664e+02
1.777974018382342081e+02
1.698175802242140833e+02
1.796984460501317358e+02
1.797061780653492917e+02
-1.773120310343964263e+02
-1.729115243218539888e+02
-1.716257409724009619e+02
-1.729100698558447959e+02
-1.736598082540901089e+02
-1.777275502672170830e+02
-1.704428957783293299e+02
