1.721959014080561019e+02
-1.665618118416493587e+02
-1.767038840274537108e+02
-1.738746280598002727e+02
-1.796984460501317358e+02
-1.773200260598920863e+02
1.696747417830725340e+02
1.773842451245781433e+02
1.736278886030675039e+02
-1.779649655431400959e+02
1.741491236672707146e+02
-1.727676212917223495e+02
1.758510963022656597e+02
9.366418432074071632e+01
1.779454271190743384e+02
1.714981205885185602e+02
-1.782554901584111064e+02
1.715630958685941039e+02
-1.781523897340053963e+02
1.745596679689944892e+02
-1.773438527960428814e+02
-1.727468053872746623e+02
-9.738063635884083169e+01
-1.784925642412250397e+02
-1.675702769815455326e+02
-1.719952711427071677e+02
-1.792115757375598832e+02
-1.712168846438822243e+02
-1.635596204783198289e+02
1.795165027891097509e+02
-1.707617070687068974e+02
-1.759336812251940216e+02
-1.748602426210094052e+02
-1.774438499214217018e+02
-1.690949779547655396e+02
-1.771375947738882530e+02
-1.788065105760179847e+02
1.743162936646155288e+02
1.787875719100550782e+02
-1.797572227262331808e+02
1.757358366508472614e+02
1.787039365019828949e+02
-1.614721893791125638e+02
1.788542371618248978e+02
1.786615570789762728e+02
1.741964245041519064e+02
-1.797205106094552605e+02
-9.115151889396376816e+01
-1.766753508928891847e+02
1.780054306987581469e+02
1.693260187797774847e+02
1.770390638658362548e+02
-1.688019732030460034e+02
-1.742894068625003570e+02
1.217836759362093773e+02
1.762810060268419647e+02
1.777365229211641804e+02
9.887328422721009247e+01
-1.797120839334428979e+02
1.781608591765916287e+02
-1.733036223838003025e+02
-1.764236656250026556e+02
1.800000000000000000e+02
-1.743485051185023735e+02
-1.782100893917539395e+02
-1.774091980148049004e+02
-1.781177175569892768e+02
1.800000000000000000e+02
1.788678197248687241e+02
-1.788821754176138938e+02
-1.706306149035125088e+02
1.015995952211163456e+02
1.785971184673485368e+02
-1.721959014080561019e+02
-1.749137782903653715e+02
-1.745460811114087676e+02
1.745962086397503015e+02
-1.700222873798494447e+02
1.745881308476829759e+02
-1.655201851656393615e+02
1.800000000000000000e+02
-1.788982938847936452e+02
1.733225978219587660e+02
-1.789904872173836168e+02
-1.787939512207800590e+02
1.797519678718435046e+02
1.800000000000000000e+02
-1.779441112149953312e+02
-1.759143832200251154e+02
1.800000000000000000e+02
1.759904984585607508e+02
-1.671957339347132461e+02
1.741984131123529949e+02
1.748602426210094052e+02
-1.776745455792247128e+02
-1.680091650209607508e+02
9.653786088536545407e+00
-1.597298951614063469e+02
-1.533210408626288768e+02
-1.794594898128693501e+02
-1.780908475670036353e+02
-1.796952380895789361e+02
-1.689728676949393105e+02
1.800000000000000000e+02
1.709884936492618976e+02
-1.771505254393227915e+02
8.971208393344291210e+01
1.504013743637262337e+02
1.634429286243633612e+02
-1.722235708050905032e+02
1.701588682403656207e+02
-1.792838400545296054e+02
-1.780725041133281081e+02
1.756839724801344005e+02
1.789949139947458150e+02
-1.717405620201211889e+02
1.716341138759674152e+02
1.688529934740780902e+02
-1.797284580543154675e+02
-1.614828478195454693e+02
-1.755787105785693996e+02
1.788308606720925980e+02
-1.791048262897889458e+02
8.384252766044636473e+01
-1.735359256806231656e+02
1.756222590712599185e+02
-1.659637565320735177e+02
1.709272733480324291e+02
-1.694432552442817723e+02
-1.794123715837600344e+02
-1.785913712646615465e+02
-1.742072035049678504e+02
-1.792257798350719327e+02
1.678228918772692282e+02
1.769135107362189103e+02
-1.710951790096779348e+02
-1.729421533501189288e+02
1.783634229583832678e+02
-1.785890591796172657e+02
1.762053277316842355e+02
-1.775917835588718106e+02
1.749401311537359049e+02
1.781608591765916287e+02
1.789190758133393331e+02
1.800000000000000000e+02
-1.776140559696112007e+02
-7.258030107651238794e+00
1.765142088168778685e+02
1.788015183498815190e+02
1.739909940425054629e+02
1.744570079124959250e+02
-1.766499236024985464e+02
1.740355128987469016e+02
7.847096427464572344e+01
-8.789834567232871620e+01
1.730470425318260936e+02
1.554803573118092572e+02
1.800000000000000000e+02
-1.722223621098706872e+02
-9.576990059293661872e+00
1.771375947738882530e+02
-1.794000661197460431e+02
-1.745852979290443443e+02
1.760652179436305573e+02
-1.791319485502544637e+02
-1.710850730428521445e+02
1.745018372750190281e+02
-1.718301916372917333e+02
1.782100893917539395e+02
-9.390681638410343623e+01
1.498913408641932108e+02
-1.671118148742343124e+02
1.701469197958251982e+02
1.701760682765841466e+02
-1.794355278246930538e+02
1.770980895311163579e+02
1.741226073933568728e+02
1.767819387162058149e+02
1.447981483436062611e+01
-1.705376777919743745e+02
1.800000000000000000e+02
8.595551442581890456e+01
1.766499236024985464e+02
-1.762915718428695584e+02
-1.786677801461303545e+02
1.792005758866824578e+02
1.795082028120540940e+02
-1.777867718236041981e+02
1.471089849832289644e+02
-5.658341860468706841e+01
1.800000000000000000e+02
-1.676972736747572981e+02
-1.526761086986534508e+02
1.800000000000000000e+02
1.790289780689208499e+02
-1.742290637784256546e+02
1.701864821407453974e+02
-1.797407448484986219e+02
1.086792790242361093e+02
-1.797091609776494749e+02
1.800000000000000000e+02
1.720792600983589296e+02
-1.777093899573614806e+02
-1.786895407905504953e+02
1.735936213992261798e+02
1.800000000000000000e+02
-1.756236496105158551e+02
-1.740938588862294978e+02
1.760817511359326204e+02
1.745596679689944892e+02
1.779786350596440059e+02
1.777320454640941705e+02
1.778286882090851861e+02
8.611209043916691996e+01
-1.776434786542106394e+02
-1.779441112149953312e+02
1.800000000000000000e+02
-1.717496127710945188e+02
1.797670916100794898e+02
-1.760817511359326204e+02
1.785056664087334752e+02
2.511363267163078117e+00
-1.663135432701897116e+02
-1.791406277563553431e+02
1.785004529620223650e+02
-1.795165027891097509e+02
1.780538048829692457e+02
-1.764552335444051323e+02
1.714692343900518665e+02
1.123302714075429032e+00
7.408681082953160058e+01
-1.784845920999778741e+02
-1.768470629922246928e+02
-1.797149487224161817e+02
-8.428940686250037118e+01
1.619335077024157101e+02
-1.780443186024771194e+02
-1.788876003837022211e+02
1.355635468708140081e+02
1.750927001577118745e+02
1.794241824067550510e+02
1.792678254224362036e+02
-1.761859251657096479e+02
1.756982417259409317e+02
1.558544580395783612e+02
1.660947180857489229e+02
1.635932278530973747e+02
8.792684985115357676e+01
1.774551956201869132e+02
1.795470783710387934e+02
1.784587813562761198e+02
1.800000000000000000e+02
-1.733057708681068334e+02
9.266988976200762806e+01
-1.774234281697311530e+02
1.751354855622394950e+02
-1.764909734113834361e+02
-1.778252558853899643e+02
-1.567297897992623632e+02
1.800000000000000000e+02
-1.678557219504330078e+02
-8.298349825527709811e+01
1.793152224929908698e+02
-1.716600239342764951e+02
-1.613753307462526720e+02
-1.778067654236244550e+02
1.728037645709186449e+02
-1.677995312726192196e+02
1.791533259761385182e+02
-1.673105878635160195e+02
-1.769749880924363197e+02
-1.757285779826160876e+02
1.800000000000000000e+02
-1.792926806314557666e+02
-1.695762827899340266e+02
1.751864491062934803e+02
1.701093950582419723e+02
-1.656997225508144140e+02
1.646167030331186822e+02
1.688490748314948746e+02
1.623402235262001057e+02
-1.719092221280104127e+02
-2.323015843305065786e+01
-1.773245733439708545e+02
1.773574547059352824e+02
8.553718152795947560e+01
1.759314203231546117e+02
8.902484685690744470e+01
1.719066964715568986e+02
-1.717028550301631356e+02
-1.756676860168115013e+02
1.793969088056194607e+02
-1.772854227309989597e+02
1.717759188681559408e+02
1.800000000000000000e+02
1.797453537677271527e+02
1.649419425302729678e+02
1.729448139389033372e+02
1.781816970355481828e+02
1.745124429399087660e+02
1.634742036100743690e+02
1.722129820453675393e+02
-1.791048262897889458e+02
1.735583999006649663e+02
1.760931836158965780e+02
-1.701864821407453974e+02
-1.640858790847881892e+02
1.719952711427071677e+02
-1.711381355936024420e+02
1.722129820453675393e+02
1.769123487150149288e+02
1.706365487542551591e+02
1.779010940667964462e+02
-1.737580856525849526e+02
1.775633517531898633e+02
-1.797120839334428979e+02
1.800000000000000000e+02
1.736278886030675039e+02
-1.782193575540013057e+02
1.723666694127686867e+02
-1.758403577062873637e+02
-1.719455855536182582e+02
-1.661757004957385959e+02
1.736278886030675039e+02
