-8.335848086198846829e+01
-9.152076966114375978e+01
0.000000000000000000e+00
-1.778983456723287304e+02
-1.760995062576181169e+02
-1.715110561194952936e+02
-1.759858243045889594e+02
1.800000000000000000e+02
1.800000000000000000e+02
1.788065105760179847e+02
1.753331416285610089e+02
1.739909940425054629e+02
1.690074924197322730e+02
1.725284408234076352e+02
1.756749395652615249e+02
-8.462900530446430025e+01
1.772361426290874249e+02
-1.795060831013812503e+02
1.800000000000000000e+02
1.800000000000000000e+02
1.753893506813394083e+02
1.748521151758637018e+02
-1.734180553448219939e+02
-1.794838357702351743e+02
-1.723835379807065351e+02
9.194148639091439179e+01
1.790371363743637971e+02
-1.787635923971438672e+02
-1.726656211985833238e+02
1.780079064270335607e+02
1.698753283446021953e+02
-1.741093735837959002e+02
1.800000000000000000e+02
8.084520995822053635e+00
1.186571174565581401e+02
8.894881925045625337e+01
-1.775633517531898633e+02
1.749575489308290912e+02
-1.796279547127967078e+02
-1.659637565320735177e+02
1.746569442414248385e+02
-1.757205364697547907e+02
3.301865674435003228e+00
1.777320454640941705e+02
-1.784198275271999989e+02
-1.783251620094708016e+02
1.800000000000000000e+02
9.712501634890179503e+01
-1.770492208909936664e+02
1.582653687812119472e+02
-1.773245733439708545e+02
8.243467893156770288e+01
-1.789860212772147179e+02
-1.692868769772089763e+02
1.800000000000000000e+02
1.705376777919743745e+02
1.800000000000000000e+02
-1.772920825141338241e+02
-1.780419325707659652e+02
-1.767905136822080294e+02
1.794270613023165311e+02
1.789583733239900312e+02
1.800000000000000000e+02
8.280076636163235548e+01
1.750728900523509992e+02
1.788542371618248978e+02
1.800000000000000000e+02
1.786677801461303545e+02
9.000000000000000000e+01
-1.740531369460264841e+02
1.639335994648033363e+02
-1.667293561235963466e+02
-1.648904248776595409e+02
1.769178191754718625e+02
1.778590986336768935e+02
1.791512357284464088e+02
-1.748521151758637018e+02
1.787811247648687072e+02
-1.795017883873863695e+02
1.781523897340053963e+02
-1.774632382618400186e+02
1.721847064532331331e+02
-1.737516283349617652e+02
1.800000000000000000e+02
1.788426669318704967e+02
1.800000000000000000e+02
-1.677995312726192196e+02
1.760884281874713508e+02
-1.795225462226904369e+02
-1.732901631922430852e+02
-1.738060950328490435e+02
-2.775803448783130456e+00
-1.782285302599659360e+02
1.800000000000000000e+02
-1.730590165712574162e+02
1.790684434019225364e+02
1.800000000000000000e+02
1.771578621163443472e+02
1.764862497393950491e+02
-1.744587952219601448e+02
-1.680348711622511644e+02
-1.769178191754718625e+02
1.742894068625003570e+02
-8.615754687208514895e+01
-1.741303995569853100e+02
1.800000000000000000e+02
1.710028565789349386e+02
1.780250659891180192e+02
-1.780694125588329939e+02
1.779098408462893133e+02
-1.700872485532761686e+02
1.800000000000000000e+02
-1.693803447238448712e+02
1.753141001604973042e+02
1.783516554951038700e+02
1.800000000000000000e+02
-1.757461635638808275e+02
1.633549617853240647e+02
-1.770492208909936664e+02
-1.621399059293209461e+02
1.795592719272389957e+02
1.739176633067179409e+02
-1.789087837747374010e+02
1.688351198224514178e+02
1.800000000000000000e+02
-1.768201698801357509e+02
1.006906269888942163e+01
1.775318820861714642e+02
1.800000000000000000e+02
1.800000000000000000e+02
-1.746441749571448270e+02
-8.574115387782966025e+01
1.800000000000000000e+02
1.759504182967286283e+02
1.795144541699918648e+02
1.754260787400991433e+02
-1.785185428291129313e+02
1.724053566314085799e+02
1.777320454640941705e+02
1.790608090542644391e+02
-8.893908830973576585e+01
-1.740150476848845926e+02
-1.743517526262647550e+02
-1.784198275271999989e+02
1.772072976342867037e+02
1.743753719585540978e+02
1.800000000000000000e+02
-1.794694986833262078e+02
1.800000000000000000e+02
1.751634165542646997e+02
-1.782430116900918051e+02
-1.547222777644470568e+02
1.748055710922652111e+02
-1.701588682403656207e+02
1.800000000000000000e+02
1.786980473274211363e+02
-1.714163785198860523e+02
9.298146121998219371e+01
-1.713358645668919564e+02
-1.206048779219957678e+00
-1.598293465881496047e+02
-1.788065105760179847e+02
-1.789190758133393331e+02
1.772736890060937469e+02
1.796205632985810041e+02
1.711796204479789481e+02
1.738448316567260008e+02
-1.689174305369703575e+02
1.729772061644268035e+02
1.800000000000000000e+02
-1.707066914006028924e+02
-1.768201698801357509e+02
1.759555144258189046e+02
1.795755945806385228e+02
-9.182796824430501204e+01
9.252611691161955321e+01
-1.758295634751578973e+02
-1.756676860168115013e+02
-1.777275502672170830e+02
-1.696551425185247979e+02
1.800000000000000000e+02
1.733547217897256019e+02
1.717927835880818463e+02
1.753141001604973042e+02
-1.712094568171860658e+02
1.779545915111127954e+02
1.763915311474336534e+02
1.800000000000000000e+02
1.800000000000000000e+02
1.794594898128693501e+02
-1.669613434169770301e+02
-1.748978347476418094e+02
1.800000000000000000e+02
1.800000000000000000e+02
1.737741709355742330e+02
1.682825652967966334e+02
1.794212744343922452e+02
1.793904934233248127e+02
-1.713843518158358847e+02
1.748055710922652111e+02
-1.758724082974882776e+02
-1.787939512207800590e+02
1.716341138759674152e+02
1.753800765183395924e+02
-1.791930705448976369e+02
1.775736641683976416e+02
1.752720121811578053e+02
1.745596679689944892e+02
-1.716492474676686015e+02
1.800000000000000000e+02
1.800000000000000000e+02
-1.654110812671253541e+02
1.761214754971522893e+02
1.743296426561061310e+02
1.593338765690467369e+02
-1.592151389860314907e+02
-1.788876003837022211e+02
-8.171420297604626626e+01
1.790036521034950567e+02
1.800000000000000000e+02
1.725191138204763206e+02
1.708771037946215472e+02
-1.716743496695731608e+02
1.774738830883804610e+02
-1.794838357702351743e+02
1.777454250340649651e+02
1.722079219217815762e+02
-1.776626941408761979e+02
1.800000000000000000e+02
-1.763861192479963620e+02
1.767602997038978856e+02
-1.782285302599659360e+02
-1.776386253418243939e+02
1.800000000000000000e+02
1.000079798014413512e+02
-1.739724697044787547e+02
1.800000000000000000e+02
1.775104470780008512e+02
1.800000000000000000e+02
1.740938588862294978e+02
1.795592719272389957e+02
1.800000000000000000e+02
-8.599582705929060467e+01
1.789583733239900312e+02
-1.784656585002992415e+02
-1.649136459915348780e+02
1.769059419410828866e+02
1.800000000000000000e+02
1.751469036130076233e+02
1.709492783228162693e+02
1.771375947738882530e+02
-8.578582147726595508e+01
-1.764236656250026556e+02
-1.765317707410828802e+02
1.800000000000000000e+02
-9.400417294070939533e+01
-1.777454250340649651e+02
1.787078331137500697e+02
1.800000000000000000e+02
-7.156505117707799002e+01
1.723666694127686867e+02
1.728749836510982050e+02
1.800000000000000000e+02
-1.739275435927923183e+02
1.771375947738882530e+02
1.800000000000000000e+02
1.751559996249193318e+02
-1.708033441083711068e+02
-1.775736641683976416e+02
1.745309050298880891e+02
1.744724598483438456e+02
-1.639797076979288022e+02
1.583852210572137551e+02
1.769552215558060198e+02
0.000000000000000000e+00
-1.749575489308290912e+02
1.789860212772147179e+02
1.795817900585028895e+02
9.408561677997488459e+01
1.741736579704442534e+02
1.757809046507515518e+02
-1.745596679689944892e+02
1.785558744690641788e+02
1.715288553669851694e+02
1.800000000000000000e+02
1.768492835867322697e+02
1.800000000000000000e+02
-1.794974183332789721e+02
1.800000000000000000e+02
-1.654170576705159306e+02
-1.794490960207814396e+02
-1.766981343255650074e+02
-4.484606009544625849e+00
-1.726613936637637892e+02
1.764236656250026556e+02
1.758295634751578973e+02
-1.788484811060362460e+02
1.779726772994997930e+02
1.788188110866733780e+02
-1.795303729803103465e+02
1.746290053044643003e+02
1.800000000000000000e+02
1.800000000000000000e+02
1.733455749539934061e+02
-1.714391104288353915e+02
-8.261395684873272671e+01
1.795060831013812503e+02
1.800000000000000000e+02
-1.737227015104024304e+02
1.800000000000000000e+02
-1.772951240142643599e+02
-9.785331330197821842e+01
-1.014271015939451388e+02
-8.209283729704154098e+01
1.712538377374447975e+02
1.800000000000000000e+02
1.784656585002992415e+02
-1.727630779740320008e+02
-1.551125882890754895e+02
1.724673985990526432e+02
1.766335393365701805e+02
8.638611924799636199e+01
9.283411101630650819e+01
-1.781066141542537196e+02
