-1.732901631922430852e+02
1.738533743403533265e+02
1.367130713219583349e+01
1.638671594695146325e+02
-1.633930194213830021e+02
1.791185960034178777e+02
-1.640986100654725703e+02
-1.795341909172350086e+02
1.795225462226904369e+02
-1.666075022462489130e+02
1.753893506813394083e+02
1.593045492659367142e+02
-1.646044507460049147e+02
1.800000000000000000e+02
1.776140559696112007e+02
7.525643716352927015e+01
-1.701341930569156489e+02
-1.660683107581970148e+02
-1.794490960207814396e+02
1.800000000000000000e+02
-1.782100893917539395e+02
-1.715110561194952936e+02
-1.787939512207800590e+02
8.897696981133216809e+01
-1.757411538778296460e+02
1.778470372108995434e+02
-1.724053566314085799e+02
-1.766981343255650074e+02
8.564302499415370562e+01
-1.790289780689208499e+02
-1.693460974000615238e+02
-1.790122396003601750e+02
-1.647836732879770238e+02
1.716009053521475494e+02
-1.716492474676686015e+02
-1.773574547059352824e+02
1.511443387802834764e+02
-1.778590986336768935e+02
-1.679777233138164831e+02
-8.466076319626240831e+01
-1.572349908924885256e+02
-1.710087527229339912e+02
-1.757184637649293961e+02
1.763380644244802227e+02
1.433543508353797051e+02
-1.697488012491825771e+02
-1.757241588873710612e+02
-1.795060831013812503e+02
-1.690705119978196080e+02
-1.724505782317367277e+02
-1.676919841825720709e+02
1.774922982729337662e+02
-1.777803444468021041e+02
-1.706829139308737808e+02
1.768849352400945065e+02
1.789390883097357801e+02
-1.183792430861079481e+02
1.769872124958166637e+02
1.676484408499698304e+02
1.794884441334129690e+02
1.773974377975002028e+02
-1.783516554951038700e+02
2.783808119713469864e+01
-1.391849161251184057e+02
-1.685841604755929950e+02
-1.655792268724890164e+02
1.778490568724839989e+02
-6.555604521958346709e+01
-1.752852454812950498e+02
-1.742894068625003570e+02
1.709605171966448722e+02
-1.733547217897256019e+02
1.725457011872515523e+02
-1.681663546938393381e+02
4.159642293712642491e+00
-1.705968676257873256e+02
1.730250704840038622e+02
7.623921488820876391e+01
1.746990734834743080e+02
1.794974183332789721e+02
-1.744084422442428206e+02
1.716561084159669122e+02
1.757461635638808275e+02
1.739667469937992905e+02
1.624744316262771235e+02
6.215635899702656175e+00
-1.771658889836934918e+02
1.671249984403875146e+02
-1.735301800148268114e+02
-8.879395122078004476e+01
1.218875235131297696e+00
1.795592719272389957e+02
-1.646001481204003625e+01
-1.729210783953877808e+02
-1.709723870492849187e+02
1.636982916556926284e+02
-1.750540334528958510e+02
-1.514253950099008819e+02
-1.755328409386107182e+02
-3.283862287906356592e+00
9.561220322932487647e+01
-9.884181456019167911e+01
1.786677801461303545e+02
-1.772072976342867037e+02
1.736598082540901089e+02
-1.719509382983254966e+02
-1.723666694127686867e+02
1.759717363335148548e+02
-1.727367552594154461e+02
1.688048885737000262e+02
-9.106091169026423415e+01
-1.700737544933483036e+02
-1.716456491646203233e+02
1.563998101320822229e+02
-5.370994695535705965e+00
1.025288077091515078e+02
-9.093804491991415162e-01
9.493416434056007347e+01
1.733759673654824951e+02
-1.789087837747374010e+02
1.758777021882163751e+02
1.081594904667867780e+02
1.000690626988894252e+02
1.615650511770780042e+02
-1.659637565320735177e+02
-1.795264919412650784e+02
1.800000000000000000e+02
1.733255309528824455e+02
1.771658889836934918e+02
1.784825858749878762e+02
7.641400879211110464e+01
-1.715730309785193413e+02
1.775104470780008512e+02
1.527525442212926965e+00
-1.791873484057462633e+02
-1.040362434679264823e+02
-1.714163785198860523e+02
-1.791512357284464088e+02
1.174928369515396582e+02
-1.732338251774469313e+02
-1.777974018382342081e+02
1.069661481085361885e+02
-1.680558228115536679e+02
-1.784088597288054245e+02
-1.556298799461261808e+02
-1.718698976458440200e+02
1.608045323999471350e+02
1.668274465766731112e+02
-1.613843079926689654e+02
-1.754057466687335989e+02
-1.788308606720925980e+02
9.156222491684239628e+01
1.768778695378842940e+02
-1.794694986833262078e+02
-1.705376777919743745e+02
-1.795303729803103465e+02
-1.215347919051882855e+02
-1.795103044068708016e+02
-1.648459319496874116e+02
1.787811247648687072e+02
-1.790451587461278109e+02
1.699668794456688374e+02
1.615650511770780042e+02
1.795659493678606111e+02
-1.777275502672170830e+02
1.054948485991386349e+02
-1.082771096092201191e+02
1.783501494266806020e+01
1.184601759987710778e+02
1.800000000000000000e+02
-1.713268259521202310e+02
-1.779904461869788577e+02
8.428940686250037118e+01
1.588752808539275065e+02
-1.781912606775079553e+02
-1.777093899573614806e+02
-1.795379472785692485e+02
1.741554341226131442e+02
-1.613950345261976906e+02
-1.515787907754731236e+02
1.025588369409475717e+02
-1.728749836510982050e+02
-1.615650511770780042e+02
-9.000000000000000000e+01
-1.692342444552570839e+02
1.795225462226904369e+02
1.651735200296443224e+02
-1.636982916556926284e+02
5.965675111576042866e+01
-1.636104596659652373e+02
1.191514707126502692e+01
-1.776140559696112007e+02
1.728749836510982050e+02
1.706045339804331036e+02
-1.674711922908484780e+02
1.685934474160276011e+02
-1.729421533501189288e+02
1.800000000000000000e+02
1.795341909172350086e+02
-1.633007557660064037e+02
1.707538872544367621e+02
1.416912644325522876e+02
1.742894068625003570e+02
1.789677553084342776e+02
-1.768201698801357509e+02
1.496567511157604145e+02
-1.794212744343922452e+02
1.722596588411620928e+02
-1.773162248405310208e+02
-1.791873484057462633e+02
-1.703802722003011638e+02
-1.655792268724890164e+02
-1.645479893588703248e+02
1.760548137709624541e+02
-1.768451571352080407e+02
-1.793969088056194607e+02
-6.408416499755432483e+01
-1.771014232007183011e+02
-1.571989836878277345e+02
-1.600168934781000303e+02
-1.746441749571448270e+02
-8.951853419416164570e+01
-1.782100893917539395e+02
1.689828883812107847e+02
-1.427835595264654103e+02
-8.405313694602651253e+01
-1.790289780689208499e+02
1.768004602904374565e+02
-1.302720121811578053e+02
-1.651413855520753486e+02
1.273964679248209286e+01
1.766335393365701805e+02
-1.780519149934850702e+02
-1.786980473274211363e+02
-1.740194004752365515e+02
1.712094568171860658e+02
1.736598082540901089e+02
9.037204528720329222e+01
-1.744400527366904612e+02
1.689135869883403700e+02
-1.790530485532265459e+02
1.752363583092738111e+02
-8.584035770628736373e+01
-1.654034244745058402e+02
1.787811247648687072e+02
1.729332702835989153e+02
1.653791260113683563e+02
-1.606651914621735955e+02
-6.687347961125119866e+01
-1.633007557660064037e+02
1.596383967246138411e+02
-8.399099404250547707e+01
-1.763618134221353557e+02
-1.189959595141183968e+02
1.206048779219957678e+00
-1.752852454812950498e+02
-1.788465495488946431e+02
-1.659637565320735177e+02
-1.718698976458440200e+02
1.675574892919898318e+01
-1.713843518158358847e+02
-1.790206803456605087e+02
9.724450685244119086e+01
-1.794645410144354685e+02
-1.775736641683976416e+02
-1.794490960207814396e+02
1.648355391002615704e+02
-8.167434966957316078e+01
-1.761859251657096479e+02
1.685788137250007424e+02
1.778630891462427428e+02
-1.706184898392517653e+02
1.734633663512029216e+02
1.749203921399854380e+02
1.698544555661036668e+02
-1.710273733851036013e+02
-9.283878784100538439e+01
-8.061448173995692912e+01
1.282204320548500505e+02
-7.696134341697703007e+01
-6.343494882292200998e+01
-1.665221772467586732e+02
1.800000000000000000e+02
1.579321004375897814e+02
-9.991275144672383135e+01
-1.471930344755069484e+02
-8.630861401354873408e+01
1.731572265873690526e+02
-1.385763343749973728e+02
-1.624991387310471680e+02
-1.604362163804173633e+02
6.092939596291007831e+01
-1.771375947738882530e+02
-7.334378801416704619e+00
1.748055710922652111e+02
1.752363583092738111e+02
-1.726656211985833238e+02
1.534349488229219958e+02
1.677995312726192196e+02
1.622161115573074710e+02
1.710273733851036013e+02
1.794212744343922452e+02
-1.426604753344663550e+02
1.800000000000000000e+02
9.755634405643945684e+01
1.012059475074025698e+02
1.765317707410828802e+02
-1.733792239176850103e+02
-9.392590770368397557e+01
-1.072814983718166530e+02
1.670472354866244871e+02
1.739623174785771198e+02
1.794437477729193233e+02
-1.760884281874713508e+02
9.180873932249205893e+01
1.800000000000000000e+02
-1.764236656250026556e+02
1.777454250340649651e+02
-1.691144729453412765e+02
-9.246811791382855006e+01
1.428957650942937789e+02
-1.648270846544747315e+02
-1.671012488958355391e+02
-1.723331957381858217e+02
