1.645286718344798658e+02
1.800000000000000000e+02
1.778307424102714833e+02
1.708529196151248470e+02
1.760740922963160244e+02
-1.764236656250026556e+02
1.794791436254980397e+02
1.717028550301631356e+02
1.800000000000000000e+02
1.800000000000000000e+02
1.800000000000000000e+02
1.695257651717741965e+02
1.724053566314085799e+02
1.791987126698930126e+02
1.781523897340053963e+02
1.046513585718221719e+02
1.800000000000000000e+02
1.776386253418243939e+02
1.800000000000000000e+02
-1.775559319423645945e+02
1.781874473144844160e+02
-1.721260618682743768e+02
1.755635255143426434e+02
1.800000000000000000e+02
1.800000000000000000e+02
1.769151876695024157e+02
9.081845546168861461e+01
-1.727697573607484287e+02
-1.731363080853729457e+02
1.800000000000000000e+02
1.743405181598375293e+02
1.800000000000000000e+02
1.775736641683976416e+02
1.777093899573614806e+02
9.509211512449896020e+01
1.783939970107177544e+02
-1.033091786954004760e+02
-1.736010433726310680e+02
1.715387118574286376e+02
1.780079064270335607e+02
1.796327243926619133e+02
1.757241588873710612e+02
1.764236656250026556e+02
1.770133630095248520e+02
1.732110254255612176e+02
9.305869757409583087e+01
1.800000000000000000e+02
-8.972626614896393349e+00
1.800000000000000000e+02
1.776337520085442065e+02
1.793969088056194607e+02
-1.763217612780066190e+02
-1.771578621163443472e+02
-1.776337520085442065e+02
-1.782816419983445542e+02
1.800000000000000000e+02
1.800000000000000000e+02
1.714481697661799444e+02
-1.725457011872515523e+02
1.705376777919743745e+02
1.786677801461303545e+02
-1.763217612780066190e+02
-1.732599439020530667e+02
1.792205136788815310e+02
1.800000000000000000e+02
1.800000000000000000e+02
-1.783153156821037157e+02
1.752363583092738111e+02
1.784792303388562402e+02
-1.790122396003601750e+02
1.670821871560660270e+02
1.770643265535788373e+02
1.679809975454554944e+02
-1.737093292266449964e+02
-1.767295120768164338e+02
-1.762138879646184364e+02
1.800000000000000000e+02
1.800000000000000000e+02
1.800000000000000000e+02
1.800000000000000000e+02
1.800000000000000000e+02
1.800000000000000000e+02
1.796327243926619133e+02
1.751147974318826925e+02
-1.789291755452130417e+02
1.786028189727036306e+02
1.774664411116054339e+02
1.695085229876684139e+02
-1.298055710922652111e+02
1.774632382618400186e+02
1.764236656250026556e+02
1.734180553448219939e+02
1.730887728809753412e+02
-1.795060831013812503e+02
8.759978553914336885e+01
1.759143832200251154e+02
1.794694986833262078e+02
1.787455483773184710e+02
-1.772736890060937469e+02
1.800000000000000000e+02
1.755153939904553795e+02
1.800000000000000000e+02
-1.786112834104486922e+02
1.715387118574286376e+02
1.768697551377809134e+02
1.774738830883804610e+02
9.257914750028341189e+01
1.800000000000000000e+02
-1.795592719272389957e+02
1.683497005624623455e+02
1.703112134396332067e+02
-1.777542574341049146e+02
1.760740922963160244e+02
1.761859251657096479e+02
8.638611924799636199e+01
1.775459683254729271e+02
1.766981343255650074e+02
-1.784088597288054245e+02
1.796048629574925144e+02
-1.775318820861714642e+02
-1.794212744343922452e+02
1.747661383527835710e+02
-1.777630209365622989e+02
1.795303729803103465e+02
1.720198862548314764e+02
-1.771375947738882530e+02
1.761539699099526217e+02
1.689388175384082160e+02
1.716625555611532832e+02
-1.777320454640941705e+02
1.800000000000000000e+02
1.800000000000000000e+02
1.800000000000000000e+02
1.717927835880818463e+02
1.716341138759674152e+02
1.723331957381858217e+02
1.791636246745775907e+02
1.764785466230777899e+02
1.721260618682743768e+02
-1.729987324425046609e+02
1.782986453946738834e+02
1.790684434019225364e+02
1.755153939904553795e+02
-1.771844433157887693e+02
1.722079219217815762e+02
1.717142029760462663e+02
-1.696951535312339843e+02
1.800000000000000000e+02
1.774551956201869132e+02
1.775633517531898633e+02
1.733674853848615385e+02
1.800000000000000000e+02
1.692959932507220344e+02
-1.762218022928384187e+02
-1.794327335901420781e+02
1.777760387596145506e+02
1.717405620201211889e+02
1.800000000000000000e+02
1.728007663616323555e+02
1.757205364697547907e+02
1.765317707410828802e+02
1.800000000000000000e+02
-1.795341909172350086e+02
-1.717405620201211889e+02
1.779904461869788577e+02
-1.782642954110716289e+02
1.709097230791776667e+02
1.789677553084342776e+02
1.800000000000000000e+02
-8.779740183823419386e+01
-1.726214641573261872e+02
-1.787363274483417399e+02
-1.763217612780066190e+02
-1.776304919357447147e+02
8.698721249581666370e+01
1.794270613023165311e+02
1.746441749571448270e+02
1.800000000000000000e+02
0.000000000000000000e+00
1.763217612780066190e+02
1.794694986833262078e+02
1.732110254255612176e+02
1.800000000000000000e+02
-1.722129820453675393e+02
1.747187593715548815e+02
-1.749078848755010540e+02
-1.794884441334129690e+02
1.800000000000000000e+02
-1.782465951399284450e+02
1.800000000000000000e+02
1.786360724683970886e+02
-1.752798630689564447e+02
1.789390883097357801e+02
1.800000000000000000e+02
1.732243438306010148e+02
1.800000000000000000e+02
1.730727818739908344e+02
1.714692343900518665e+02
-1.795379472785692485e+02
1.796075692906591428e+02
-1.776721849109588618e+02
1.778789036033385571e+02
1.795626361324792697e+02
1.724346789315677029e+02
-1.754711757630674640e+02
1.782239557466412521e+02
1.712977762100532004e+02
-1.720424747730828585e+02
-1.767295120768164338e+02
1.779098408462893133e+02
1.794884441334129690e+02
1.800000000000000000e+02
-1.785185428291129313e+02
1.786780243404630255e+02
-3.878524502847705779e+00
-1.795787150958314271e+02
-9.118118891332663623e+01
-1.788911878722400672e+02
-1.791636246745775907e+02
1.777093899573614806e+02
1.738844964337145882e+02
1.776140559696112007e+02
1.757241588873710612e+02
9.000000000000000000e+01
8.939690880561947495e+01
1.793969088056194607e+02
1.794743653935423993e+02
-1.765317707410828802e+02
1.751864491062934803e+02
1.784656585002992415e+02
1.769552215558060198e+02
-1.783788540863465926e+02
1.800000000000000000e+02
-1.737655199044587846e+02
1.791117645047602309e+02
-1.794543424065842885e+02
-1.790759546472272916e+02
-1.730765510851894646e+02
1.697488012491825771e+02
-1.720198862548314764e+02
-1.679052429229879237e+02
1.744885225839794032e+02
1.800000000000000000e+02
-1.718698976458440200e+02
1.800000000000000000e+02
1.781523897340053963e+02
-1.740531369460264841e+02
1.722925142770350249e+02
1.800000000000000000e+02
8.949297093908522527e+01
-1.788766972859245641e+02
-1.772736890060937469e+02
1.723160181702660338e+02
1.777630209365622989e+02
1.733386983602298415e+02
1.781988394842776415e+02
1.786521127198014085e+02
-1.782100893917539395e+02
-1.744006606634794423e+02
-1.647448812969422249e+02
-1.766002858408767509e+02
-1.791185960034178777e+02
-1.669613434169770301e+02
1.786780243404630255e+02
1.723758074955481732e+02
1.769872124958166637e+02
1.781221225527146430e+02
1.800000000000000000e+02
1.800000000000000000e+02
1.736598082540901089e+02
1.795558555668880558e+02
1.688708107103888096e+02
1.794594898128693501e+02
1.754057466687335989e+02
1.791930705448976369e+02
1.726352537550173452e+02
1.800000000000000000e+02
1.800000000000000000e+02
1.768492835867322697e+02
1.800000000000000000e+02
1.741226073933568728e+02
1.791756571791548538e+02
1.772993706626047299e+02
1.739275435927923183e+02
1.783153156821037157e+02
1.767427780593330624e+02
1.796021190381654264e+02
1.788618229925118328e+02
1.788982938847936452e+02
-8.053767779197438870e+01
1.652032377549426769e+02
-1.731402399944742001e+02
-1.686046789461071569e+02
-1.739275435927923183e+02
-1.748055710922652111e+02
-1.786980473274211363e+02
-1.777320454640941705e+02
-1.794694986833262078e+02
1.770390638658362548e+02
1.784925642412250397e+02
1.795523858291394674e+02
-1.683312259996310445e+02
-1.758487147335783334e+02
-1.781282550347112590e+02
-1.712538377374447975e+02
-1.737031812810156168e+02
1.753331416285610089e+02
1.800000000000000000e+02
-1.717241071729248176e+02
1.800000000000000000e+02
-1.713986151412851200e+02
-1.795185341941616457e+02
-1.769335144988741035e+02
-1.752755483028291223e+02
-1.746441749571448270e+02
-1.653791260113683563e+02
-1.725930878715047641e+02
-1.761859251657096479e+02
-1.768778695378842940e+02
-1.743907255535542049e+02
1.800000000000000000e+02
1.791987126698930126e+02
-1.780519149934850702e+02
-1.768697551377809134e+02
