1.800000000000000000e+02
-1.688660007893530235e+02
1.614721893791125638e+02
1.797031333326753213e+02
-1.712324187554470427e+02
-1.742290637784256546e+02
-1.797310077063035294e+02
-1.778079302797755759e+02
1.773438527960428814e+02
1.749078848755010540e+02
-1.751864491062934803e+02
1.729834982552770839e+02
-1.742321111020858666e+02
-1.700919628972416149e+02
-1.764236656250026556e+02
1.751611011990767111e+02
1.773120310343964263e+02
-1.686900675259797993e+02
-1.758150838748815943e+02
-1.715730309785193413e+02
-1.674066700438968667e+02
-1.720198862548314764e+02
1.739458081058851633e+02
-1.646966525376990660e+02
-1.722079219217815762e+02
-1.770157178564066385e+02
1.797106298365594057e+02
-1.783235289531932608e+02
-8.379017385281373720e+01
-1.628769389595821053e+02
-1.748330510803322682e+02
1.800000000000000000e+02
-1.760652179436305573e+02
-8.970158718000512010e+01
1.773438527960428814e+02
1.794382946674334391e+02
1.741140121669717473e+02
-1.735925597174668269e+02
1.719793102044716022e+02
-1.677995312726192196e+02
1.782376089763394873e+02
-1.794212744343922452e+02
1.800000000000000000e+02
1.722348339815746670e+02
-1.739623174785771198e+02
1.745337949612642774e+02
1.766514051855431262e+02
-9.662587470561747693e+01
-1.775633517531898633e+02
-1.711456918116781765e+02
1.788065105760179847e+02
1.619165546169513448e+02
1.784765352083481673e+02
-8.553284093861071824e+01
-1.797000248376961054e+02
1.794183369424946193e+02
-1.797046635460529558e+02
-9.679594401601895015e+01
1.794410345191678573e+02
1.700075854737837346e+02
1.778286882090851861e+02
-1.776015786659074820e+02
1.770792784789996119e+02
-1.598182093000183102e+02
-1.688048885737000262e+02
-1.790906195508008523e+02
-1.797061780653492917e+02
1.778343847470971468e+02
1.758724082974882776e+02
1.668053289249969566e+02
1.774861897638222672e+02
-1.654034244745058402e+02
-1.797602701039191402e+02
-1.681718283770816242e+02
-1.637747246388217945e+02
-1.730727818739908344e+02
-1.797000248376961054e+02
8.346336635120293579e+01
1.779228252348372052e+02
-1.783153156821037157e+02
-1.796952380895789361e+02
1.729476939921588041e+02
-9.322452260651991196e+01
-1.770185387800177921e+02
1.108409193395673071e+02
1.745596679689944892e+02
1.790906195508008523e+02
-1.771936297482117766e+02
9.000000000000000000e+01
1.714560810892009783e+02
1.794123715837600344e+02
1.741439864145710601e+02
1.792394812228691308e+02
-1.770185387800177921e+02
1.800000000000000000e+02
-1.788484811060362460e+02
-1.787546357332316518e+02
-1.738219350978716591e+02
-9.000000000000000000e+01
1.769434195518505533e+02
1.792461516669292223e+02
-1.775889702533887942e+02
-1.797015871800051343e+02
1.797031333326753213e+02
1.607225269163375856e+02
1.732387614899627977e+02
1.693803447238448712e+02
-1.709188816116305532e+02
1.592188883417512670e+02
1.788655783690230123e+02
-1.796984460501317358e+02
-1.703401069215576911e+02
1.750679125717351496e+02
1.782376089763394873e+02
1.763861192479963620e+02
-1.745309050298880891e+02
-9.685363517165022529e+01
1.649747784205510470e+02
1.763537287912431566e+02
1.794437477729193233e+02
1.782007242758659515e+02
1.779228252348372052e+02
1.726865113719683507e+02
-1.763752466679260635e+02
-1.691359400779122950e+02
1.725041423602701514e+02
1.800000000000000000e+02
-1.558977654988388792e+02
-1.794299115550011265e+02
1.762194314656989320e+02
1.770339591100128871e+02
-1.756676860168115013e+02
1.770185387800177921e+02
1.730540323792371851e+02
-1.744631176375162909e+02
1.735359256806231656e+02
1.756839724801344005e+02
-1.733407927338631964e+02
1.788766972859245641e+02
-1.755328409386107182e+02
-1.770643265535788373e+02
1.714842175956499375e+02
1.748055710922652111e+02
1.786489349172803429e+02
1.762623704565899061e+02
1.760652179436305573e+02
1.724605548604907028e+02
-1.794270613023165311e+02
1.788367937547588724e+02
-1.788002637618786252e+02
-1.756012946450044865e+02
1.723852880579689781e+02
1.667113458652379734e+02
1.800000000000000000e+02
1.749575489308290912e+02
1.755558938783473195e+02
1.797271650169319344e+02
1.737227015104024304e+02
1.785159853243378905e+02
-1.733741252943825373e+02
-1.791615850255978728e+02
1.785534443134260982e+02
1.773162248405310208e+02
1.732901631922430852e+02
-1.781720317556950022e+02
1.690459373566016552e+02
-1.786677801461303545e+02
1.682194762230845981e+02
-1.794241824067550510e+02
1.567687994844585830e+02
1.794299115550011265e+02
1.720303896056786357e+02
-1.777207739785733054e+02
1.742622653299436024e+02
1.800000000000000000e+02
1.743405181598375293e+02
1.687493185695048794e+02
-1.727249950421107485e+02
1.631331430422562789e+02
-1.706365487542551591e+02
-1.782100893917539395e+02
-1.797218673327036527e+02
-1.754381920125429986e+02
1.676335028467851771e+02
1.730804667372943015e+02
-1.797046635460529558e+02
1.784925642412250397e+02
-1.741984131123529949e+02
1.733255309528824455e+02
-1.518762646167111825e+02
8.682016988013576508e+01
-1.673414906912023525e+02
1.771658889836934918e+02
1.789241493792087283e+02
-1.771232349296994357e+02
1.730540323792371851e+02
-7.617570049573861013e+01
-1.788982938847936452e+02
-1.662136820113280749e+02
1.702078537570825176e+02
-8.847653520834818153e+01
1.701806993612420911e+02
-1.779441112149953312e+02
1.768830114008798375e+02
1.800000000000000000e+02
1.757636052009411856e+02
-1.711646267865505138e+02
-1.706806786086404770e+02
1.733071246421659168e+02
1.800000000000000000e+02
-1.746000265766749635e+02
1.797359660187408963e+02
-1.724436559435605432e+02
1.608328765995142078e+02
-1.761062924449028628e+02
-1.796968505562858809e+02
1.762245341757102040e+02
1.740938588862294978e+02
1.757321066997091918e+02
-1.772592094058174439e+02
1.788542371618248978e+02
-1.774489049109990617e+02
-1.502899913582240004e+02
-9.386918457636542712e+01
1.716167515190706467e+02
1.730250704840038622e+02
-1.791094637466394204e+02
-1.740475405620324523e+02
1.743732542848592573e+02
-1.788188110866733780e+02
-1.792623268625678179e+02
1.700398596916272140e+02
1.685223730403922389e+02
1.740531369460264841e+02
1.706279072914209110e+02
-1.763477772196936826e+02
-1.791001402850956197e+02
1.685342317012388662e+02
1.721260618682743768e+02
-1.597603086303817008e+02
1.679247114168064741e+02
-1.744631176375162909e+02
-1.756457789369304123e+02
1.664118708101159996e+02
-1.782100893917539395e+02
1.716257409724009619e+02
1.771760397107576352e+02
1.780998890344231427e+02
1.711278670070824717e+02
1.623620044377026659e+02
1.733255309528824455e+02
1.739909940425054629e+02
1.726569918829931680e+02
1.675350671579350319e+02
1.759555144258189046e+02
1.748055710922652111e+02
1.726193636411591967e+02
-1.782901859558584761e+02
1.747581800530204532e+02
1.731689940506484788e+02
1.673717780826095805e+02
-1.636790362693806458e+02
1.761345388301482444e+02
1.725191138204763206e+02
-1.722468381254411725e+02
1.788308606720925980e+02
-1.767713521303643915e+02
1.800000000000000000e+02
1.794270613023165311e+02
-1.723666694127686867e+02
-1.641373416293119192e+02
1.740355128987469016e+02
1.779752349184389573e+02
1.766514051855431262e+02
1.794031905487708229e+02
-1.776386253418243939e+02
1.736865694756438643e+02
-1.797031333326753213e+02
-1.618781397520986332e+02
-1.717241071729248176e+02
-1.719121200254620021e+02
1.736598082540901089e+02
1.763086140135487199e+02
1.792151753970080961e+02
-1.794410345191678573e+02
-1.779649655431400959e+02
1.768361163811192682e+02
1.682804009050058482e+02
-1.723115522300971350e+02
1.746441749571448270e+02
1.647183922653051980e+02
-1.722482208457032868e+02
-1.733741252943825373e+02
-1.744006606634794423e+02
-1.772993706626047299e+02
1.779545915111127954e+02
-1.770492208909936664e+02
-1.777974018382342081e+02
-1.791319485502544637e+02
-1.706852202457102408e+02
1.753331416285610089e+02
-1.626277515159075904e+02
1.752594894261088427e+02
1.682194762230845981e+02
1.702996080560542111e+02
-1.738533743403533265e+02
1.596467708519311941e+02
1.725242626144517715e+02
-1.745124429399087660e+02
-1.784765352083481673e+02
-1.748786834892214017e+02
-1.771087304037794468e+02
1.765663696375494851e+02
-1.791185960034178777e+02
1.681785116593927683e+02
-1.643460772072053828e+02
-1.770792784789996119e+02
1.786295489822003901e+02
-1.784845920999778741e+02
1.726735933398304610e+02
1.800000000000000000e+02
-1.794464348141176231e+02
1.756457789369304123e+02
8.149812058851856023e+01
