1.775459683254729271e+02
-1.745596679689944892e+02
1.749941674470489090e+02
1.796527571029142223e+02
1.763380644244802227e+02
-1.756430249941537056e+02
-1.737060518110489227e+02
1.768420552035607329e+02
-1.785679038158353649e+02
1.505463272730790720e+02
-1.791253232288786705e+02
-1.779904461869788577e+02
1.720198862548314764e+02
-1.782816419983445542e+02
-1.628972710309476213e+02
-1.794153694792948386e+02
-1.725497509313438229e+02
1.784377750831576179e+02
1.758150838748815943e+02
1.746678411183404478e+02
3.046554491945988019e+01
-1.686900675259797993e+02
1.693803447238448712e+02
-1.795787150958314271e+02
1.783153156821037157e+02
-1.712147012821154135e+02
1.795755945806385228e+02
1.772519118199462582e+02
1.610457683004888167e+02
1.501799274345262347e+02
-1.780908475670036353e+02
1.719727624895680549e+02
-1.795264919412650784e+02
1.668367675103005183e+02
-1.713843518158358847e+02
1.790398254333336467e+02
-1.764604408314500574e+02
1.617541454724217544e+02
-1.753225821411182608e+02
-1.779545915111127954e+02
1.643271794904568139e+02
1.744724598483438456e+02
1.752798630689564447e+02
-1.712977762100532004e+02
-1.713726468559347893e+02
9.607245640720771007e+01
1.800000000000000000e+02
1.774208524997165739e+02
1.691699204565929904e+02
-1.696409475119162948e+02
1.761575468720851347e+02
-1.670424199059068826e+02
1.698753283446021953e+02
1.648542938555698356e+02
-1.793138558021647668e+02
1.723039482779834373e+02
1.789769698113321681e+02
1.759958270592906047e+02
-1.786980473274211363e+02
-9.000000000000000000e+01
1.678113667980681214e+02
1.775889702533887942e+02
1.738972203463442270e+02
1.724385715723330463e+02
1.681663546938393381e+02
-1.642192466904846242e+02
-1.777320454640941705e+02
-1.575205656028968804e+02
1.779904461869788577e+02
1.714912966837297006e+02
1.749078848755010540e+02
-1.620720802379927648e+02
1.699668794456688374e+02
1.800000000000000000e+02
1.757411538778296460e+02
1.761214754971522893e+02
1.793097228021349281e+02
-1.739909940425054629e+02
1.663286928678041647e+02
-1.642752542772525999e+02
1.466459742484832134e+02
1.680887845680284158e+02
-1.766890584853885571e+02
-1.488514190138049855e+02
-1.750497277657082407e+02
1.784088597288054245e+02
-1.729476939921588041e+02
-1.706017670040739631e+02
1.711193408494797836e+02
-1.579993016494594258e+02
1.730698665033368115e+02
-1.692755514625288242e+02
-1.776304919357447147e+02
1.779423540530517300e+02
1.410885281541951883e+02
1.792361015390700345e+02
1.720424747730828585e+02
-1.643757654188131880e+02
-1.735402463626132175e+01
1.658219355852931187e+02
-1.793969088056194607e+02
1.787724211678654456e+02
-1.720565281894095904e+02
-1.608209919741892975e+02
-1.795488614532127372e+02
1.794153694792948386e+02
-1.605069380888490116e+02
-1.674123066183512094e+02
-1.736095046853530448e+02
1.756317225654116214e+02
1.780780440410685799e+02
1.593255752391260955e+02
1.687940524925974444e+02
1.785311992856141785e+02
1.745881308476829759e+02
-1.795264919412650784e+02
-8.528524548129506400e+01
-1.698907015075048434e+02
1.791636246745775907e+02
1.574667499209957384e+02
1.654833000411453554e+02
1.795558555668880558e+02
-1.790684434019225364e+02
1.700872485532761686e+02
-1.658608916883495112e+02
1.796869114249793427e+02
1.704399035191136988e+02
1.670424199059068826e+02
-1.621213034041586525e+02
-1.752720121811578053e+02
1.517359958514760763e+02
-1.784377750831576179e+02
-9.790716270295845902e+01
-1.763588147420986729e+02
1.720424747730828585e+02
1.518214098900408544e+02
1.729373973295842291e+02
1.683106308245608318e+02
1.755251034937539032e+02
-1.711353766115892086e+02
1.623156079734422690e+02
1.713136454187633433e+02
1.795659493678606111e+02
1.800000000000000000e+02
1.697860270149295161e+02
1.644758890032457543e+02
1.775409560098953818e+02
-1.672756443145776473e+02
-1.757858214772659551e+02
-1.759921954576276732e+02
-1.741652110031586744e+02
1.709723870492849187e+02
1.740938588862294978e+02
1.768697551377809134e+02
1.795144541699918648e+02
1.766890584853885571e+02
1.774169793313649279e+02
-1.465921754102910768e+02
1.599864332047798712e+02
-1.768697551377809134e+02
-1.733455749539934061e+02
1.765834118082286750e+02
-1.795787150958314271e+02
1.750882118274940069e+02
1.733455749539934061e+02
-1.795185341941616457e+02
-9.772863699595161791e+01
1.780079064270335607e+02
-1.743753719585540978e+02
1.571902888961225528e+02
1.710273733851036013e+02
-1.795592719272389957e+02
-1.764964683552155691e+02
7.747772036108115934e+00
1.739275435927923183e+02
1.795848204588551482e+02
1.628142938557752473e+02
1.702867489750597372e+02
1.764964683552155691e+02
1.642913621709842573e+02
1.672212668115939778e+02
-1.780585136090856224e+02
-1.342361015390700061e+02
-1.796968505562858809e+02
-1.694722138800364348e+02
-1.788876003837022211e+02
1.350000000000000000e+02
1.780419325707659652e+02
1.025876933816487906e+02
1.795379472785692485e+02
-1.701887431320039639e+02
1.740938588862294978e+02
1.763714678445635968e+02
-1.683106308245608318e+02
-1.714163785198860523e+02
1.782816419983445542e+02
9.041820994149709634e+01
1.776626941408761979e+02
1.754860115419987210e+02
-1.653791260113683563e+02
1.795144541699918648e+02
-1.790289780689208499e+02
1.692374627768575408e+02
1.795103044068708016e+02
-9.648045316098155411e+00
-1.647975912908238456e+02
-1.782773379283771931e+02
1.614130733385140957e+02
-1.736598082540901089e+02
1.793969088056194607e+02
-1.708628489858612909e+02
1.764725319496259033e+02
-8.044571032759824902e+01
-1.730590165712574162e+02
-1.758487147335783334e+02
-1.699920201985586914e+02
1.731572265873690526e+02
1.792205136788815310e+02
-1.788982938847936452e+02
1.800000000000000000e+02
-1.787981669355478971e+02
1.586906894028274166e+02
-1.753071374944101706e+02
-1.725041423602701514e+02
-1.761575468720851347e+02
1.696951535312339843e+02
-1.596955262900395667e+02
-1.775889702533887942e+02
1.003048464687660299e+02
1.546758185980528140e+02
-1.744724598483438456e+02
-9.836588612403259901e+01
-1.744724598483438456e+02
-1.731363080853729457e+02
-1.744724598483438456e+02
1.719408960971290412e+02
1.656064070315094909e+02
1.728749836510982050e+02
1.714391104288353915e+02
-1.791987126698930126e+02
-1.558715970697321325e+02
4.484606009544625849e+00
-1.614396776802148850e+02
-1.659637565320735177e+02
1.556062606138368380e+02
-1.795264919412650784e+02
1.726059913574017344e+02
-1.741303995569853100e+02
-1.586293777306568131e+02
-1.740194004752365515e+02
-1.717536791855314675e+02
-1.672756443145776473e+02
1.776909372109743117e+02
-1.711702553320909317e+02
1.759555144258189046e+02
-1.776386253418243939e+02
1.800000000000000000e+02
1.709867956443572723e+02
-1.581176643252127860e+02
1.703947958449870725e+02
-1.770492208909936664e+02
1.531721259896854974e+02
1.742485979096340145e+02
-1.746106882400266045e+02
1.694722138800364348e+02
1.664140087921110762e+02
-1.791756571791548538e+02
1.753645365730973538e+02
1.689174305369703575e+02
1.765167285310023431e+02
1.686900675259797993e+02
-8.212780189285886934e+00
1.608011527161479819e+02
1.033091786954004760e+02
1.737175079118386236e+02
-9.712501634890179503e+01
-1.744995885297981033e+02
-1.730272307139735517e+02
-1.796230595204028759e+02
-1.749427514674408712e+02
1.719455855536182582e+02
-1.766580561427388716e+02
1.597751405688319153e+02
-1.776626941408761979e+02
-1.731572265873690526e+02
-1.793452195977323242e+02
1.762218022928384187e+02
-1.699089427611110921e+02
1.722713630040483963e+02
-1.628637254964240242e+02
-1.783788540863465926e+02
-1.786468080462203147e+02
1.650049208708240087e+02
-1.787078331137500697e+02
1.031340223063963322e+02
-1.785185428291129313e+02
-1.723331957381858217e+02
-1.732639887858806560e+02
1.664140087921110762e+02
1.789488192504562676e+02
-1.677842808658691354e+02
1.794929709390852395e+02
-1.793969088056194607e+02
0.000000000000000000e+00
-1.790451587461278109e+02
1.760995062576181169e+02
1.724053566314085799e+02
-1.691435866519377385e+02
1.782642954110716289e+02
-1.679694039034621369e+02
1.593410899366924980e+02
1.627410457070959069e+02
1.800000000000000000e+02
1.800000000000000000e+02
-1.742373671134015467e+02
1.543589941756947042e+02
1.655475717489070178e+02
1.778983456723287304e+02
1.648759926916894187e+02
-1.702382252249577448e+02
1.696513159120045202e+02
1.714692343900518665e+02
1.698753283446021953e+02
1.792309753174219509e+02
