1.785374467809021723e+02
1.727538511053298009e+02
1.791094637466394204e+02
-1.772880165325550479e+02
1.774292628893094843e+02
1.762915718428695584e+02
-1.797031333326753213e+02
1.791140534061457572e+02
1.800000000000000000e+02
1.733900561063700252e+02
-1.759143832200251154e+02
1.694389893088036274e+02
1.752798630689564447e+02
-1.773842451245781433e+02
1.800000000000000000e+02
1.677229019488919732e+02
5.545317308862040662e+00
1.800000000000000000e+02
-2.075026361417407372e+00
-1.749401311537359049e+02
1.773974377975002028e+02
-1.788655783690230123e+02
-1.759958270592906047e+02
1.772257226886992214e+02
-8.589612452736305670e+01
1.793969088056194607e+02
9.055356518588239112e+01
1.748479182977937967e+02
-1.792623268625678179e+02
-1.778886693744239835e+02
-1.777867718236041981e+02
-1.733255309528824455e+02
1.734280773456841018e+02
1.778286882090851861e+02
1.695625246488818334e+02
-1.754057466687335989e+02
1.684137234653715041e+02
-1.786360724683970886e+02
-1.715730309785193413e+02
-1.786677801461303545e+02
-1.784765352083481673e+02
-1.779335230143557567e+02
1.779335230143557567e+02
1.773493103165781974e+02
1.800000000000000000e+02
1.750302592718896904e+02
8.664992360249851799e+01
1.772208331359279327e+02
1.767905136822080294e+02
8.161131109943993067e+01
-1.783293467286000293e+02
8.792282523483719103e+01
1.755205395476497188e+02
1.792394812228691308e+02
-1.748268311207934005e+02
1.743191091820340546e+02
-9.087690774143064232e+01
-1.790491200140635044e+02
1.722245659208399502e+02
-1.794031905487708229e+02
1.761493611760892577e+02
1.720617354764545155e+02
1.790833457436147285e+02
1.647235261807066706e+02
-1.696513159120045202e+02
-1.754790421004185816e+02
-1.779079337205198499e+02
1.782730122495123624e+02
1.700530120634415141e+02
1.775917835588718106e+02
1.715642324866485353e+02
1.758972030767579895e+02
1.733367703778793611e+02
1.790759546472272916e+02
1.780347394280794902e+02
1.764049903389908991e+02
-1.792151753970080961e+02
-1.698175802242140833e+02
-1.771798275275515095e+02
1.759483161621715510e+02
-1.707114324663358218e+02
-1.779726772994997930e+02
1.785082595646272807e+02
1.785534443134260982e+02
1.781523897340053963e+02
1.745962086397503015e+02
-9.257914750028341189e+01
1.795082028120540940e+02
-1.754860115419987210e+02
-1.779120161672766471e+02
-1.794327335901420781e+02
1.790906195508008523e+02
-1.795452811383068763e+02
1.785558744690641788e+02
-1.718999426244813549e+02
1.795675872324623015e+02
-1.772475145997313177e+02
8.697130142165941891e+01
-1.749401311537359049e+02
-1.743954609376099540e+02
-1.784518423010220545e+02
1.782376089763394873e+02
-1.794183369424946193e+02
1.789993021221411595e+02
1.788260704556073790e+02
-1.791319485502544637e+02
-1.752115334496864136e+02
1.748301721124421704e+02
1.797015871800051343e+02
1.795144541699918648e+02
-1.794410345191678573e+02
-1.768083733434457372e+02
-1.775762286558864389e+02
-1.715836256121842780e+02
-1.746441749571448270e+02
-1.748895824389687732e+02
1.766890584853885571e+02
-1.773085899842216122e+02
1.800000000000000000e+02
-1.753579621864924718e+02
-1.797602701039191402e+02
-1.674170375059230764e+02
-1.797335099239415968e+02
-1.794062826037874459e+02
-1.751082278195227389e+02
1.744724598483438456e+02
1.771633398988745398e+02
1.675645584974723477e+02
1.634742036100743690e+02
1.738844964337145882e+02
1.770980895311163579e+02
1.729052508323889867e+02
1.800000000000000000e+02
1.800000000000000000e+02
1.797419126486638277e+02
1.760548137709624541e+02
1.743485051185023735e+02
1.707949374208057236e+02
1.620246331346079671e+02
-1.788821754176138938e+02
-1.769250830693841010e+02
-1.730964460802749727e+02
1.763714678445635968e+02
-1.754381920125429986e+02
1.730816135933063435e+02
-1.788015183498815190e+02
8.969523808957892186e+01
1.701760682765841466e+02
1.785959727808957211e+02
1.800000000000000000e+02
1.786028189727036306e+02
-1.791094637466394204e+02
-1.659637565320735177e+02
-9.283411101630650819e+01
1.727140408735197923e+02
-1.782642954110716289e+02
-9.376051070575694268e+01
-1.794464348141176231e+02
-1.768983359701315408e+02
1.771518120886121039e+02
-1.776679763183769296e+02
-1.780766108224803759e+02
1.686900675259797993e+02
1.761663234629119188e+02
-1.747556618892848519e+02
1.677459900855284047e+02
-1.783476953223486987e+02
1.791185960034178777e+02
1.692978437628900545e+00
1.743191091820340546e+02
1.763477772196936826e+02
1.785738436644055298e+02
1.782730122495123624e+02
1.738603176000761437e+02
1.744546826911379753e+02
1.779047474353761515e+02
1.800000000000000000e+02
-1.791001402850956197e+02
-1.730345815099448998e+02
-1.791048262897889458e+02
1.757108466711809740e+02
1.719455855536182582e+02
1.767547450961098434e+02
1.682791885011905322e+02
1.774614554016012278e+02
1.778900571518667562e+02
1.550434559618878154e+02
1.740222264076393515e+02
1.695977532348956629e+02
1.775804907833436630e+02
-1.759757715317273039e+02
-9.739607655971266809e+01
1.797076771307714580e+02
-1.766335393365701805e+02
-1.761120904391669342e+02
1.777889060228289395e+02
1.788982938847936452e+02
1.726232739930547382e+02
-1.699393102046770423e+02
-1.784765352083481673e+02
1.630621241615920951e+02
1.795082028120540940e+02
-1.776057522335080137e+02
-1.782239557466412521e+02
-1.751864491062934803e+02
-1.795017883873863695e+02
1.758553762588957170e+02
1.700737544933483036e+02
1.746801060821931628e+02
1.794241824067550510e+02
-1.783788540863465926e+02
1.668093892877931523e+02
1.784845920999778741e+02
1.724238451043109137e+02
-1.596467708519311941e+02
-1.757108466711809740e+02
-1.733057708681068334e+02
9.089985971490440875e+01
-1.773021943666836933e+02
-1.794952044314441650e+02
1.757108466711809740e+02
1.794952044314441650e+02
1.788655783690230123e+02
-1.762810060268419647e+02
1.795017883873863695e+02
1.713921376262939020e+02
1.710418676371377273e+02
1.771518120886121039e+02
-1.779954659678941198e+02
-1.790796650331509454e+02
-1.779228252348372052e+02
1.783766674749095387e+02
-1.738844964337145882e+02
1.788821754176138938e+02
-1.790906195508008523e+02
1.728749836510982050e+02
1.750948438591237277e+02
1.720858354909523484e+02
1.762053277316842355e+02
1.745881308476829759e+02
1.800000000000000000e+02
-1.060289783062767128e+02
-1.780347394280794902e+02
-1.788766972859245641e+02
1.785436413656603065e+02
-1.785750257274845865e+02
-1.781177175569892768e+02
1.761518205390749756e+02
1.667427611534189111e+02
-1.764421481338819149e+02
-1.773120310343964263e+02
-1.712309377468524190e+02
-1.757740018220415550e+02
1.800000000000000000e+02
-1.778983456723287304e+02
-1.766499236024985464e+02
-1.772592094058174439e+02
-1.766028670806602463e+02
1.791491351352697166e+02
-1.791656544244532085e+02
-1.786295489822003901e+02
-1.797061780653492917e+02
1.775459683254729271e+02
-1.708749913520640291e+02
-1.737536843790098828e+02
-1.768361163811192682e+02
1.675248902877910382e+02
-1.757052167429773135e+02
-1.785082595646272807e+02
1.738147450844176660e+02
1.788821754176138938e+02
1.727249950421107485e+02
1.786295489822003901e+02
-1.775690916629595790e+02
1.714108735449305527e+02
1.783634229583832678e+02
-1.744213637446066230e+02
1.624744316262771235e+02
1.769471174852075706e+02
-1.757918401522163094e+02
-1.786739456232951113e+02
-1.739114718458048401e+02
1.766499236024985464e+02
-1.791756571791548538e+02
-1.771959170048777423e+02
-1.655297058999341289e+02
-1.745460811114087676e+02
1.791417004699684981e+02
-1.727630779740320008e+02
1.797046635460529558e+02
1.797708181042459046e+02
1.756236496105158551e+02
1.737256654429181992e+02
1.800000000000000000e+02
1.738081657151579407e+02
1.760377893235320812e+02
1.743657333442326092e+02
-1.791930705448976369e+02
1.764785466230777899e+02
1.772880165325550479e+02
1.745031074942644409e+02
1.722030088897654139e+02
1.778983456723287304e+02
-1.731025724422482597e+02
-1.786615570789762728e+02
0.000000000000000000e+00
-1.755291791645048249e+02
-1.789390883097357801e+02
-1.748499176619801858e+02
1.711533483119588652e+02
1.774886367328369374e+02
-1.790256759088465230e+02
-1.767379665226032444e+02
1.798386038648796159e+02
-1.745596679689944892e+02
1.797442169692607479e+02
-1.794569283062762111e+02
-1.743517526262647550e+02
1.791140534061457572e+02
1.705376777919743745e+02
1.800000000000000000e+02
-1.794517317636958182e+02
-1.773974377975002028e+02
1.756974514611274003e+02
