1.746162983231882322e+02
-1.794382946674334391e+02
1.776978917075634001e+02
1.677604001630681694e+02
-1.762623704565899061e+02
1.775889702533887942e+02
1.759757715317273039e+02
-1.764743848028255684e+02
-1.714842175956499375e+02
-1.759350526922573010e+02
1.709806775686183187e+02
-1.737227015104024304e+02
-1.730189425931702090e+02
-8.472610404264823103e+01
-1.785236314901869150e+02
-1.773493103165781974e+02
-1.720424747730828585e+02
1.779854012121294318e+02
-1.756599792740355781e+02
-1.650499136209874393e+02
1.797106298365594057e+02
-1.782007242758659515e+02
-1.747807354720117701e+02
-1.719066964715568986e+02
-1.643778997372891126e+02
-1.754260787400991433e+02
1.603259014277493577e+02
1.732220512658009568e+02
-1.658157057517291832e+02
-1.715730309785193413e+02
-1.782007242758659515e+02
1.800000000000000000e+02
-1.737536843790098828e+02
1.722881075873411021e+02
1.727197109160062780e+02
-1.717087285083089228e+02
-1.610072517535321310e+02
-1.649536081678014909e+02
-1.784765352083481673e+02
1.800000000000000000e+02
1.770940790003466532e+02
-1.671328958599809482e+02
-1.788308606720925980e+02
1.800000000000000000e+02
1.727079410354172921e+02
-1.640151984797654166e+02
1.773438527960428814e+02
1.788426669318704967e+02
-1.786861069755020708e+02
-1.647895737835979162e+02
-1.702971427671476476e+02
-1.772880165325550479e+02
-1.788655783690230123e+02
1.777320454640941705e+02
-1.686900675259797993e+02
-1.794183369424946193e+02
1.720844875769734301e+02
-1.682194762230845981e+02
1.768065507267167220e+02
-1.741226073933568728e+02
1.612790513252829214e+02
1.681113419603720445e+02
-1.788766972859245641e+02
-1.766822188316651818e+02
1.800000000000000000e+02
1.760995062576181169e+02
-1.763861192479963620e+02
-1.779120161672766471e+02
1.690459373566016552e+02
-1.753893506813394083e+02
1.779010940667964462e+02
-1.783235289531932608e+02
9.262908188563866929e+01
-1.728114628572633649e+02
1.791230922585693577e+02
-1.707217599843301059e+02
-1.772606642780814354e+02
-1.695697800343708650e+02
1.745258717993908135e+02
-1.599933052622597529e+02
1.771494523439824604e+02
1.599393969795788735e+02
-1.693097617235009125e+02
1.771494523439824604e+02
1.755558938783473195e+02
1.797245416438647680e+02
1.718315213759545088e+02
1.690543409616327892e+02
1.769285378829296178e+02
-1.546669262255617241e+02
-1.656385853381866298e+02
-1.714391104288353915e+02
1.764604408314500574e+02
1.752363583092738111e+02
1.770339591100128871e+02
1.728380662725002139e+02
1.761062924449028628e+02
-1.736598082540901089e+02
-1.736598082540901089e+02
-1.735359256806231656e+02
-1.718272351224455008e+02
-1.682909988981359959e+02
-1.670053832080834866e+02
-1.762915718428695584e+02
-9.322864786963560846e+01
-1.753800765183395924e+02
-1.797046635460529558e+02
-1.622006359712482890e+02
-1.743775993729102822e+02
-1.736263606341225056e+02
-1.735108336040724453e+02
-1.599393969795788735e+02
1.738746280598002727e+02
-1.766865746002072513e+02
1.770029574197163242e+02
-1.590920195289903631e+02
-1.635675843089048840e+02
-1.753331416285610089e+02
-1.636413302338363565e+02
-1.761171014396363148e+02
1.610502120728856426e+02
-1.613753307462526720e+02
1.714931824678686212e+02
1.788484811060362460e+02
-1.567652150631733150e+02
0.000000000000000000e+00
-1.654655449194598873e+02
1.684078245897089516e+02
1.653167802476039867e+02
1.784792303388562402e+02
1.766822188316651818e+02
-1.779545915111127954e+02
1.793513962411090290e+02
1.763890353605505084e+02
-1.626277515159075904e+02
-1.623498757800698797e+02
1.732040559839810498e+02
-1.754860115419987210e+02
1.773301102379923861e+02
-1.652412755392435599e+02
1.783070215623710908e+02
1.569605640200964842e+02
1.701093950582419723e+02
-1.784845920999778741e+02
-9.842696902148067295e+01
1.800000000000000000e+02
1.783939970107177544e+02
1.752363583092738111e+02
1.722881075873411021e+02
-1.564895987985990189e+02
-1.785374467809021723e+02
-1.674066700438968667e+02
1.797015871800051343e+02
1.675350671579350319e+02
1.754933931162316867e+02
-1.791319485502544637e+02
1.751354855622394950e+02
-1.534349488229219958e+02
-1.640924480694741590e+02
-1.654867002832417882e+02
1.650879656964657443e+02
-1.751354855622394950e+02
-1.706829139308737808e+02
1.731475302294462324e+02
-1.794062826037874459e+02
1.694672881768579771e+02
-1.788308606720925980e+02
1.792187423383913654e+02
1.770157178564066385e+02
-1.760858627813875614e+02
-1.658188876131972052e+02
1.680066512764130096e+02
1.788367937547588724e+02
1.701701076653625648e+02
1.739760069176803654e+02
-1.662509510165807001e+02
-1.736929080652623441e+02
-1.596157042045813057e+02
1.797232109478222526e+02
1.800000000000000000e+02
1.800000000000000000e+02
-1.757321066997091918e+02
1.776386253418243939e+02
1.786360724683970886e+02
-1.775224011315543180e+02
0.000000000000000000e+00
-1.768519039004372644e+02
1.675248902877910382e+02
-1.599660768355371090e+02
8.283806627250019972e+01
1.786800543060782331e+02
-1.643252299249904240e+02
-1.646710782726944160e+02
-1.674711922908484780e+02
1.788711652033393591e+02
-1.650003532863699434e+02
1.775762286558864389e+02
-1.444320550267348722e+02
-1.579169026184467270e+02
-1.599439052634245684e+02
1.771658889836934918e+02
-1.776264041977633497e+02
1.755371815279594898e+02
-1.692868769772089763e+02
-1.773021943666836933e+02
-1.708376529542782976e+02
1.414316454264439926e+02
-1.558390848766757131e+02
-1.717952938084313246e+02
-1.593734369335455199e+02
-1.634689189965943115e+02
-1.721847064532331331e+02
1.774234281697311530e+02
-1.713174761187317756e+02
1.666697351466630153e+02
1.497944810896851777e+02
-1.775762286558864389e+02
-1.579268645992133315e+02
1.764236656250026556e+02
-1.751469036130076233e+02
-1.541954676000528650e+02
-1.769285378829296178e+02
1.770133630095248520e+02
-1.650831990918293570e+02
1.713174761187317756e+02
7.148401052459651339e+01
-1.795708261577977396e+02
1.777352454517765921e+02
-1.780631996137789486e+02
8.253292335973968363e+01
1.784925642412250397e+02
1.093522701081850386e+02
1.747261040426482452e+02
-1.044135977011849405e+02
1.760090869015702140e+02
-1.557583242715464280e+02
1.661088088285451363e+02
-1.732387614899627977e+02
-1.757740018220415550e+02
-1.796968505562858809e+02
-1.672323368553171292e+02
-1.739458081058851633e+02
1.789291755452130417e+02
-1.787939512207800590e+02
-1.301129901650784859e+02
-1.719228512162688105e+02
1.555748987166039399e+02
1.717536791855314675e+02
1.612058346955275283e+02
1.712094568171860658e+02
-1.760548137709624541e+02
-1.723493490446406042e+02
-1.562763415700956955e+02
1.595416179463643118e+02
1.741439864145710601e+02
1.776408338674183653e+02
0.000000000000000000e+00
-1.666799164775439408e+02
-1.776230491855965283e+02
1.711835577610234225e+02
1.660922221901452929e+02
1.800000000000000000e+02
-1.691144729453412765e+02
-1.788065105760179847e+02
1.691031092446745276e+02
-1.787875719100550782e+02
-1.617541454724217544e+02
1.714391104288353915e+02
-1.731484697817650726e+02
1.636591943688533490e+02
-6.449832146067691951e+01
1.770133630095248520e+02
-1.779120161672766471e+02
1.710046549963207383e+02
-1.761859251657096479e+02
-1.745309050298880891e+02
-1.732169511447988555e+02
1.572665882733123794e+02
-1.683106308245608318e+02
-1.577860267744958946e+02
1.734492735288993117e+02
1.748055710922652111e+02
1.800000000000000000e+02
1.735225402380580704e+02
1.575522513618749656e+02
1.788929729543192479e+02
1.759766476809666642e+02
-1.764236656250026556e+02
-1.755587588105672125e+02
-1.722235708050905032e+02
-1.792623268625678179e+02
-9.725803010765125123e+01
1.649747784205510470e+02
1.753567274168811423e+02
1.648141627377986822e+02
-1.664695068976771211e+02
1.736598082540901089e+02
1.738448316567260008e+02
-1.629157416233165350e+02
-1.735925597174668269e+02
1.497639238091435345e+02
1.749401311537359049e+02
-1.611468412355808937e+02
1.537780332224455435e+02
1.775212108914216742e+02
1.782414714395609110e+02
1.697198712948054151e+02
-1.770535526199876699e+02
1.659637565320735177e+02
-1.700594269668869742e+02
-1.767295120768164338e+02
1.780908475670036353e+02
-1.704932280107343274e+02
1.619601882195854898e+02
1.639439234006015624e+02
1.613784206335124338e+02
1.791449026037332999e+02
-8.560129464500447227e+01
-7.405460409907715302e+01
-1.765247672232699188e+02
1.668753627515890514e+02
-1.740531369460264841e+02
1.728157326075731532e+02
1.788114613907911803e+02
