1.624744316262771235e+02
1.717241071729248176e+02
1.766335393365701805e+02
-9.000000000000000000e+01
1.741932730944684238e+02
1.076046333366639942e+02
-1.632580296147068850e+02
-1.742321111020858666e+02
1.773245733439708545e+02
1.609065079995143890e+02
1.712538377374447975e+02
-1.924187827802438377e+01
-1.677352262721076102e+02
-1.626459753637386996e+02
-1.675295382783311311e+02
1.589624889745781786e+02
1.184821857470404325e+02
1.800000000000000000e+02
1.729476939921588041e+02
-1.696951535312339843e+02
1.718698976458440200e+02
-1.608443875545603419e+02
1.748521151758637018e+02
-1.686900675259797993e+02
1.637571208973024284e+02
-1.590442232693678193e+02
-1.647919608093646673e+02
-1.794270613023165311e+02
1.785056664087334752e+02
1.761214754971522893e+02
-1.583048905392031145e+02
-1.633391320358958865e+02
-1.717405620201211889e+02
1.709492783228162693e+02
-1.756749395652615249e+02
-1.671593209879072219e+02
-1.732901631922430852e+02
-1.725457011872515523e+02
-1.677576688011255897e+02
-1.752001638860953108e+02
-1.761120904391669342e+02
-1.445931342627303309e+02
-1.647836732879770238e+02
-1.623238913013465208e+02
-1.749709264182145603e+02
-1.773493103165781974e+02
-1.739041384554041940e+02
-1.721260618682743768e+02
-1.648141627377986822e+02
-1.772993706626047299e+02
-1.711646267865505138e+02
1.791048262897889458e+02
-1.613950345261976906e+02
-1.782986453946738834e+02
1.705376777919743745e+02
1.712538377374447975e+02
-1.710505419157911149e+02
-1.776531257075127144e+02
1.751147974318826925e+02
-1.690277597621883672e+02
-1.774362297885350017e+02
-1.665513849483134834e+02
-1.734373014910625557e+02
-1.588657601196327960e+02
-1.713986151412851200e+02
1.711533483119588652e+02
-1.781642252594542981e+02
-1.772208331359279327e+02
1.746290053044643003e+02
1.725930878715047641e+02
1.773369992339328576e+02
1.710505419157911149e+02
-1.728749836510982050e+02
1.697778313663638983e+02
-1.737131066382635254e+02
1.716167515190706467e+02
1.680558228115536679e+02
-1.726139568487327551e+02
-1.785436413656603065e+02
-1.746441749571448270e+02
-1.576468023130106246e+02
1.789488192504562676e+02
-1.661088088285451363e+02
-1.345755945806385228e+02
-1.648459319496874116e+02
-1.684300279520980155e+02
-1.782285302599659360e+02
1.612219667775544565e+02
-1.774438499214217018e+02
1.744084422442428206e+02
1.622995722113328156e+02
1.639264258352536388e+02
-1.719455855536182582e+02
-1.558858014606930453e+02
1.800000000000000000e+02
1.753331416285610089e+02
1.689964591482504943e+02
8.878112476486870719e+01
1.691596945456694527e+02
1.800000000000000000e+02
-1.739623174785771198e+02
1.646991544275500132e+02
1.658423673503227747e+02
-1.783788540863465926e+02
-1.682317110679793473e+02
1.434889438805047348e+02
-1.706144817399569433e+02
-1.518214098900408544e+02
1.795144541699918648e+02
-1.756913350834751384e+02
1.737580856525849526e+02
-1.619395280638008217e+02
1.715730309785193413e+02
1.686900675259797993e+02
-1.742321111020858666e+02
-1.578736651906267241e+02
-1.762686030008395619e+02
1.684861688155129968e+02
1.733455749539934061e+02
1.744006606634794423e+02
1.765317707410828802e+02
-1.587763434972337961e+02
-1.784656585002992415e+02
-1.111247191460724935e+02
1.800000000000000000e+02
-1.709723870492849187e+02
1.773574547059352824e+02
1.705376777919743745e+02
1.250361958100928206e+02
1.714481697661799444e+02
-1.719173672120441552e+02
-1.794382946674334391e+02
1.670053832080834866e+02
1.723666694127686867e+02
-1.775633517531898633e+02
1.761859251657096479e+02
1.631913083737931345e+02
1.624991387310471680e+02
1.790122396003601750e+02
1.770454201759403077e+02
1.685728984060548612e+02
-1.739382112112713799e+02
-1.706900598250139751e+02
1.719216553368360110e+02
-1.782100893917539395e+02
1.800000000000000000e+02
-8.729937066260471568e+01
1.785497837090665598e+02
1.723331957381858217e+02
1.800000000000000000e+02
1.770492208909936664e+02
1.710273733851036013e+02
1.740194004752365515e+02
1.725685920288274815e+02
1.734180553448219939e+02
-1.788065105760179847e+02
1.796548488768358709e+02
1.642913621709842573e+02
1.586113771721811645e+02
-1.662930389959201989e+02
-1.697488012491825771e+02
-1.714692343900518665e+02
-1.081130658075232986e+02
1.749868862449641824e+02
1.800000000000000000e+02
-1.653112132266816161e+02
-1.684951846737411927e+02
-1.742894068625003570e+02
-1.763670492605118056e+02
1.698949636349620391e+02
1.720303896056786357e+02
-1.786615570789762728e+02
1.641619999986304492e+02
-1.794838357702351743e+02
-1.759717363335148548e+02
1.671957339347132461e+02
-1.775633517531898633e+02
-1.765167285310023431e+02
-1.575367875105928590e+02
-1.721466866980217958e+02
1.386677880555314175e+02
-1.576468023130106246e+02
1.790608090542644391e+02
-1.712538377374447975e+02
1.721466866980217958e+02
-1.700419294015390221e+02
-8.405313694602651253e+01
-1.745397874078516338e+02
-1.597751405688319153e+02
1.800000000000000000e+02
1.800000000000000000e+02
1.718698976458440200e+02
-1.579769445031887471e+02
1.800000000000000000e+02
-1.700737544933483036e+02
1.633007557660064037e+02
-1.676484408499698304e+02
-9.469514467734649887e-01
-1.654342357534434313e+02
-1.675825542099236998e+02
-1.439017160328919829e+02
-1.765761287550693339e+02
-1.627185016281833612e+02
2.870595254340108937e+01
-1.593764686166747708e+02
-1.722781741998690279e+02
-1.244519345818578842e+02
1.791930705448976369e+02
-1.693571292552964280e+02
1.720424747730828585e+02
-1.765317707410828802e+02
-1.618869341924767298e+02
1.708194580423738387e+02
-1.644563207732985575e+02
1.725930878715047641e+02
1.773493103165781974e+02
-1.529959092972403596e+02
1.329228252348372052e+02
-1.775889702533887942e+02
-8.195093829832549659e+01
1.777760387596145506e+02
1.627585406010600479e+02
-1.766661493384634127e+02
1.781523897340053963e+02
-1.688636905688182708e+02
-1.734678633121475571e+02
1.725191138204763206e+02
1.774886367328369374e+02
1.371747441146100641e+02
-1.789190758133393331e+02
-1.678762617522106098e+02
1.731363080853729457e+02
-1.724053566314085799e+02
-1.761859251657096479e+02
1.764552335444051323e+02
-1.752720121811578053e+02
1.735504652961577392e+02
-1.702605540545027623e+02
-1.730887728809753412e+02
1.771375947738882530e+02
-1.299278671274855128e+02
1.748521151758637018e+02
-6.037682521422889081e+00
-1.794031905487708229e+02
1.718698976458440200e+02
-1.778983456723287304e+02
-1.557941149555036588e+02
1.638948579158511620e+02
1.783476953223486987e+02
-1.598636965717518592e+02
-1.358184554616886146e+02
1.724346789315677029e+02
-1.728007663616323555e+02
-8.129262972847959645e+01
-1.618619178444026829e+02
1.431301023541559800e+02
1.779174347202691422e+02
-1.676609127216738102e+02
-1.419884897299834847e+02
-1.768492835867322697e+02
1.647448812969422249e+02
-1.714444417565871106e+02
-1.785913712646615465e+02
1.672603532075179089e+02
1.589624889745781786e+02
-1.676192430711928409e+02
1.590265065786792036e+02
-1.787363274483417399e+02
1.748055710922652111e+02
-1.763915311474336534e+02
1.800000000000000000e+02
1.766890584853885571e+02
-1.764862497393950491e+02
-1.741736579704442534e+02
1.773974377975002028e+02
1.769413024259041833e+02
1.696466799560705567e+02
-1.752852454812950498e+02
-1.730470425318260936e+02
1.800000000000000000e+02
-1.766580561427388716e+02
1.756430249941537056e+02
-1.716167515190706467e+02
-1.702382252249577448e+02
-1.790833457436147285e+02
-1.702333206042273162e+02
-1.586705384847204812e+02
1.689828883812107847e+02
1.723493490446406042e+02
1.800000000000000000e+02
-1.648355391002615704e+02
-1.794543424065842885e+02
1.767602997038978856e+02
1.716625555611532832e+02
1.613784206335124338e+02
-1.791384742654327624e+02
-1.511134182330893054e+02
1.601447856306789674e+02
-1.745881308476829759e+02
1.778183585964485189e+02
1.795225462226904369e+02
1.244839536154552206e+02
1.633421544434213502e+02
1.682317110679793473e+02
-1.730189425931702090e+02
1.765317707410828802e+02
-1.639925957039001787e+02
-1.715387118574286376e+02
-1.662005146039806220e+02
-1.712977762100532004e+02
-1.583852210572137551e+02
-1.637397952916880683e+02
1.714692343900518665e+02
7.621214708367322999e+01
-1.770133630095248520e+02
1.593903070624679401e+02
-1.655640250210248041e+02
-1.789488192504562676e+02
8.308877288097531277e+01
1.757411538778296460e+02
1.800000000000000000e+02
-1.625042421228135936e+02
1.741843734705087741e+02
-1.720928372970415410e+02
