1.727697573607484287e+02
-1.781816970355481828e+02
1.723160181702660338e+02
-1.773974377975002028e+02
-1.783788540863465926e+02
1.796279547127967078e+02
1.800000000000000000e+02
-1.784234499448162694e+02
-1.770643265535788373e+02
-1.790530485532265459e+02
1.786677801461303545e+02
-1.750909378613445142e+02
-1.783939970107177544e+02
1.789860212772147179e+02
1.778789036033385571e+02
-1.760671037277694779e+02
1.783153156821037157e+02
9.921102654081667538e+01
-1.787981669355478971e+02
-1.779398889762768761e+02
-1.756317225654116214e+02
-1.767905136822080294e+02
-1.745076754428725678e+02
1.800000000000000000e+02
-1.737459672560835315e+02
-8.793618027154305139e+01
1.790122396003601750e+02
-1.736598082540901089e+02
1.794791436254980397e+02
-1.794929709390852395e+02
-1.779690857631468930e+02
1.800000000000000000e+02
1.784413157937891867e+02
1.770643265535788373e+02
1.780079064270335607e+02
-1.746607631962624225e+02
1.800000000000000000e+02
1.652304677651307507e+00
1.800000000000000000e+02
1.800000000000000000e+02
1.800000000000000000e+02
1.800000000000000000e+02
1.800000000000000000e+02
1.795488614532127372e+02
1.800000000000000000e+02
-1.747718081147276621e+02
1.800000000000000000e+02
1.800000000000000000e+02
-1.758403577062873637e+02
-1.789677553084342776e+02
-1.784377750831576179e+02
1.652964481762384423e+02
-1.791117645047602309e+02
1.726004053401128999e+02
-1.726059913574017344e+02
-1.769644308749444406e+02
-1.792042764472607246e+02
1.779545915111127954e+02
1.800000000000000000e+02
1.800000000000000000e+02
-1.782100893917539395e+02
-1.795692127829913716e+02
-1.727249950421107485e+02
-1.785797344536009632e+02
-1.780250659891180192e+02
-1.779249736385825997e+02
1.795659493678606111e+02
1.800000000000000000e+02
1.712538377374447975e+02
1.786780243404630255e+02
1.751009075462122553e+02
1.800000000000000000e+02
1.728749836510982050e+02
-1.783516554951038700e+02
1.789190758133393331e+02
-1.796419060406764459e+02
1.800000000000000000e+02
-1.737060518110489227e+02
1.733455749539934061e+02
1.739909940425054629e+02
-1.788147391813776039e+02
1.800000000000000000e+02
1.800000000000000000e+02
-1.794490960207814396e+02
1.800000000000000000e+02
-1.788465495488946431e+02
1.749427514674408712e+02
-1.795488614532127372e+02
1.795144541699918648e+02
-1.785913712646615465e+02
1.800000000000000000e+02
-1.720303896056786357e+02
1.779904461869788577e+02
-1.764482666451795865e+02
-1.791930705448976369e+02
1.800000000000000000e+02
1.789291755452130417e+02
-1.728749836510982050e+02
1.781720317556950022e+02
-1.732901631922430852e+02
1.790206803456605087e+02
1.794594898128693501e+02
1.774886367328369374e+02
8.639153114743366757e+01
-1.784413157937891867e+02
1.777974018382342081e+02
1.800000000000000000e+02
-1.796936083777293049e+02
-1.789455954964781768e+02
1.778789036033385571e+02
1.794838357702351743e+02
-1.780419325707659652e+02
1.789488192504562676e+02
-1.782465951399284450e+02
1.800000000000000000e+02
-1.783788540863465926e+02
-1.753520293086129698e+02
-1.726476206401076468e+02
1.738999400396783415e+02
-1.789949139947458150e+02
1.800000000000000000e+02
1.800000000000000000e+02
1.754711757630674640e+02
-1.700594269668869742e+02
-1.742072035049678504e+02
-1.739623174785771198e+02
-1.791319485502544637e+02
1.800000000000000000e+02
1.775283352383665942e+02
-1.789769698113321681e+02
1.734537092167059882e+02
1.790608090542644391e+02
1.749941674470489090e+02
1.795379472785692485e+02
1.800000000000000000e+02
-1.789583733239900312e+02
-1.775257955318295444e+02
-1.763086140135487199e+02
1.781221225527146430e+02
1.772208331359279327e+02
-1.772736890060937469e+02
-1.773574547059352824e+02
-1.690459373566016552e+02
-1.786028189727036306e+02
1.702475750583462286e+02
1.800000000000000000e+02
-1.790833457436147285e+02
1.781221225527146430e+02
-1.699309373011105606e+02
-1.777454250340649651e+02
1.783939970107177544e+02
-1.788876003837022211e+02
-1.777832056592598065e+02
-1.764862497393950491e+02
-1.794694986833262078e+02
-1.712188372656145532e+02
-1.789291755452130417e+02
-1.772475145997313177e+02
1.788065105760179847e+02
-1.793669232285688793e+02
1.754057466687335989e+02
1.800000000000000000e+02
-1.782773379283771931e+02
-1.714087745677723547e+02
-1.784518423010220545e+02
-1.779174347202691422e+02
-1.785679038158353649e+02
1.800000000000000000e+02
1.769872124958166637e+02
-1.783316625517066996e+02
1.780908475670036353e+02
-1.781373790506933403e+02
-1.760698244542745385e+02
1.800000000000000000e+02
1.711353766115892086e+02
-1.753645365730973538e+02
1.800000000000000000e+02
1.800000000000000000e+02
1.735712522511701366e+02
-1.794791436254980397e+02
-1.769059419410828866e+02
-1.759958270592906047e+02
1.800000000000000000e+02
-1.775529513576763918e+02
1.800000000000000000e+02
-1.763086140135487199e+02
1.800000000000000000e+02
-1.775889702533887942e+02
1.591455419604216672e+02
-1.786980473274211363e+02
1.770792784789996119e+02
-1.788308606720925980e+02
-1.778590986336768935e+02
1.792309753174219509e+02
8.793618027154305139e+01
1.794093427853533171e+02
1.789769698113321681e+02
1.768201698801357509e+02
1.774922982729337662e+02
1.759143832200251154e+02
-9.352746805037412514e+01
1.725525831498048603e+02
1.780650676904472220e+02
1.782465951399284450e+02
1.759555144258189046e+02
1.791048262897889458e+02
1.748895824389687732e+02
1.800000000000000000e+02
-1.787724211678654456e+02
1.795724274931666002e+02
1.800000000000000000e+02
1.772550441061618756e+02
-1.718057366653697784e+02
1.764862497393950491e+02
1.755391517414834368e+02
-1.784925642412250397e+02
1.770891621738322499e+02
1.795878072585976781e+02
1.800000000000000000e+02
1.690459373566016552e+02
-1.774922982729337662e+02
-1.745164095555355743e+02
1.800000000000000000e+02
1.782901859558584761e+02
-1.785311992856141785e+02
-1.787546357332316518e+02
-1.792654789657451886e+02
1.784724745577870806e+02
1.800000000000000000e+02
1.737093292266449964e+02
-1.776140559696112007e+02
1.766580561427388716e+02
1.771612121589946298e+02
1.712272627024705969e+02
1.800000000000000000e+02
1.793055397124502406e+02
-1.724316029784105524e+02
1.800000000000000000e+02
-1.769266674889266540e+02
8.455966796899448923e+01
1.800000000000000000e+02
-1.765167285310023431e+02
-1.740299840191429723e+02
-1.763217612780066190e+02
1.800000000000000000e+02
1.800000000000000000e+02
-1.723666694127686867e+02
-1.775104470780008512e+02
-1.781912606775079553e+02
-1.723331957381858217e+02
-1.773493103165781974e+02
1.783397176310171801e+02
-1.711041430303367008e+02
1.764458217644679223e+02
1.791873484057462633e+02
1.800000000000000000e+02
1.733951645032460362e+02
1.708111639226412422e+02
1.760548137709624541e+02
-1.794884441334129690e+02
1.770096550248346148e+02
1.704596181951573612e+02
1.800000000000000000e+02
1.800000000000000000e+02
1.595582034415834585e+02
1.753955128430184800e+02
-1.774438499214217018e+02
-1.761539699099526217e+02
-1.753225821411182608e+02
1.721998121158183039e+02
-1.785913712646615465e+02
-1.754622274920933762e+02
-1.791319485502544637e+02
1.800000000000000000e+02
-1.724436559435605432e+02
-1.748055710922652111e+02
1.780908475670036353e+02
-1.779398889762768761e+02
1.729476939921588041e+02
-1.781221225527146430e+02
-1.773458044865933800e+02
-1.781066141542537196e+02
1.800000000000000000e+02
-1.791048262897889458e+02
1.800000000000000000e+02
-1.773735943617092516e+02
1.730590165712574162e+02
1.727402759537401948e+02
-1.783153156821037157e+02
-1.744995885297981033e+02
-1.766050764578817507e+02
-1.717142029760462663e+02
1.795264919412650784e+02
8.228810758734111630e+01
1.673741631210926926e+02
-1.776531257075127144e+02
1.703718438715133061e+02
1.771170365474604580e+02
1.730996718307227127e+02
1.762686030008395619e+02
1.800000000000000000e+02
-1.781912606775079553e+02
-1.752363583092738111e+02
1.759717363335148548e+02
-1.734943733543163091e+02
-1.710475266658458509e+02
1.740299840191429723e+02
1.763588147420986729e+02
1.800000000000000000e+02
-1.761214754971522893e+02
1.800000000000000000e+02
1.794594898128693501e+02
-1.788188110866733780e+02
1.800000000000000000e+02
-1.750658356594399550e+02
1.766002858408767509e+02
1.705376777919743745e+02
1.783476953223486987e+02
1.800000000000000000e+02
-1.743693172423647582e+02
1.800000000000000000e+02
1.800000000000000000e+02
1.791117645047602309e+02
1.800000000000000000e+02
