-1.742894068625003570e+02
1.710735920732606701e+02
-1.797232109478222526e+02
-1.767449786116042389e+02
1.742609015019104106e+02
1.776015786659074820e+02
1.780054306987581469e+02
1.787811247648687072e+02
1.651037228232909797e+02
1.767223240478097068e+02
-1.794153694792948386e+02
1.734071272924057610e+02
1.697960262782683287e+02
-1.775917835588718106e+02
-1.790906195508008523e+02
1.734801982483430152e+02
1.800000000000000000e+02
1.716257409724009619e+02
1.706253529791086976e+02
-1.788188110866733780e+02
1.728380662725002139e+02
1.707538872544367621e+02
1.740222264076393515e+02
1.797177570637291524e+02
-1.772854227309989597e+02
1.676375075842857143e+02
1.745337949612642774e+02
1.745460811114087676e+02
1.770390638658362548e+02
1.626154907805481571e+02
1.668153239068110452e+02
1.785890591796172657e+02
-1.742030313809300139e+02
-1.756012946450044865e+02
-1.751731412188770491e+02
-1.754381920125429986e+02
1.726193636411591967e+02
-1.709334972601838274e+02
-1.789035639160069877e+02
1.794694986833262078e+02
-1.669406909741746858e+02
-1.797015871800051343e+02
1.730470425318260936e+02
-1.684078245897089516e+02
-1.797149487224161817e+02
-1.732243438306010148e+02
1.760995062576181169e+02
-1.717286013120255745e+02
1.800000000000000000e+02
-1.796952380895789361e+02
-9.954606943555695864e+00
-1.688019732030460034e+02
-8.858207716854886371e+01
-1.777493591029624724e+02
-1.768735054751680025e+02
1.782986453946738834e+02
-1.752609276814870043e+02
-1.762623704565899061e+02
-1.710273733851036013e+02
1.800000000000000000e+02
-1.785679038158353649e+02
1.800000000000000000e+02
1.800000000000000000e+02
-1.706365487542551591e+02
-1.773021943666836933e+02
-1.791363099554004350e+02
1.791449026037332999e+02
1.778900571518667562e+02
-1.748718089581471702e+02
-1.730132954633330939e+02
-1.747581800530204532e+02
1.763177259376947177e+02
1.772378716866211903e+02
1.800000000000000000e+02
-1.780585136090856224e+02
1.775224011315543180e+02
-1.601249578152818458e+02
-1.747187593715548815e+02
-1.764964683552155691e+02
1.775804907833436630e+02
-1.787811247648687072e+02
1.766661493384634127e+02
1.611139126302907130e+02
1.738448316567260008e+02
1.782642954110716289e+02
-1.792527061231739651e+02
1.758752333938576271e+02
1.760275040592493383e+02
1.768327127388480733e+02
1.730540323792371851e+02
-9.803022602386097617e+01
1.748330510803322682e+02
1.770891621738322499e+02
1.704890396207093772e+02
3.342481118260380413e+01
-1.794355278246930538e+02
1.694264765814390898e+02
-1.785534443134260982e+02
1.756364886083380838e+02
1.800000000000000000e+02
1.785386899091187729e+02
-1.743191091820340546e+02
-1.700248732795413673e+02
-1.782100893917539395e+02
1.729100698558447959e+02
-1.759958270592906047e+02
-1.723718503314192958e+02
-1.734721589921149985e+02
-1.702475750583462286e+02
-1.783316625517066996e+02
1.778490568724839989e+02
1.719079174010553857e+02
1.751763418024048349e+02
-1.770574795436313877e+02
-1.722482208457032868e+02
-1.756210313922476018e+02
-1.768201698801357509e+02
1.800000000000000000e+02
-1.742894068625003570e+02
-1.781975807619967327e+02
-1.783397176310171801e+02
1.754622274920933762e+02
1.800000000000000000e+02
1.800000000000000000e+02
-1.738999400396783415e+02
1.759555144258189046e+02
-1.704138398446557119e+02
1.794620272698877557e+02
1.800000000000000000e+02
1.800000000000000000e+02
1.710951790096779348e+02
-1.711998021236194916e+02
1.797284580543154675e+02
-1.665268418872688585e+02
1.699064786384774379e+02
-1.792151753970080961e+02
-1.772134664305067702e+02
-1.711892670140150869e+02
-1.688079599100419443e+02
1.711847789767768404e+02
-1.759314203231546117e+02
1.758798780874828651e+02
-1.704905207824471063e+02
-1.734398035994287000e+02
-1.768636416316674058e+02
-1.665153234113697351e+02
1.735301800148268114e+02
1.765557974853467158e+02
1.687493185695048794e+02
1.775973905310139571e+02
-1.795103044068708016e+02
1.631083042553255211e+02
-1.744154977230130896e+02
-1.635596204783198289e+02
-1.673528738642739313e+02
-1.702724214485984078e+02
-1.760443545196158368e+02
1.727197109160062780e+02
-1.710273733851036013e+02
-1.651818527491192015e+02
-1.525151414803870011e+02
1.725685920288274815e+02
-1.693460974000615238e+02
-1.739773131020985488e+02
-1.635558142085112365e+02
-1.764785466230777899e+02
1.765491568062488454e+02
-1.733792239176850103e+02
-1.784724745577870806e+02
1.338693090487620339e+02
-1.505025387916316220e+02
1.707333927592408145e+02
1.774104981527590894e+02
-1.792361015390700345e+02
-1.725191138204763206e+02
1.769502395307315794e+02
-9.496041068756208858e+01
-1.432381055806415873e+02
-1.713520870487130878e+02
-1.764677054161091121e+02
1.771936297482117766e+02
-1.658188876131972052e+02
-1.704874623977210319e+02
-1.721672044337653631e+02
-1.756430249941537056e+02
-1.757411538778296460e+02
-1.710735920732606701e+02
-1.744063965508877629e+02
6.723349963051916234e+00
1.738219350978716591e+02
-1.794299115550011265e+02
1.723867782340333861e+02
-1.699920201985586914e+02
1.788002637618786252e+02
-1.619220296078102592e+02
-1.681113419603720445e+02
-1.786095987359559842e+02
9.659893078442335579e+00
1.782816419983445542e+02
-1.166696054032015013e+02
9.568089081796595963e+01
-1.797407448484986219e+02
1.781692513519745091e+02
-1.748330510803322682e+02
-1.631889810745737748e+02
-1.638811912523426599e+02
-1.791013163792620162e+02
-1.711966943592706514e+02
1.791736758602707482e+02
1.790906195508008523e+02
1.751095979419461628e+02
1.767449786116042389e+02
-1.738370111308844344e+02
-1.675350671579350319e+02
-1.727468053872746623e+02
-1.779545915111127954e+02
-1.658523946129983244e+02
1.658219355852931187e+02
1.771494523439824604e+02
1.630091767080138538e+02
-1.782443571983815502e+02
-1.742030313809300139e+02
-1.745962086397503015e+02
1.741439864145710601e+02
-1.738021223665691650e+02
7.969610394321359870e+00
-1.771936297482117766e+02
1.779904461869788577e+02
-1.758949014868374263e+02
-1.787097726479395305e+02
1.796205632985810041e+02
1.797284580543154675e+02
1.771485437092629240e+02
-1.797135234897229452e+02
-1.749401311537359049e+02
1.797149487224161817e+02
1.800000000000000000e+02
-1.793439701259182755e+02
-1.782030747273040276e+02
1.737152200158404298e+02
1.632720360794326950e+02
1.685304696671331044e+02
1.669483346578887222e+02
1.749960800477596763e+02
1.800000000000000000e+02
1.663209575121723276e+02
-1.768040619864040934e+02
-1.720249602700071136e+02
9.183914082340837126e+01
1.775104470780008512e+02
-1.782337295139909656e+02
-1.694341267288685060e+02
8.445468269113796111e+01
-1.770003446935039904e+02
1.786489349172803429e+02
1.797061780653492917e+02
-3.953379496126426318e+01
-1.733419091971517787e+02
-1.594439547804165329e+02
1.768603398521797487e+02
1.734294416283591147e+02
-1.738219350978716591e+02
-1.777432060735489472e+02
1.800000000000000000e+02
1.782193575540013057e+02
-1.761663234629119188e+02
-1.738448316567260008e+02
-1.679234436147242207e+02
1.663286928678041647e+02
-1.706365487542551591e+02
-1.790857832395510059e+02
1.722079219217815762e+02
1.783555967353049141e+02
1.784234499448162694e+02
1.657143749534051835e+02
1.731231692625632093e+02
1.767754773934801165e+02
-8.642366562500265559e+01
-1.549981883271618415e+02
1.642192466904846242e+02
1.766690826195499540e+02
-1.714981205885185602e+02
-1.797177570637291524e+02
-1.703878852456340951e+02
8.746162262555209566e+00
1.751095979419461628e+02
1.797395664321866207e+02
-1.691917690596802117e+02
-1.697907659239392615e+02
-1.658354347320401132e+02
-1.725041423602701514e+02
-1.757636052009411856e+02
1.690026680536784056e+02
-1.700594269668869742e+02
1.702382252249577448e+02
-1.692796197537502394e+02
-1.760740922963160244e+02
1.709670303010288990e+02
1.723666694127686867e+02
-1.781352147406610129e+02
-1.766725957582734168e+02
1.800000000000000000e+02
1.760931836158965780e+02
1.787875719100550782e+02
8.506791257173514964e+01
1.597122473125195654e+02
1.732110254255612176e+02
1.711796204479789481e+02
-1.714391104288353915e+02
-1.771798275275515095e+02
-9.000000000000000000e+01
-1.724436559435605432e+02
1.781720317556950022e+02
1.759904984585607508e+02
1.782730122495123624e+02
1.723331957381858217e+02
1.704138398446557119e+02
1.777879579979516507e+02
1.729592834129953474e+02
1.730727818739908344e+02
1.618869341924767298e+02
1.758295634751578973e+02
-1.797680345487018201e+02
1.775424618518229067e+02
