-1.788065105760179847e+02
-1.709982448774387080e+02
-1.725930878715047641e+02
-1.721339316271031237e+02
1.800000000000000000e+02
-1.739909940425054629e+02
1.685034369824142289e+02
1.800000000000000000e+02
-1.726059913574017344e+02
-1.725525831498048603e+02
1.800000000000000000e+02
-1.663730051401084893e+02
-1.656772800217964630e+02
1.739667469937992905e+02
1.777542574341049146e+02
1.731363080853729457e+02
1.780250659891180192e+02
-1.701486726571919519e+02
-1.788228551140179263e+02
-1.790759546472272916e+02
-1.776862775021757841e+02
1.649315118405077953e+02
1.733792239176850103e+02
1.765761287550693339e+02
-1.758023316428390785e+02
1.800000000000000000e+02
1.773458044865933800e+02
-1.745076754428725678e+02
-1.714692343900518665e+02
-1.761575468720851347e+02
-1.748718089581471702e+02
1.736228193763926697e+02
-1.763861192479963620e+02
-1.776909372109743117e+02
1.800000000000000000e+02
1.719908597029627799e+02
-1.602405292647868009e+02
-1.545731258304101914e+02
-1.705376777919743745e+02
-1.233540257515167724e+02
-1.705376777919743745e+02
6.641519138011537038e+00
-1.745829778861433965e+02
-1.793904934233248127e+02
1.770454201759403077e+02
-1.697316942019897681e+02
-1.763861192479963620e+02
1.800000000000000000e+02
-1.778789036033385571e+02
-8.192976782208192787e+01
-1.792257798350719327e+02
-1.751354855622394950e+02
8.523635830927382528e+01
-1.774664411116054339e+02
1.644501958302984121e+02
1.685788137250007424e+02
-1.784377750831576179e+02
-1.779974668681731202e+02
-1.698244891569567869e+02
-1.766002858408767509e+02
-1.635778125016847184e+02
1.737580856525849526e+02
-1.663286928678041647e+02
-1.775633517531898633e+02
-1.708698235177213292e+02
1.740118516242245050e+02
1.724436559435605432e+02
-1.738677775023207062e+02
-1.753225821411182608e+02
1.787269699799433056e+02
-1.677884916235240382e+02
-1.745164095555355743e+02
1.746184529478680929e+02
-1.714163785198860523e+02
-1.753645365730973538e+02
1.800000000000000000e+02
1.714087745677723547e+02
-1.784088597288054245e+02
1.724761795613613629e+02
-1.764552335444051323e+02
-1.699920201985586914e+02
-1.656997225508144140e+02
1.742072035049678504e+02
1.769872124958166637e+02
1.800000000000000000e+02
1.800000000000000000e+02
-1.769872124958166637e+02
1.707644409068340963e+02
-1.661088088285451363e+02
-1.694389893088036274e+02
-1.763955794608243082e+02
1.782100893917539395e+02
-1.786251652194305848e+02
-1.728065299447044652e+02
1.800000000000000000e+02
-1.770643265535788373e+02
-1.769059419410828866e+02
-1.729772061644268035e+02
1.764236656250026556e+02
1.659637565320735177e+02
-1.776784694101672812e+02
-1.767295120768164338e+02
-1.675175106150455235e+02
-1.621399059293209461e+02
1.789769698113321681e+02
-1.724346789315677029e+02
-1.691699204565929904e+02
8.201988625483147644e+01
-1.791636246745775907e+02
-1.765972302289382583e+02
-1.779361802715430372e+02
1.791185960034178777e+02
-1.713358645668919564e+02
1.800000000000000000e+02
-1.671458826310110624e+02
-1.758487147335783334e+02
-1.766335393365701805e+02
-1.779545915111127954e+02
1.775736641683976416e+02
-1.787078331137500697e+02
1.782430116900918051e+02
1.753893506813394083e+02
-1.781759101676238970e+02
-1.652564371635292844e+02
-1.757858214772659551e+02
1.762138879646184364e+02
-1.794270613023165311e+02
-1.773974377975002028e+02
1.686046789461071569e+02
1.778252558853899643e+02
1.555080989717684474e+02
1.800000000000000000e+02
-1.748826851500273563e+02
1.659637565320735177e+02
1.770317659701283048e+02
-1.739275435927923183e+02
1.800000000000000000e+02
-1.765761287550693339e+02
-1.752363583092738111e+02
-1.713358645668919564e+02
1.800000000000000000e+02
-1.708194580423738387e+02
-1.725457011872515523e+02
-1.598293465881496047e+02
-1.649950796171397940e+02
-1.775104470780008512e+02
-1.783939970107177544e+02
1.800000000000000000e+02
1.764725319496259033e+02
-1.761627378826723600e+02
1.275348091438785900e+02
1.748055710922652111e+02
-1.711479959006105673e+02
-1.783476953223486987e+02
1.777760387596145506e+02
-1.574794343971031196e+02
1.757636052009411856e+02
-1.789583733239900312e+02
-1.703112134396332067e+02
1.727630779740320008e+02
1.800000000000000000e+02
-1.612219667775544565e+02
1.784413157937891867e+02
-1.754260787400991433e+02
-1.757108466711809740e+02
1.766335393365701805e+02
-1.776140559696112007e+02
-1.744470289669631882e+02
-1.785056664087334752e+02
-1.689388175384082160e+02
1.800000000000000000e+02
1.714692343900518665e+02
1.752001638860953108e+02
1.719952711427071677e+02
-1.734633663512029216e+02
-1.788876003837022211e+02
-1.682935632708466756e+02
-1.654998332334474469e+02
1.773735943617092516e+02
1.800000000000000000e+02
1.800000000000000000e+02
-1.761214754971522893e+02
1.786140821491877944e+02
1.800000000000000000e+02
1.767805051031471635e+02
1.716341138759674152e+02
-1.686012369312420844e+02
-1.759665889272298216e+02
-1.764862497393950491e+02
1.737227015104024304e+02
-1.526843920265577310e+02
-1.780585136090856224e+02
1.745881308476829759e+02
1.565878858306973314e+02
-1.771612121589946298e+02
-1.706279072914209110e+02
-1.776140559696112007e+02
1.741140121669717473e+02
-1.769644308749444406e+02
-1.701341930569156489e+02
1.665618118416493587e+02
8.713759477388825303e+01
1.780113621435259290e+02
1.760353452771438754e+02
-1.795848204588551482e+02
-1.717976457553744183e+02
-1.796527571029142223e+02
-2.683404347077447127e+01
1.712094568171860658e+02
-1.647836732879770238e+02
1.800000000000000000e+02
-8.375808565258495264e+01
-1.710546181664610685e+02
-1.624744316262771235e+02
-1.601045686652343534e+02
-1.782465951399284450e+02
-8.826429541107161469e+01
1.565014343240479207e+02
1.794410345191678573e+02
-1.730887728809753412e+02
1.778789036033385571e+02
1.362018330644521313e+02
1.788188110866733780e+02
1.754260787400991433e+02
-1.766335393365701805e+02
-1.665221772467586732e+02
1.800000000000000000e+02
-1.794694986833262078e+02
1.732901631922430852e+02
-1.794031905487708229e+02
0.000000000000000000e+00
-1.718698976458440200e+02
-1.691596945456694527e+02
-1.742373671134015467e+02
-1.705376777919743745e+02
1.323057157101439145e+02
9.922392228210534881e+01
-1.790833457436147285e+02
-1.693236443173042005e+02
1.112505055071332549e+02
1.776140559696112007e+02
-1.782773379283771931e+02
-1.759143832200251154e+02
-1.041391083116505172e+02
-7.060793148921834472e+01
-7.669082130459952396e+01
-1.571663458220824623e+02
-1.578075330951539179e+01
-1.487362683056225592e+02
1.785185428291129313e+02
-1.770750220508436428e+02
-1.679977051012162974e+02
1.723395246655336734e+02
1.737741709355742330e+02
-1.685728984060548612e+02
-1.361691393279074305e+02
1.708926656877455912e+02
1.784724745577870806e+02
-1.773974377975002028e+02
1.666446590370925662e+02
1.740194004752365515e+02
-1.693460974000615238e+02
-1.717328266644893802e+02
0.000000000000000000e+00
0.000000000000000000e+00
0.000000000000000000e+00
1.783939970107177544e+02
0.000000000000000000e+00
0.000000000000000000e+00
-1.664405481294659523e+02
-1.642112922577281324e+02
-1.700419294015390221e+02
1.732639887858806560e+02
1.782901859558584761e+02
-1.794791436254980397e+02
1.706952276593567035e+02
-1.632497354949742885e+02
-1.547988763545249356e+02
-1.735411836212813341e+02
-1.729421533501189288e+02
-1.685180086452519106e+02
1.800000000000000000e+02
1.752363583092738111e+02
1.784925642412250397e+02
1.739909940425054629e+02
1.759406536352007606e+02
1.800000000000000000e+02
1.708529196151248470e+02
-1.687992022121155742e+02
-1.728749836510982050e+02
1.772072976342867037e+02
1.792654789657451886e+02
-1.698040117527131940e+02
-8.698721249581666370e+01
1.794884441334129690e+02
-1.295794047162376614e+02
-1.771375947738882530e+02
1.728194645022798284e+02
1.726942404666891662e+02
-1.795592719272389957e+02
-1.672165460585756591e+02
-1.679386905429555270e+02
-1.607960264944999551e+02
-1.762482709294740459e+02
-1.765663696375494851e+02
1.758553762588957170e+02
1.205043500469590185e+02
-7.966344585350068996e+01
-1.772993706626047299e+02
-1.647448812969422249e+02
-1.768636416316674058e+02
-1.671249984403875146e+02
8.614936117608924349e+01
-1.737093292266449964e+02
1.738972203463442270e+02
-1.494000213067910749e+02
-1.583768038720953655e+02
-1.766002858408767509e+02
1.762915718428695584e+02
1.724815731205578118e+02
-1.731909498203866065e+02
1.784518423010220545e+02
1.763477772196936826e+02
-8.727368900609373270e+01
