1.704874623977210319e+02
1.784025238027543878e+02
1.650332804359951524e+02
1.796952380895789361e+02
1.687448960063854599e+02
1.742348654420276262e+02
-1.749401311537359049e+02
1.797046635460529558e+02
1.620161897238652955e+02
1.638811912523426599e+02
1.641342921972261877e+02
-1.785534443134260982e+02
-1.757740018220415550e+02
1.683663660010595606e+02
1.616477290122079182e+02
-1.791048262897889458e+02
-1.725813499398865360e+02
1.711646267865505138e+02
1.794517317636958182e+02
-1.672478802497923880e+02
1.788248667627606494e+02
1.547369014955008879e+02
1.800000000000000000e+02
-1.626632383278180214e+02
1.800000000000000000e+02
1.691596945456694527e+02
1.800000000000000000e+02
-1.445332327900300129e+02
-1.771505254393227915e+02
-1.626277515159075904e+02
9.701650174472291610e+01
-1.681113419603720445e+02
1.763670492605118056e+02
-1.764964683552155691e+02
-1.784925642412250397e+02
1.736263606341225056e+02
-1.741736579704442534e+02
1.788065105760179847e+02
-1.714108735449305527e+02
-1.782376089763394873e+02
1.750428739303193026e+02
-1.747261040426482452e+02
-9.489040205805385142e+01
1.756012946450044865e+02
-1.710546181664610685e+02
-1.794543424065842885e+02
-1.791001402850956197e+02
-1.760652179436305573e+02
1.797015871800051343e+02
-1.781816970355481828e+02
1.749820203613654428e+02
-1.774104981527590894e+02
1.743176313821449526e+02
-1.700958167870261093e+02
-1.794000661197460431e+02
-1.757321066997091918e+02
-1.784925642412250397e+02
-1.635932278530973747e+02
-1.767877902398907679e+02
1.723566219285204397e+02
-1.794719432510998445e+02
1.735301800148268114e+02
1.740222264076393515e+02
1.720506408302530588e+02
-1.782730122495123624e+02
1.731335701975023085e+02
-1.697488012491825771e+02
1.015466905459273192e+02
1.749078848755010540e+02
-8.568937417517948063e+01
-1.733255309528824455e+02
-1.727676212917223495e+02
1.693006566256958365e+02
-1.708749913520640291e+02
-1.719106195860470052e+02
-1.726656211985833238e+02
1.512687652609918985e+02
-1.776888685472385987e+02
-1.771518120886121039e+02
-1.760275040592493383e+02
-1.692157021324374284e+02
-1.782901859558584761e+02
-1.692868769772089763e+02
-1.750862012376252608e+02
1.768201698801357509e+02
1.753093155442651607e+02
1.690609088168078529e+02
1.753567274168811423e+02
1.724053566314085799e+02
1.771658889836934918e+02
1.629182431308576895e+02
1.779335230143557567e+02
-1.754487387268603698e+02
-9.640744028253317310e+01
-1.760652179436305573e+02
-1.760652179436305573e+02
-1.739275435927923183e+02
-1.783555967353049141e+02
1.741140121669717473e+02
-1.728749836510982050e+02
-1.750428739303193026e+02
1.777867718236041981e+02
1.575205656028968804e+02
1.797015871800051343e+02
1.773162248405310208e+02
1.681113419603720445e+02
1.635558142085112365e+02
1.729087267446724070e+02
1.752363583092738111e+02
1.769434195518505533e+02
1.753567274168811423e+02
1.785959727808957211e+02
-1.779752349184389573e+02
-1.578133221065520218e+02
1.785750257274845865e+02
-1.738953151230711285e+02
1.800000000000000000e+02
-1.734071272924057610e+02
-1.778789036033385571e+02
-1.686317808934790605e+02
1.772592094058174439e+02
-1.703401069215576911e+02
-1.766822188316651818e+02
1.776140559696112007e+02
1.772592094058174439e+02
-1.786739456232951113e+02
8.849256424122503972e+01
-1.776862775021757841e+02
1.600411097824539581e+02
1.690821146395685730e+02
1.693431517530787005e+02
1.697212801958677346e+02
1.671826317672048390e+02
1.786295489822003901e+02
1.604210478751708990e+02
1.675350671579350319e+02
-1.731363080853729457e+02
-1.586071096480185645e+02
1.797091609776494749e+02
1.785820771685488637e+02
-1.562838105486328857e+02
1.736900434911321156e+02
1.737459672560835315e+02
1.771232349296994357e+02
1.741984131123529949e+02
-1.748055710922652111e+02
1.767427780593330624e+02
-1.788126926842711839e+02
-1.721672044337653631e+02
-1.663814583385589572e+02
-1.770436893424963500e+02
-1.753567274168811423e+02
-1.783788540863465926e+02
-1.643921757552392648e+02
1.797232109478222526e+02
-1.688869594640516993e+02
1.787939512207800590e+02
1.800000000000000000e+02
1.758935028348295759e+02
-1.704532330785961562e+02
-1.735956472736158673e+02
-1.787546357332316518e+02
-1.749820203613654428e+02
-1.791001402850956197e+02
-1.728007663616323555e+02
1.800000000000000000e+02
1.785236314901869150e+02
-1.757411538778296460e+02
-1.794620272698877557e+02
1.790646418042428536e+02
1.674066700438968667e+02
1.667267302858569735e+02
1.706685894747062093e+02
1.764964683552155691e+02
1.756676860168115013e+02
-1.767713521303643915e+02
1.779120161672766471e+02
-1.683367059651361615e+02
1.754860115419987210e+02
-1.579887168020806314e+02
1.556525839311135826e+02
-1.764421481338819149e+02
1.689828883812107847e+02
-1.752823974954383175e+02
1.776140559696112007e+02
1.775958639462463111e+02
-1.737459672560835315e+02
1.791001402850956197e+02
-1.778676315634459968e+02
-1.745309050298880891e+02
-1.785959727808957211e+02
-1.721847064532331331e+02
1.630481057545530632e+02
1.732387614899627977e+02
-1.767754773934801165e+02
1.772970559621852829e+02
1.797061780653492917e+02
-1.773301102379923861e+02
-1.730616141946637754e+02
1.800000000000000000e+02
1.754860115419987210e+02
1.749920281079597260e+02
1.797430699754964962e+02
-1.777760387596145506e+02
1.762847108945712193e+02
1.800000000000000000e+02
-1.787939512207800590e+02
-1.781265069864000736e+02
1.732744829026747482e+02
1.724053566314085799e+02
-1.794212744343922452e+02
-1.759958270592906047e+02
-1.785004529620223650e+02
1.685788137250007424e+02
-1.783153156821037157e+02
-1.736278886030675039e+02
-1.778590986336768935e+02
-1.745031074942644409e+02
1.761493611760892577e+02
1.776507213525198665e+02
1.715288553669851694e+02
1.769739649169745519e+02
1.732731159509986867e+02
8.625701170431287323e+01
1.659637565320735177e+02
-1.701588682403656207e+02
1.744006606634794423e+02
1.766865746002072513e+02
-1.797031333326753213e+02
1.791048262897889458e+02
1.721260618682743768e+02
1.668462918055231228e+02
1.770792784789996119e+02
-1.742417398356332399e+02
1.018886580396279840e+02
1.776888685472385987e+02
1.749960800477596763e+02
1.725562835908829697e+02
1.790954049662673242e+02
-1.741374961813055506e+02
1.774983771857182262e+02
-1.723275884002204634e+02
-1.790857832395510059e+02
-1.788766972859245641e+02
1.780631996137789486e+02
-1.797000248376961054e+02
-1.795165027891097509e+02
-8.939690880561947495e+01
-1.715387118574286376e+02
-9.980930224787901750e+01
1.763177259376947177e+02
-1.797670916100794898e+02
-1.788542371618248978e+02
1.740355128987469016e+02
-1.741984131123529949e+02
1.726139568487327551e+02
1.772865905549666934e+02
-1.694481904938077150e+02
1.762053277316842355e+02
1.800000000000000000e+02
1.791275428770979943e+02
-1.734721589921149985e+02
1.772865905549666934e+02
1.793904934233248127e+02
1.709334972601838274e+02
1.707114324663358218e+02
-1.785461045348911284e+02
1.745829778861433965e+02
1.767877902398907679e+02
1.727676212917223495e+02
1.751611011990767111e+02
1.797191405853166088e+02
-1.784234499448162694e+02
1.684454243521205683e+02
-1.741030364897891900e+02
1.768040619864040934e+02
8.530931554426516072e+01
-1.612968981606345551e+02
1.681402208790520376e+02
-1.644317927219215676e+02
-1.791185960034178777e+02
-1.728380662725002139e+02
-1.786425341554694057e+02
-1.786229628062272639e+02
-1.779228252348372052e+02
-1.788002637618786252e+02
1.743624571155401384e+02
1.758295634751578973e+02
1.774861897638222672e+02
1.712309377468524190e+02
-1.721374543778449890e+02
1.779079337205198499e+02
-1.788188110866733780e+02
1.794670313773457622e+02
1.700089565798309934e+02
-1.722223621098706872e+02
1.663209575121723276e+02
-1.643352669742781984e+02
-1.583109350353842046e+02
-1.729396880612123653e+02
1.667769323472986684e+02
-1.786921043983362267e+02
1.320961811349037305e+02
-1.715231217755389821e+02
1.726569918829931680e+02
1.767449786116042389e+02
1.767789597844995058e+02
-1.786552756112976681e+02
1.800000000000000000e+02
1.800000000000000000e+02
-1.779904461869788577e+02
1.699024956159247211e+02
1.692562129290191137e+02
1.782193575540013057e+02
1.764785466230777899e+02
1.788367937547588724e+02
1.735925597174668269e+02
-1.782465951399284450e+02
1.747793487693760994e+02
-9.348579118312213154e+01
-1.793969088056194607e+02
1.773615081745888062e+02
-1.761859251657096479e+02
-1.797258596062667664e+02
