-1.715730309785193413e+02
1.800000000000000000e+02
1.671476569336090563e+02
-1.757108466711809740e+02
-1.760740922963160244e+02
-1.794490960207814396e+02
1.732110254255612176e+02
-1.788426669318704967e+02
1.792559407971112933e+02
1.800000000000000000e+02
-1.787875719100550782e+02
1.800000000000000000e+02
-1.794952044314441650e+02
1.772736890060937469e+02
-1.721260618682743768e+02
1.800000000000000000e+02
1.789536180929018485e+02
-1.759958270592906047e+02
-1.794123715837600344e+02
1.788929729543192479e+02
1.755153939904553795e+02
-1.772880165325550479e+02
-1.791140534061457572e+02
1.740684730750802487e+02
1.800000000000000000e+02
1.719092221280104127e+02
-1.774614554016012278e+02
1.738147450844176660e+02
-1.289680913766867754e+01
9.379467226831577875e+01
1.674096170544648601e+02
1.775575846893428889e+02
-1.756430249941537056e+02
1.778389205117736367e+02
1.763890353605505084e+02
-1.785607103721175974e+02
1.780054306987581469e+02
1.720628119993770611e+02
-1.787875719100550782e+02
1.725885071408211218e+02
8.480557109226519685e+01
1.709806775686183187e+02
-1.782816419983445542e+02
1.756457789369304123e+02
1.710694098995810180e+02
-1.634496400896615853e+02
1.770643265535788373e+02
1.761677302538051890e+02
-1.760443545196158368e+02
1.759350526922573010e+02
1.774995894356231361e+02
1.765491568062488454e+02
1.792151753970080961e+02
-1.789035639160069877e+02
1.653026807204880981e+02
1.757358366508472614e+02
1.772880165325550479e+02
1.777974018382342081e+02
1.786028189727036306e+02
1.788126926842711839e+02
1.782865346826341977e+02
1.789390883097357801e+02
1.760638338873100111e+02
-1.754790421004185816e+02
1.774104981527590894e+02
1.775762286558864389e+02
1.773615081745888062e+02
1.788655783690230123e+02
-1.746990734834743080e+02
-1.704874623977210319e+02
8.533314162856100893e+01
1.744910503017839574e+02
-1.750302592718896904e+02
1.730616141946637754e+02
-1.721959014080561019e+02
-1.758961245273630425e+02
-1.781912606775079553e+02
-1.730345815099448998e+02
-1.686900675259797993e+02
-1.782376089763394873e+02
1.690277597621883672e+02
-1.722079219217815762e+02
1.748545418320611873e+02
-8.467897876729880124e+01
1.791615850255978728e+02
1.766499236024985464e+02
-1.649950796171397940e+02
1.794694986833262078e+02
-1.723039482779834373e+02
1.783864610671188018e+02
1.800000000000000000e+02
-1.702724214485984078e+02
-1.752570651314706254e+02
1.741439864145710601e+02
-1.779545915111127954e+02
1.725562835908829697e+02
1.788212408300887830e+02
-1.760443545196158368e+02
-1.780250659891180192e+02
-1.685759326579989192e+02
-9.394518622903756011e+01
1.696439737507299981e+02
-1.794543424065842885e+02
1.752609276814870043e+02
1.784234499448162694e+02
-1.773842451245781433e+02
-1.786800543060782331e+02
-9.425884612217035396e+01
-1.789993021221411595e+02
1.787875719100550782e+02
1.717872198107141344e+02
1.782465951399284450e+02
-1.782901859558584761e+02
1.772208331359279327e+02
1.775690916629595790e+02
1.777002005782080118e+02
8.634777721969366837e+01
1.794183369424946193e+02
1.749078848755010540e+02
-1.724815731205578118e+02
1.800000000000000000e+02
1.729752678768932697e+02
-1.751095979419461628e+02
-1.785185428291129313e+02
1.748602426210094052e+02
-1.613088869546476474e+02
1.800000000000000000e+02
1.796968505562858809e+02
1.710136891772164063e+02
1.761663234629119188e+02
1.794299115550011265e+02
-1.788367937547588724e+02
-1.794410345191678573e+02
1.797284580543154675e+02
1.794670313773457622e+02
-1.782465951399284450e+02
-1.776140559696112007e+02
1.730656510987304557e+02
1.781720317556950022e+02
1.788766972859245641e+02
1.734000830180861215e+02
1.728421869863842062e+02
-1.755787105785693996e+02
-1.797061780653492917e+02
-1.753275572446105457e+02
-9.374764497476604674e+01
1.608087151842522360e+02
1.776386253418243939e+02
-1.734969440551182913e+02
-1.791533259761385182e+02
1.788188110866733780e+02
1.738147450844176660e+02
1.766661493384634127e+02
1.733979197703520185e+02
-1.606102099232058151e+02
1.768983359701315408e+02
1.761214754971522893e+02
-1.570678995624102186e+02
-1.761663234629119188e+02
-1.794670313773457622e+02
1.788599359662136123e+02
1.792079429078376052e+02
1.711646267865505138e+02
1.792326916849103213e+02
1.770157178564066385e+02
1.723331957381858217e+02
-1.774738830883804610e+02
-9.000000000000000000e+01
1.656889587373935910e+02
1.750175804096242018e+02
-1.724815731205578118e+02
1.689174305369703575e+02
1.681579238846722433e+02
-9.202476508156104273e+01
1.791449026037332999e+02
-6.625874705617476934e+00
-2.416110285681318803e+00
-1.615650511770780042e+02
1.777542574341049146e+02
-1.794719432510998445e+02
1.764964683552155691e+02
9.772661761909722600e+01
-1.739041384554041940e+02
-1.791968407481897714e+02
1.779954659678941198e+02
1.773615081745888062e+02
1.731572265873690526e+02
1.745018372750190281e+02
1.760457522844789082e+02
1.737394225328824575e+02
1.795379472785692485e+02
1.730616141946637754e+02
-1.797383772543051919e+02
-1.316725169487777869e+01
-1.701469197958251982e+02
-1.601805284704048518e+02
1.726878451347017744e+02
-1.778676315634459968e+02
1.776264041977633497e+02
1.797015871800051343e+02
1.763477772196936826e+02
1.703573612212307467e+02
-2.834111016306513520e+00
1.714108735449305527e+02
1.800000000000000000e+02
-9.090459503373269001e+01
1.791406277563553431e+02
-1.770297693928035017e+02
1.723493490446406042e+02
1.751448315827932447e+02
-1.797205106094552605e+02
-1.576518916520905975e+02
1.800000000000000000e+02
1.748055710922652111e+02
1.752852454812950498e+02
-1.772342381657504973e+02
1.738448316567260008e+02
-9.698105740682980525e+01
1.784925642412250397e+02
1.620091956101899200e+02
-1.770792784789996119e+02
1.770029574197163242e+02
1.734801982483430152e+02
-1.708648116405898350e+02
1.755558938783473195e+02
-1.782816419983445542e+02
1.771375947738882530e+02
-1.769872124958166637e+02
1.786677801461303545e+02
1.757830571708314267e+02
-1.794123715837600344e+02
1.742593933610480974e+02
-1.697198712948054151e+02
-1.794594898128693501e+02
1.800000000000000000e+02
1.760548137709624541e+02
-1.644317927219215676e+02
8.401504768488459263e+01
-1.795264919412650784e+02
9.000000000000000000e+01
-1.794241824067550510e+02
1.746266022604061163e+02
1.777207739785733054e+02
1.734721589921149985e+02
1.797335099239415968e+02
1.724253203168421464e+02
-1.772072976342867037e+02
-1.664487152730536650e+02
1.600674634380604857e+02
1.789536180929018485e+02
1.775342410050022579e+02
-1.543807837846511291e+02
-1.782285302599659360e+02
1.716341138759674152e+02
1.708886429552160280e+02
-1.794183369424946193e+02
1.800000000000000000e+02
1.792747757009407508e+02
1.723103650972547598e+02
-1.491842942482708168e+02
-7.298639391740286086e+00
-1.794212744343922452e+02
1.791533259761385182e+02
1.800000000000000000e+02
-9.231372249782421591e+01
1.800000000000000000e+02
-1.770940790003466532e+02
-1.714547181046991398e+02
1.731909498203866065e+02
1.778789036033385571e+02
-1.640546040990771246e+02
-1.794270613023165311e+02
-9.755634405643945684e+01
1.726476206401076468e+02
1.742373671134015467e+02
1.787939512207800590e+02
-9.829714496983687866e+01
1.772880165325550479e+02
1.797000248376961054e+02
1.754860115419987210e+02
1.787269699799433056e+02
1.737256654429181992e+02
1.777867718236041981e+02
-8.881269268427118391e+01
-1.751920460369695434e+02
1.748978347476418094e+02
1.800000000000000000e+02
8.145770497597191184e-01
-1.789241493792087283e+02
-1.797430699754964962e+02
1.729792208547987968e+02
-1.794410345191678573e+02
1.740475405620324523e+02
1.723867782340333861e+02
1.852781062088743980e+01
-1.714555091886174054e+01
1.725429448597647024e+02
-1.764604408314500574e+02
1.730887728809753412e+02
1.748602426210094052e+02
1.780631996137789486e+02
-9.269780563331630674e+01
-1.787811247648687072e+02
-1.791094637466394204e+02
-1.736278886030675039e+02
1.761859251657096479e+02
-3.530133826228991722e+01
-1.792187423383913654e+02
1.695400909070708622e+02
-1.762053277316842355e+02
-1.791930705448976369e+02
1.760740922963160244e+02
1.742894068625003570e+02
1.745018372750190281e+02
-1.550007305691796091e+02
-9.000000000000000000e+01
-1.594790409851631239e+02
-1.627185016281833612e+02
-1.646383836881513503e+02
1.800000000000000000e+02
1.786921043983362267e+02
1.753893506813394083e+02
1.800000000000000000e+02
-1.676609127216738102e+02
