-1.794382946674334391e+02
-1.726476206401076468e+02
-1.792559407971112933e+02
-8.591438322002512962e+01
1.800000000000000000e+02
-1.794355278246930538e+02
1.773438527960428814e+02
-1.788599359662136123e+02
-1.794299115550011265e+02
8.578090465075155180e+01
1.788711652033393591e+02
1.785820771685488637e+02
-1.797106298365594057e+02
1.800000000000000000e+02
-1.725041423602701514e+02
-1.791094637466394204e+02
1.783476953223486987e+02
1.685265215015168963e+02
-1.734398035994287000e+02
-1.764576388078062905e+02
-1.730540323792371851e+02
-1.621539738379738935e+02
1.764395194650831229e+02
-1.781692513519745091e+02
-1.764236656250026556e+02
-1.776264041977633497e+02
-1.765557974853467158e+02
1.800000000000000000e+02
-1.787078331137500697e+02
-1.723867782340333861e+02
-1.777760387596145506e+02
1.764964683552155691e+02
-1.791185960034178777e+02
-1.782007242758659515e+02
-1.771375947738882530e+02
-1.797120839334428979e+02
-1.744910503017839574e+02
1.756635952143400061e+02
-1.767713521303643915e+02
1.750775818128639969e+02
-1.782642954110716289e+02
-1.733605294811063402e+02
1.731335701975023085e+02
1.797582470907319134e+02
-1.794952044314441650e+02
-1.796968505562858809e+02
-1.783153156821037157e+02
-1.763537287912431566e+02
1.692285458398019955e+02
1.789536180929018485e+02
-1.794000661197460431e+02
-1.735712522511701366e+02
-1.751095979419461628e+02
-1.770390638658362548e+02
-1.651065270411584152e+02
1.792461516669292223e+02
-1.774551956201869132e+02
1.775202362081829222e+02
-1.783397176310171801e+02
1.797371771667634732e+02
1.669149400637678298e+02
1.739423042054789903e+02
1.800000000000000000e+02
-1.767905136822080294e+02
1.718698976458440200e+02
1.755673315313101455e+02
1.727792780950431677e+02
-1.767379665226032444e+02
1.677576688011255897e+02
1.764236656250026556e+02
1.759350526922573010e+02
1.789949139947458150e+02
1.721672044337653631e+02
9.483440630626326140e+01
1.789139541739936021e+02
-1.749328382741468033e+02
-1.780817196748531899e+02
-1.674210647625069441e+02
1.737227015104024304e+02
-1.773301102379923861e+02
1.782285302599659360e+02
1.780908475670036353e+02
-1.746717652180201696e+02
-1.736010433726310680e+02
1.468117804824295547e+02
1.783235289531932608e+02
1.782376089763394873e+02
1.615650511770780042e+02
-1.592092747255852885e+02
1.800000000000000000e+02
-1.736876352453519416e+02
1.800000000000000000e+02
-1.635639407753643582e+02
1.732338251774469313e+02
-1.610992420943129844e+02
1.722348339815746670e+02
-1.786552756112976681e+02
-1.750302592718896904e+02
1.676072865230539719e+02
1.762394892942430431e+02
1.794996129012077688e+02
-9.731348862803166355e+01
1.753645365730973538e+02
1.778286882090851861e+02
-1.672186660045366011e+02
1.757184637649293961e+02
-1.782376089763394873e+02
-1.722977157337337815e+02
1.800000000000000000e+02
1.783961372288450775e+02
1.763955794608243082e+02
-1.758935028348295759e+02
1.749497715751672047e+02
1.797135234897229452e+02
1.754367702457621476e+02
1.772257226886992214e+02
-1.765834118082286750e+02
-1.739760069176803654e+02
1.734294416283591147e+02
-1.711847789767768404e+02
-1.763714678445635968e+02
1.702587714716051721e+02
-1.782193575540013057e+02
1.797661409741267562e+02
-1.715144292373244923e+02
-1.696159793123798636e+02
2.180140948635181175e+01
-1.745309050298880891e+02
1.754094568143939625e+02
-1.667267302858569735e+02
1.709670303010288990e+02
1.956164946010537165e+01
-1.786921043983362267e+02
-1.733979197703520185e+02
-1.715630958685941039e+02
-1.680706778227616667e+02
-1.787212886929501963e+02
1.724253203168421464e+02
-1.791185960034178777e+02
-1.745309050298880891e+02
1.755851867512728006e+02
-1.716167515190706467e+02
-1.788766972859245641e+02
-1.788766972859245641e+02
1.800000000000000000e+02
1.783711750594742682e+02
1.728749836510982050e+02
1.705376777919743745e+02
1.776888685472385987e+02
1.794123715837600344e+02
-1.684300279520980155e+02
1.773842451245781433e+02
1.797135234897229452e+02
-1.791449026037332999e+02
-1.714270016363886100e+02
1.786095987359559842e+02
8.794411121499533124e+01
-1.785679038158353649e+02
1.784765352083481673e+02
-1.730887728809753412e+02
1.674711922908484780e+02
1.786615570789762728e+02
1.785236314901869150e+02
-1.766596779203011636e+02
1.739219630162527324e+02
9.500391995224033792e+01
-1.704428957783293299e+02
1.751611011990767111e+02
-1.797651825462063755e+02
-1.693973868945240611e+02
1.674986459444796481e+02
1.721082975717642967e+02
-1.761539699099526217e+02
1.765491568062488454e+02
1.731676383225830023e+02
-1.779545915111127954e+02
-1.633549617853240647e+02
1.769552215558060198e+02
1.683197398514336669e+02
-1.775342410050022579e+02
-1.633833541415298214e+02
-1.761725351730781881e+02
1.788002637618786252e+02
1.715041141216479730e+02
1.800000000000000000e+02
1.769335144988741035e+02
1.639358155073283569e+02
-1.794464348141176231e+02
-1.776049944831276548e+02
1.800000000000000000e+02
-1.760457522844789082e+02
1.749101634907121365e+02
-1.712717035864176864e+02
1.795452811383068763e+02
2.111330625576019582e+00
1.773974377975002028e+02
-1.745596679689944892e+02
1.800000000000000000e+02
-1.732744829026747482e+02
1.748055710922652111e+02
1.740754180180175297e+02
1.753225821411182608e+02
-1.709605171966448722e+02
-1.724649362766718923e+02
-1.772618534806448167e+02
1.797061780653492917e+02
-1.780054306987581469e+02
1.787212886929501963e+02
1.791094637466394204e+02
-1.734969440551182913e+02
-1.590674646348969077e+02
1.742894068625003570e+02
1.789241493792087283e+02
-1.698113719915465083e+02
1.800000000000000000e+02
-1.768983359701315408e+02
1.800000000000000000e+02
1.783070215623710908e+02
-1.747435850585547712e+02
-1.748330510803322682e+02
1.706164348276134319e+02
-1.783634229583832678e+02
-8.728801653255506210e+01
1.800000000000000000e+02
-1.578645081218996609e+02
1.730250704840038622e+02
1.770792784789996119e+02
-1.748278391749034597e+02
1.729650240895688569e+02
1.765491568062488454e+02
1.311317959616782787e+02
1.745018372750190281e+02
1.779382423092414456e+02
-1.786425341554694057e+02
1.711479959006105673e+02
1.748055710922652111e+02
-1.742290637784256546e+02
1.786196459265555632e+02
-1.640232091545408082e+02
-1.661849746587383834e+02
1.700958167870261093e+02
1.767547450961098434e+02
1.681536058667805662e+02
1.690949779547655396e+02
1.725191138204763206e+02
1.667594800848128216e+02
-1.742321111020858666e+02
-1.746441749571448270e+02
-1.707823557900613594e+02
1.795452811383068763e+02
-1.229052429229879095e+02
-1.645624758234680485e+02
8.497853895779815048e+01
1.771886264054734852e+02
-1.797271650169319344e+02
1.448230807917848892e+02
1.642560652221070825e+02
1.788065105760179847e+02
-1.633792430861079481e+02
-1.688290222564112071e+02
1.772736890060937469e+02
9.529008120537126558e+01
-8.426090150191039641e+01
-1.125370503425566504e+01
8.278262084097079310e+01
1.729042460487138442e+02
1.725242626144517715e+02
1.783235289531932608e+02
-1.782901859558584761e+02
-1.767905136822080294e+02
8.362928306810599111e+01
-1.763861192479963620e+02
1.788766972859245641e+02
-1.788711652033393591e+02
1.744570079124959250e+02
-1.729987324425046609e+02
1.720424747730828585e+02
-1.726059913574017344e+02
1.760443545196158368e+02
1.774208524997165739e+02
1.715288553669851694e+02
-1.739458081058851633e+02
-1.702175929681927187e+02
-1.700248732795413673e+02
1.730656510987304557e+02
-1.724605548604907028e+02
1.764236656250026556e+02
-1.786295489822003901e+02
1.788126926842711839e+02
1.742109911548276671e+02
-1.788106391089055478e+02
1.697386252827656108e+02
-1.775212108914216742e+02
-1.788426669318704967e+02
1.764421481338819149e+02
-1.661745956154040869e+02
1.727857379607932273e+02
1.789439761940024596e+02
-1.714444417565871106e+02
-1.712727223048272549e+02
-1.670501455267211952e+02
1.725868042912507008e+02
1.732574133932872371e+02
-1.761859251657096479e+02
-1.696703179109805717e+02
-1.744213637446066230e+02
-1.682094990979685747e+02
-1.661671726461022729e+02
1.744006606634794423e+02
1.794517317636958182e+02
-1.764407331787167834e+02
-1.742030313809300139e+02
-1.729373973295842291e+02
1.682065703150895217e+02
-1.527764056453584089e+02
-1.709806775686183187e+02
1.741439864145710601e+02
1.797475973177108415e+02
-1.770339591100128871e+02
1.800000000000000000e+02
-1.664140087921110762e+02
1.733225978219587660e+02
-1.713358645668919564e+02
1.708376529542782976e+02
