-7.569972255081441403e+01
-1.749137782903653715e+02
-1.751894138056343593e+02
-1.765716314411450298e+02
-1.738844964337145882e+02
-1.747556618892848519e+02
-1.761265102756554199e+02
1.730656510987304557e+02
1.759143832200251154e+02
1.741984131123529949e+02
1.800000000000000000e+02
1.643003314538654536e+02
1.796968505562858809e+02
1.762847108945712193e+02
-1.791275428770979943e+02
1.776408338674183653e+02
-1.763006805077128263e+02
-1.735225402380580704e+02
-1.735925597174668269e+02
1.795060831013812503e+02
-1.782554901584111064e+02
1.755153939904553795e+02
1.794153694792948386e+02
1.800000000000000000e+02
-1.705804997417837683e+02
1.769606004310730896e+02
1.773974377975002028e+02
1.751182576353699574e+02
1.735301800148268114e+02
-1.765834118082286750e+02
-1.761859251657096479e+02
-1.730964460802749727e+02
1.716341138759674152e+02
1.722129820453675393e+02
-1.744546826911379753e+02
9.271340944503333503e+01
1.760457522844789082e+02
-1.750200004036890391e+02
1.800000000000000000e+02
-1.778590986336768935e+02
1.800000000000000000e+02
1.793414568224364132e+02
1.712236264143743654e+02
1.690277597621883672e+02
1.800000000000000000e+02
-1.704030755818532725e+02
-1.766002858408767509e+02
1.670588141340121524e+02
-1.742290637784256546e+02
1.688660007893530235e+02
-1.776467031338916911e+02
-1.775762286558864389e+02
1.758023316428390785e+02
1.774664411116054339e+02
1.725041423602701514e+02
1.662572022608429450e+02
1.800000000000000000e+02
1.743162936646155288e+02
-1.735630793991446694e+02
9.188818800674093268e+01
1.782567535156942142e+02
1.738953151230711285e+02
-1.761120904391669342e+02
1.761465195463979398e+02
1.646167030331186822e+02
-1.788188110866733780e+02
1.582945632538944096e+02
-1.755655294938987936e+02
-1.793312080470313674e+02
-1.722468381254411725e+02
1.716808033505002697e+02
1.721207218450349785e+02
1.761345388301482444e+02
1.800000000000000000e+02
1.773301102379923861e+02
1.788065105760179847e+02
-1.741984131123529949e+02
1.784991439127065576e+02
-1.756791950450155468e+02
9.199209357296645351e+01
-1.795165027891097509e+02
-1.739909940425054629e+02
1.797419126486638277e+02
1.780347394280794902e+02
-1.791574757392596098e+02
-1.774324026708122233e+02
1.769970723786160818e+02
1.624145144930724882e+02
1.746441749571448270e+02
-1.782193575540013057e+02
-1.778886693744239835e+02
-1.778434373252852083e+02
-1.750302592718896904e+02
1.720628119993770611e+02
1.727468053872746623e+02
-1.621907212463252108e+02
-1.780443186024771194e+02
1.760443545196158368e+02
-1.769872124958166637e+02
1.748301721124421704e+02
-1.792151753970080961e+02
1.752823974954383175e+02
1.800000000000000000e+02
1.797561896438959366e+02
-1.797498016798024594e+02
1.739623174785771198e+02
1.787155564781992325e+02
1.763006805077128263e+02
-1.791020205613981773e+02
1.797149487224161817e+02
1.724649362766718923e+02
1.800000000000000000e+02
-1.740194004752365515e+02
1.765491568062488454e+02
1.713691982114515611e+02
1.788876003837022211e+02
-1.794719432510998445e+02
1.783634229583832678e+02
1.773855704034045573e+02
-1.611818075314432406e+02
1.770297693928035017e+02
1.786881122174958989e+02
1.788449996319552326e+02
1.787964841906949687e+02
1.800000000000000000e+02
-1.790991971912647216e+02
1.616411411449798265e+02
1.636639571102815296e+02
1.785619142925963558e+02
1.746990734834743080e+02
1.758270155239204939e+02
-1.771633398988745398e+02
1.766636632977866554e+02
-1.773301102379923861e+02
-1.757321066997091918e+02
-9.456180798745700145e+01
-1.779954659678941198e+02
-1.789806097185449403e+02
-1.793013056170165385e+02
-1.796968505562858809e+02
-1.707810738618925654e+02
1.721799740026357028e+02
1.790330744283557181e+02
-1.686408866114379066e+02
1.794000661197460431e+02
1.623719806321803674e+02
1.771760397107576352e+02
-9.395564548038416319e+01
1.754367702457621476e+02
1.723566219285204397e+02
1.711752157908909737e+02
-1.692868769772089763e+02
-1.745258717993908135e+02
-1.678847581975421406e+02
1.648904248776595409e+02
-1.791140534061457572e+02
1.747807354720117701e+02
1.547369014955008879e+02
-1.736598082540901089e+02
-1.786163130326314956e+02
1.708194580423738387e+02
-1.797191405853166088e+02
1.767713521303643915e+02
-1.790206803456605087e+02
1.742894068625003570e+02
-8.924283113494146846e+01
1.656255327186946715e+02
-1.783153156821037157e+02
1.589272733800494564e+02
1.556276350775964659e+02
1.791094637466394204e+02
-1.519627178397554701e+02
-1.762570117043128732e+02
1.511212263250978083e+02
-1.780165233054906935e+02
1.715642324866485353e+02
1.779454271190743384e+02
-1.791449026037332999e+02
1.782308086939533780e+02
1.737365093856654426e+02
-1.782007242758659515e+02
-1.687477671837283140e+02
-1.714163785198860523e+02
1.800000000000000000e+02
1.715072709718815247e+02
1.781177175569892768e+02
1.712766193583170207e+02
1.754622274920933762e+02
1.797419126486638277e+02
-1.768201698801357509e+02
1.775762286558864389e+02
1.769581578433816276e+02
1.741030364897891900e+02
1.517666113746287238e+02
1.619112450275389676e+02
-1.795103044068708016e+02
-1.649950796171397940e+02
-1.725457011872515523e+02
-8.969523808957892186e+01
1.770643265535788373e+02
1.731572265873690526e+02
1.800000000000000000e+02
1.705817175830808594e+02
1.758949014868374263e+02
1.669856464608403712e+02
1.707666764907228014e+02
1.763477772196936826e+02
1.800000000000000000e+02
1.703902618749472140e+02
1.794437477729193233e+02
1.794212744343922452e+02
1.800000000000000000e+02
1.771658889836934918e+02
1.669828878109225059e+02
-9.412476660614238710e+01
1.695977532348956629e+02
-1.683663660010595606e+02
-1.669843572348941052e+02
1.747225939170928086e+02
1.790530485532265459e+02
1.740194004752365515e+02
-1.703519546839018517e+02
-1.785082595646272807e+02
-7.842157942788259106e+01
-1.797335099239415968e+02
1.721168606832702608e+02
-8.912309225856935768e+01
-1.716341138759674152e+02
-1.677842808658691354e+02
-1.618619178444026829e+02
-1.730345815099448998e+02
-1.764407331787167834e+02
1.733179834277421207e+02
1.695625246488818334e+02
1.800000000000000000e+02
-1.792115757375598832e+02
1.791275428770979943e+02
1.671476569336090563e+02
-1.693803447238448712e+02
-1.726656211985833238e+02
1.744336678573090467e+02
1.723880624032850903e+02
1.800000000000000000e+02
1.757184637649293961e+02
1.780908475670036353e+02
1.703947958449870725e+02
1.745337949612642774e+02
1.748786834892214017e+02
1.675191586082430035e+02
1.752363583092738111e+02
1.753718624622676714e+02
-1.777093899573614806e+02
1.794490960207814396e+02
1.748572354421157797e+02
1.745852979290443443e+02
-1.753498151501137556e+02
1.704967522421394506e+02
1.790569447675289894e+02
1.719408960971290412e+02
-1.791319485502544637e+02
1.636251622008011282e+02
1.800000000000000000e+02
-1.794000661197460431e+02
-1.743775993729102822e+02
1.627879280730152516e+02
1.659637565320735177e+02
1.773709181143613591e+02
1.800000000000000000e+02
1.714108735449305527e+02
-1.698753283446021953e+02
1.773735943617092516e+02
1.766514051855431262e+02
1.797135234897229452e+02
1.750302592718896904e+02
-1.766981343255650074e+02
1.764531463425003608e+02
-1.727594098703550003e+02
-1.789723832135583450e+02
1.768361163811192682e+02
-1.755587588105672125e+02
-1.791968407481897714e+02
9.731348862803166355e+01
1.774091980148049004e+02
1.727756843059546839e+02
8.478198287642491948e+01
-1.797519678718435046e+02
9.118118891332663623e+01
1.785311992856141785e+02
-1.768201698801357509e+02
1.738081657151579407e+02
-1.789087837747374010e+02
-1.792326916849103213e+02
1.767905136822080294e+02
-1.797191405853166088e+02
1.800000000000000000e+02
1.742321111020858666e+02
1.752115334496864136e+02
1.800000000000000000e+02
1.745731875014271850e+02
1.788403247915164229e+02
1.800000000000000000e+02
1.754562423485328395e+02
1.562068815019241868e+02
-1.779228252348372052e+02
1.800000000000000000e+02
-1.549106261310714103e+02
1.800000000000000000e+02
1.772993706626047299e+02
1.723094985811253537e+02
1.624201485733447328e+02
1.772736890060937469e+02
-1.764236656250026556e+02
-1.747014349301000777e+02
1.613088869546476474e+02
-1.774234281697311530e+02
1.730804667372943015e+02
-1.621399059293209461e+02
-1.782007242758659515e+02
1.777093899573614806e+02
-1.794517317636958182e+02
1.730616141946637754e+02
-1.783832096893267760e+02
1.769434195518505533e+02
1.741113912539543662e+02
