-1.652438474516877136e+02
-1.785311992856141785e+02
1.783362749957084077e+02
-1.747581800530204532e+02
-1.783896993975010332e+02
-1.774995894356231361e+02
-1.784448404949328619e+02
-1.767964890468022077e+02
-1.730540323792371851e+02
-1.736598082540901089e+02
1.786163130326314956e+02
-1.777760387596145506e+02
-1.757531573929765329e+02
-1.772257226886992214e+02
1.304425809802860101e+02
-1.746727115518133360e+02
-1.754164701908829898e+02
-1.783700721146158514e+02
1.794543424065842885e+02
-1.666754687381092310e+02
-1.760858627813875614e+02
1.784306451952510315e+02
-1.791854229502402802e+02
1.764236656250026556e+02
1.788929729543192479e+02
-1.733255309528824455e+02
-1.704457103275982490e+02
-1.714692343900518665e+02
-1.781912606775079553e+02
1.784014629073240314e+02
-1.759483161621715510e+02
-1.777974018382342081e+02
1.756893741751794948e+02
-1.779120161672766471e+02
-1.774104981527590894e+02
1.786196459265555632e+02
1.740316678024830708e+02
1.753937021493581483e+02
-1.775459683254729271e+02
1.777974018382342081e+02
-1.717405620201211889e+02
-1.736292830681059911e+02
-1.562505055071332549e+02
-1.735169263071027501e+02
-1.777093899573614806e+02
-1.713136454187633433e+02
1.785004529620223650e+02
-1.757241588873710612e+02
-1.749401311537359049e+02
-1.780908475670036353e+02
-1.701221637101444344e+02
1.792686042469024699e+02
-1.738147450844176660e+02
1.733455749539934061e+02
8.830104702855406629e+01
-1.737616673103607070e+02
-1.779441112149953312e+02
1.793704013915897235e+02
1.781523897340053963e+02
1.796968505562858809e+02
-1.723180953837485561e+02
-1.740389102174214315e+02
1.800000000000000000e+02
1.780828654300375433e+02
-1.782100893917539395e+02
-1.685759326579989192e+02
-1.692943150895276858e+02
-1.768636416316674058e+02
-1.721260618682743768e+02
1.709476020763783026e+02
1.787155564781992325e+02
-1.769444065422470658e+02
-1.695861745290108047e+02
-1.788188110866733780e+02
-1.754487387268603698e+02
1.774614554016012278e+02
1.769713014216594331e+02
1.743429292939316611e+02
1.746789787672987870e+02
1.694661381903155188e+02
1.715823428229868455e+02
1.735169263071027501e+02
-1.743624571155401384e+02
-9.116913932790741626e+01
-1.741736579704442534e+02
1.707164471947386630e+02
1.779649655431400959e+02
-1.782816419983445542e+02
1.720451135507493632e+02
1.699755132040533852e+02
1.688529934740780902e+02
-1.732901631922430852e+02
1.739784098609566740e+02
-1.670053832080834866e+02
-1.738655900560760870e+02
-1.727002131321020499e+02
-1.654209706484516857e+02
6.404352726384142436e+00
-1.710406270928276626e+02
1.746441749571448270e+02
1.761663234629119188e+02
-1.789108578301035095e+02
-1.688614402338163529e+02
-1.652564371635292844e+02
-1.475731932588541007e+01
-1.740046131959245486e+02
1.729752678768932697e+02
1.682208678093061849e+02
-1.792428311349414685e+02
1.797076771307714580e+02
-1.782285302599659360e+02
-1.795123881170750906e+02
-1.778983456723287304e+02
-1.781438419525511279e+02
-1.772378716866211903e+02
1.800000000000000000e+02
1.600645803414236070e+02
1.765716314411450298e+02
-1.730887728809753412e+02
-1.691475091397465746e+02
-1.751655936937367244e+02
-1.741823920831072314e+02
1.800000000000000000e+02
-1.732901631922430852e+02
1.749137782903653715e+02
-1.629950453038083253e+02
-1.744154977230130896e+02
1.742609015019104106e+02
4.216942829168580431e+00
1.797106298365594057e+02
-1.726942404666891662e+02
1.800000000000000000e+02
-1.764909734113834361e+02
1.720565281894095904e+02
-1.667293561235963466e+02
1.775762286558864389e+02
-1.705376777919743745e+02
-1.738533743403533265e+02
-1.790954049662673242e+02
1.800000000000000000e+02
1.673124786261300301e+02
1.687992022121155742e+02
1.695085229876684139e+02
-1.754998862915793438e+02
-1.735411836212813341e+02
-1.640899718597165133e+02
1.796952380895789361e+02
-1.795284404459238488e+02
-1.769727548177200163e+02
-1.743954609376099540e+02
1.780631996137789486e+02
9.523954368542923987e+01
-1.781720317556950022e+02
1.196730821120778216e+02
1.797612689669010990e+02
-1.708194580423738387e+02
1.795165027891097509e+02
-1.785913712646615465e+02
1.557204852996911484e+02
-1.784925642412250397e+02
-1.733497996833407910e+02
-1.772880165325550479e+02
-1.788002637618786252e+02
-1.780998890344231427e+02
-1.748055710922652111e+02
-1.736598082540901089e+02
-1.786306405590927966e+02
-1.786809223844914527e+02
-1.702563587129628502e+02
1.714560810892009783e+02
-1.729115243218539888e+02
1.800000000000000000e+02
-1.717704834376050940e+02
1.680160306279952920e+02
-2.040422845905543880e+01
1.780538048829692457e+02
9.027026110649414647e+01
-1.790906195508008523e+02
-1.741030364897891900e+02
1.791968407481897714e+02
-1.763890353605505084e+02
1.539522781457081066e+02
-1.598552371329364803e+02
1.783153156821037157e+02
1.774438499214217018e+02
1.029575800940931458e+02
1.788655783690230123e+02
1.790330744283557181e+02
-1.736598082540901089e+02
-1.670472354866244871e+02
-1.794670313773457622e+02
-1.797106298365594057e+02
-1.786552756112976681e+02
-1.730250704840038622e+02
1.666512728867126327e+02
1.747303469173082249e+02
1.700248732795413673e+02
1.739623174785771198e+02
-1.789815156522868449e+02
-1.686900675259797993e+02
-1.751666342432801002e+02
9.029232286922855621e+01
-1.703700487222356799e+02
-1.797908922440693686e+02
1.755558938783473195e+02
-1.797453537677271527e+02
-1.677352262721076102e+02
-1.787269699799433056e+02
-1.744063965508877629e+02
1.651515479818221195e+02
-1.728395502731088698e+02
1.772880165325550479e+02
1.699437236832935412e+02
-9.167647104680675341e+01
-1.751354855622394950e+02
1.674382257930404307e+02
1.739594348171027320e+02
1.797271650169319344e+02
1.689117135364392368e+02
-1.791449026037332999e+02
-1.676869365410105388e+02
-1.750302592718896904e+02
1.549325365619395143e+02
1.792494432036357352e+02
-1.741140121669717473e+02
-1.737843641002973527e+02
1.777493591029624724e+02
1.738939061527157435e+02
-1.760353452771438754e+02
1.760931836158965780e+02
-1.797135234897229452e+02
-1.790977788384698499e+02
-1.797245416438647680e+02
9.295077910900636198e+01
-1.691596945456694527e+02
-1.752609276814870043e+02
1.637758700733294006e+02
-1.753436536511039492e+02
9.686369191462704009e+01
-1.709097230791776667e+02
-1.754860115419987210e+02
-1.696308003802570283e+02
-1.749078848755010540e+02
-1.724480085685769097e+02
9.127871130704980374e+01
1.780347394280794902e+02
1.783476953223486987e+02
1.797015871800051343e+02
1.759143832200251154e+02
-1.703672819240319427e+02
-1.718315213759545088e+02
8.817203175569500218e+01
-1.742609015019104106e+02
1.702078537570825176e+02
-1.756430249941537056e+02
-1.764407331787167834e+02
1.770157178564066385e+02
-1.730405779285010226e+02
-1.769434195518505533e+02
-1.777974018382342081e+02
-1.791892647807376306e+02
1.751695800417100486e+02
-1.764964683552155691e+02
-1.770436893424963500e+02
1.732901631922430852e+02
-1.786830875942067394e+02
1.749820203613654428e+02
-1.701341930569156489e+02
-1.758591139964801471e+02
-1.706852202457102408e+02
-1.741140121669717473e+02
-1.501075445811954410e+02
1.742894068625003570e+02
1.780152968878464321e+02
-1.748289475819975110e+02
-1.707273982227997067e+02
1.793363719999867669e+02
-1.744400527366904612e+02
1.681579238846722433e+02
-1.681248360202998811e+02
-1.765716314411450298e+02
-1.768361163811192682e+02
1.711381355936024420e+02
1.573801350519595701e+02
1.704399035191136988e+02
-1.692868769772089763e+02
1.792654789657451886e+02
1.687916556810735074e+02
-1.750175804096242018e+02
1.705858254945175361e+02
-1.747556618892848519e+02
1.685034369824142289e+02
-1.715288553669851694e+02
1.785311992856141785e+02
-1.766865746002072513e+02
1.754381920125429986e+02
9.180873932249205893e+01
1.725041423602701514e+02
-1.607347356908199743e+02
1.736929080652623441e+02
-1.736598082540901089e+02
-1.700618760277751278e+02
-1.781144002292203083e+02
1.762994569448216566e+02
1.640924480694741590e+02
-1.776745455792247128e+02
-1.724649362766718923e+02
9.346822925891714817e+01
-1.705376777919743745e+02
1.744439615768749547e+02
1.792115757375598832e+02
1.727718100900221714e+02
-1.760548137709624541e+02
-1.678557219504330078e+02
-1.724815731205578118e+02
-1.796984460501317358e+02
-1.784025238027543878e+02
1.735956472736158673e+02
-1.663994574833412514e+02
8.763862534182437969e+01
-1.762937107027876777e+02
-1.690631510497935608e+02
-1.783293467286000293e+02
-1.736356226162217808e+02
