9.335007639750148201e+01
1.769059419410828866e+02
1.774208524997165739e+02
-1.716341138759674152e+02
1.541481374579396117e+02
1.665268418872688585e+02
1.690771952801307236e+02
-1.748055710922652111e+02
-1.689135869883403700e+02
1.776721849109588618e+02
-1.742894068625003570e+02
-1.606913270651108121e+02
1.788188110866733780e+02
1.800000000000000000e+02
1.758058172116091384e+02
-1.748895824389687732e+02
7.037774386134915972e+01
1.732338251774469313e+02
1.503168598208766866e+02
1.768201698801357509e+02
1.742373671134015467e+02
1.696513159120045202e+02
-1.728007663616323555e+02
7.794323746616737481e+01
1.720025265281961708e+02
1.702333206042273162e+02
1.607581217219756127e+02
1.800000000000000000e+02
-1.763987218827765560e+02
-1.700834738790927361e+02
-1.795185341941616457e+02
1.739275435927923183e+02
1.775940294833546886e+02
1.710028565789349386e+02
-1.663570852240099214e+02
-1.742321111020858666e+02
-1.680091650209607508e+02
1.715910882673993001e+02
1.769672973838230234e+02
-1.742007823709016066e+02
-1.753331416285610089e+02
1.643806078612892350e+02
1.774362297885350017e+02
1.800000000000000000e+02
1.733792239176850103e+02
1.800000000000000000e+02
9.444738485009048645e+01
-1.748521151758637018e+02
-1.739041384554041940e+02
-1.522414593989399805e+02
-1.776140559696112007e+02
1.695257651717741965e+02
1.754562423485328395e+02
-1.676278447494817669e+02
1.720424747730828585e+02
-1.597493664907175344e+02
1.800000000000000000e+02
1.722348339815746670e+02
-1.757241588873710612e+02
1.569295877501753580e+02
-1.499586360737208679e+02
1.766335393365701805e+02
1.649456834403951575e+02
-1.704399035191136988e+02
1.672245330172404749e+02
-7.790524292298789533e+01
1.708698235177213292e+02
8.940319054877082294e+01
-6.072456407207700302e+00
-1.688510103035582119e+02
1.800000000000000000e+02
1.749709264182145603e+02
-1.670424199059068826e+02
1.745596679689944892e+02
-1.748055710922652111e+02
-1.659637565320735177e+02
1.778307424102714833e+02
1.726942404666891662e+02
1.748978347476418094e+02
-1.680348711622511644e+02
1.652172739573843216e+02
1.766335393365701805e+02
1.790206803456605087e+02
1.725685920288274815e+02
-1.735260440313277002e+02
1.759998142394869092e+02
6.970243022777130193e+01
-1.771087304037794468e+02
1.746441749571448270e+02
1.728749836510982050e+02
-1.750728900523509992e+02
-1.474824893849545049e+02
1.734633663512029216e+02
-8.871267105847496737e+01
1.699920201985586914e+02
1.081130658075232986e+02
-1.791987126698930126e+02
-5.911892130305638915e+01
1.735956472736158673e+02
1.534349488229219958e+02
-1.744400527366904612e+02
-1.709605171966448722e+02
-1.593764686166747708e+02
1.800000000000000000e+02
1.638556612197165236e+02
-1.763322119444685825e+02
1.562505055071332549e+02
-1.620185703030359718e+02
5.777124256490144205e+01
-1.783316625517066996e+02
-1.779545915111127954e+02
-1.724053566314085799e+02
1.646115321672410232e+02
-1.007579670883900178e+02
-1.683497005624623455e+02
1.764552335444051323e+02
-1.753520293086129698e+02
-1.694873728300786411e+02
1.791756571791548538e+02
-1.512252753611782055e+02
1.740938588862294978e+02
-1.675925814725992780e+02
1.549490221835571049e+02
1.688708107103888096e+02
1.769672973838230234e+02
-1.412634906143345574e+02
-1.784622276153025382e+02
-1.786028189727036306e+02
1.717927835880818463e+02
-1.669081069356531373e+02
1.608443875545603419e+02
8.444005273669047540e+01
-1.665513849483134834e+02
1.734537092167059882e+02
1.557090375916490359e+02
1.800000000000000000e+02
1.762786867352502611e+02
-1.713843518158358847e+02
1.785436413656603065e+02
-1.557460802756833971e+02
-1.747099187946287486e+02
-1.756839724801344005e+02
1.749709264182145603e+02
-1.709982448774387080e+02
-1.775104470780008512e+02
1.641441986773614019e+02
1.790833457436147285e+02
1.771196224471524090e+02
-1.777974018382342081e+02
6.505609473657541741e+01
-9.870737027152041776e+01
1.779545915111127954e+02
-8.063349004298788714e+01
-1.746990734834743080e+02
-9.798011374516852356e+01
1.684653793463552915e+02
-1.749203921399854380e+02
-1.646498635075755885e+02
-1.776140559696112007e+02
1.734633663512029216e+02
-1.562864051136591002e+02
1.124098373714932677e+02
-1.602920211570212814e+02
1.647448812969422249e+02
1.751920460369695434e+02
1.715730309785193413e+02
1.620720802379927648e+02
1.746772492922317781e+02
-1.702833141822149230e+02
1.713195815749287192e+02
1.630338518914638257e+02
-1.736010433726310680e+02
-1.759143832200251154e+02
-1.748055710922652111e+02
-1.771844433157887693e+02
1.775529513576763918e+02
1.800000000000000000e+02
-1.606836471804958535e+02
-1.630724869358529645e+02
7.227676338311368909e+01
7.442745640318973699e+01
-1.771612121589946298e+02
-1.601329549929133407e+02
-1.753225821411182608e+02
-1.760353452771438754e+02
-1.662091331026390151e+02
-1.191514707126502692e+01
-1.734633663512029216e+02
-1.794645410144354685e+02
-1.680238675557966417e+02
1.719509382983254966e+02
1.407105931374996715e+02
-1.675209281980723688e+02
1.676446401349165001e+02
1.636104596659652373e+02
1.635596204783198289e+02
1.725457011872515523e+02
1.659637565320735177e+02
-1.717328266644893802e+02
1.779361802715430372e+02
-1.746441749571448270e+02
1.055241109967542599e+02
1.658542045058970018e+02
8.664135433108068440e+00
1.776626941408761979e+02
-1.690459373566016552e+02
1.726214641573261872e+02
1.794974183332789721e+02
-1.760740922963160244e+02
-1.749575489308290912e+02
1.773245733439708545e+02
8.333677037787937536e+01
-1.749575489308290912e+02
1.759143832200251154e+02
-1.621213034041586525e+02
-9.615516834327401341e+01
-1.113294615152795473e+02
7.886369056881827078e+01
-1.782285302599659360e+02
1.592459286812006098e+02
1.756347422649720613e+02
-1.790608090542644391e+02
1.702724214485984078e+02
-1.751354855622394950e+02
-1.742417398356332399e+02
-1.794543424065842885e+02
-1.748572354421157797e+02
-1.729906157433787541e+02
1.768697551377809134e+02
-8.800790642703356070e+01
-1.785797344536009632e+02
9.946232220802562551e+01
-1.711193408494797836e+02
-1.676446401349165001e+02
1.764513180260955494e+02
-1.677160445588928610e+02
3.742988295687134315e+00
-1.693803447238448712e+02
-1.770185387800177921e+02
-1.510040404858816032e+02
-1.628142938557752473e+02
1.745444782080796529e+02
1.269829069263446684e+02
-1.464695303328668956e+02
9.676617482255306868e+01
1.770219793480502517e+02
1.693507803407550796e+02
1.800000000000000000e+02
-1.585948205698814775e+02
9.168468431789629847e+01
-1.687509556853256925e+02
-1.622351466993025326e+02
1.783516554951038700e+02
-1.731025724422482597e+02
-1.735652608489632769e+02
-1.711353766115892086e+02
1.598803668591817200e+02
9.277916686407208147e+01
1.796255231132771826e+02
-1.746441749571448270e+02
1.775973905310139571e+02
-1.743824194098731937e+02
1.639741325515502410e+02
1.719297678220819137e+02
1.775633517531898633e+02
-1.566559890384224900e+02
-1.785436413656603065e+02
1.780419325707659652e+02
8.734931031657818323e+01
-1.631416012322617348e+02
3.086089168834950058e+01
1.776626941408761979e+02
-1.687477671837283140e+02
1.695922886875099493e+02
1.745164095555355743e+02
1.775853434791492305e+02
-1.677352262721076102e+02
-1.746106882400266045e+02
-1.685728984060548612e+02
-1.665689711293183564e+02
1.648355391002615704e+02
-1.764604408314500574e+02
1.733130906738176407e+02
-1.771375947738882530e+02
1.544579790115898561e+02
-1.772550441061618756e+02
1.710028565789349386e+02
-1.716625555611532832e+02
-1.771135814561353925e+02
7.110175308473618827e+01
1.065981043928610461e+02
1.754978105079590307e+02
1.781373790506933403e+02
-9.177146974003407820e+01
8.636704926051180564e+01
-1.774438499214217018e+02
1.741843734705087741e+02
-1.767947840689865302e+02
1.546121774044190289e+01
-1.786677801461303545e+02
1.397279878188422231e+02
-1.735260440313277002e+02
-1.676192430711928409e+02
1.800000000000000000e+02
1.791384742654327624e+02
-1.693460974000615238e+02
-1.765663696375494851e+02
-1.712147012821154135e+02
1.775104470780008512e+02
-1.725191138204763206e+02
-1.621811110854772267e+02
-1.714444417565871106e+02
-1.738298249049703941e+02
-1.618781397520986332e+02
-1.728749836510982050e+02
-1.680848529287349606e+02
-1.496567511157604145e+02
-1.795017883873863695e+02
1.750062560141766141e+02
-8.434051815983752931e+01
1.789583733239900312e+02
1.753645365730973538e+02
1.800000000000000000e+02
-1.567270959359180154e+02
