1.770492208909936664e+02
1.800000000000000000e+02
-1.755587588105672125e+02
1.723039482779834373e+02
-1.791696845137419984e+02
1.764964683552155691e+02
-7.315525304396260253e+00
1.679694039034621369e+02
-1.774438499214217018e+02
1.747625239331874809e+02
-1.794270613023165311e+02
-1.796569156004764807e+02
-1.776140559696112007e+02
-1.794694986833262078e+02
1.800000000000000000e+02
-1.752363583092738111e+02
1.784413157937891867e+02
1.774551956201869132e+02
1.773974377975002028e+02
-1.772475145997313177e+02
1.742321111020858666e+02
1.759143832200251154e+02
-1.775633517531898633e+02
1.800000000000000000e+02
-1.783028438103997360e+02
-1.767526572096770963e+02
1.736598082540901089e+02
1.795225462226904369e+02
-3.586284898586128378e+01
-1.690113489035060184e+02
-1.776626941408761979e+02
1.635295715603914175e+02
-1.738298249049703941e+02
1.707889734591833530e+02
1.641342921972261877e+02
-1.766822188316651818e+02
1.800000000000000000e+02
1.791048262897889458e+02
-1.779726772994997930e+02
1.671012488958355391e+02
-1.681402208790520376e+02
1.800000000000000000e+02
-1.727630779740320008e+02
1.758023316428390785e+02
-1.732243438306010148e+02
-1.486900496174655188e+02
-9.813010235415598004e+01
1.719829069263446684e+02
1.796075692906591428e+02
-1.733201139367774317e+02
-9.954452556555813203e+01
1.800000000000000000e+02
1.800000000000000000e+02
-1.723718503314192958e+02
-1.726059913574017344e+02
-1.742894068625003570e+02
-1.469083000613175614e+02
1.769413024259041833e+02
1.699393102046770423e+02
-1.739041384554041940e+02
1.534349488229219958e+02
-1.769059419410828866e+02
8.307278187399083436e+01
-1.767689900996317931e+02
1.649950796171397940e+02
1.009886510964939816e+02
-8.576360520094115714e+01
-1.720672416858279234e+02
-1.785185428291129313e+02
-1.786251652194305848e+02
1.710760115563685986e+02
1.800000000000000000e+02
-1.690771952801307236e+02
-9.594686305397350168e+01
1.712538377374447975e+02
-9.752382043863863714e+01
1.742007823709016066e+02
-1.780585136090856224e+02
-1.543407354830326597e+02
-1.780748162916768536e+02
-1.774208524997165739e+02
1.721466866980217958e+02
-1.683814756472053489e+02
1.755153939904553795e+02
1.774438499214217018e+02
1.585688327237668034e+02
-1.794382946674334391e+02
-1.643806078612892350e+02
-1.795017883873863695e+02
1.739667469937992905e+02
-1.720424747730828585e+02
1.732695160653843516e+02
-1.731893843151474144e+01
1.638107937429730612e+02
-1.710028565789349386e+02
1.524027041313563018e+02
-1.782465951399284450e+02
1.681868552998628275e+02
-1.769872124958166637e+02
-8.787890360333854289e+01
1.731986851760184436e+02
1.795817900585028895e+02
1.739909940425054629e+02
1.744546826911379753e+02
1.737741709355742330e+02
1.710546181664610685e+02
1.736010433726310680e+02
1.033091786954004760e+02
1.544400348281762092e+02
1.800000000000000000e+02
1.723758074955481732e+02
1.720106732336031143e+02
1.718698976458440200e+02
-1.687775419305551736e+02
1.766335393365701805e+02
-9.446715906138926755e+01
-1.734373014910625557e+02
-1.625906972530431460e+02
1.790833457436147285e+02
1.800000000000000000e+02
-1.710850730428521445e+02
1.744885225839794032e+02
1.751354855622394950e+02
-9.795752522691714148e+01
-9.421417852273404492e+01
-1.218274465766731254e+02
1.734537092167059882e+02
-1.776721849109588618e+02
-1.795452811383068763e+02
1.571412381201343749e+02
-1.739909940425054629e+02
-1.722925142770350249e+02
-1.706334900429878871e+02
-1.777974018382342081e+02
0.000000000000000000e+00
1.800000000000000000e+02
-1.748978347476418094e+02
1.697709917126404662e+02
-1.556005640758248489e+02
8.365980825409009469e+01
1.742007823709016066e+02
-1.611017530847362025e+02
-1.750062560141766141e+02
1.800000000000000000e+02
1.793969088056194607e+02
1.732243438306010148e+02
-8.846565850029922728e+01
-1.795264919412650784e+02
-1.780748162916768536e+02
-1.645479893588703248e+02
1.780908475670036353e+02
1.779361802715430372e+02
1.693236443173042005e+02
1.739275435927923183e+02
-1.775889702533887942e+02
-1.794490960207814396e+02
-1.692711407019899639e+02
1.639888225211915369e+02
1.634126614430725795e+02
1.705376777919743745e+02
1.767161377120936550e+02
1.715524727520915462e+02
1.781373790506933403e+02
1.800000000000000000e+02
-1.793969088056194607e+02
-1.717028550301631356e+02
-1.549164059938090929e+02
1.750728900523509992e+02
1.739909940425054629e+02
1.697960262782683287e+02
1.739275435927923183e+02
1.629794743884801562e+02
-1.772475145997313177e+02
1.800000000000000000e+02
1.683952376436211864e+02
1.800000000000000000e+02
-1.790530485532265459e+02
1.775889702533887942e+02
-1.777630209365622989e+02
3.182744657667310761e+01
1.778183585964485189e+02
-9.615516834327401341e+01
1.723789286907029634e+02
1.658378319446872524e+02
1.737655199044587846e+02
1.720198862548314764e+02
1.767191192273905926e+02
1.774886367328369374e+02
1.741140121669717473e+02
1.800000000000000000e+02
-1.694873728300786411e+02
1.527305280115419066e+02
-1.767979794166778618e+02
-1.763955794608243082e+02
-1.686900675259797993e+02
1.800000000000000000e+02
1.790007563297426998e+02
1.800000000000000000e+02
-1.758724082974882776e+02
1.788426669318704967e+02
-6.095065766751959213e-01
-1.723331957381858217e+02
-9.163657704161671802e+01
1.004202363552951027e+01
8.469907348347432219e+01
1.517712238186304319e+02
-1.702563587129628502e+02
1.543589941756947042e+02
1.800000000000000000e+02
1.752363583092738111e+02
1.748572354421157797e+02
-1.733951645032460362e+02
1.640546040990771246e+02
-1.727367552594154461e+02
1.700636100565716617e+02
1.783316625517066996e+02
1.696951535312339843e+02
8.657612875506931971e+01
1.749078848755010540e+02
1.728749836510982050e+02
-1.794743653935423993e+02
-1.771936297482117766e+02
1.774362297885350017e+02
-1.750728900523509992e+02
-1.646938610259101381e+02
9.763333058723129909e+01
1.800000000000000000e+02
1.800000000000000000e+02
1.719297678220819137e+02
8.660028584087673664e+01
1.754425809802860101e+02
1.282204320548500505e+02
1.652032377549426769e+02
-1.716492474676686015e+02
1.428001878841816961e+02
1.759143832200251154e+02
1.742321111020858666e+02
-9.576788889791414761e+01
1.636441828989827627e+02
1.712885624480496460e+02
-1.722079219217815762e+02
-1.722129820453675393e+02
1.764236656250026556e+02
1.800000000000000000e+02
-9.000000000000000000e+01
-1.766768795548645699e+02
1.709492783228162693e+02
-1.636441828989827627e+02
1.673073344548820955e+02
-1.024649328420649965e+02
1.767905136822080294e+02
-1.789390883097357801e+02
1.353696450618470237e+02
-1.639741325515502410e+02
-1.621649850573319327e+02
1.800000000000000000e+02
1.775736641683976416e+02
-1.238453402610717120e+02
-1.766981343255650074e+02
-9.404958170327138589e+01
1.601828474803810138e+02
1.737580856525849526e+02
1.719367538343027491e+02
-1.791636246745775907e+02
1.521027289690523787e+02
-1.764964683552155691e+02
1.734910435594974274e+02
1.788693090487620339e+02
1.752363583092738111e+02
-1.777093899573614806e+02
1.696409475119162948e+02
1.724761795613613629e+02
1.790451587461278109e+02
1.727554931475588091e+02
-1.674066700438968667e+02
-1.451542665802002716e+02
-1.795817900585028895e+02
1.560979495889891666e+02
1.758487147335783334e+02
-1.665268418872688585e+02
-1.506681604217524750e+02
-1.454374753511181666e+02
9.216107948822637752e+01
1.733130906738176407e+02
1.729987324425046609e+02
1.696026664775636732e+02
-1.783316625517066996e+02
-1.791117645047602309e+02
1.784792303388562402e+02
-1.696951535312339843e+02
1.748572354421157797e+02
-1.774438499214217018e+02
1.800000000000000000e+02
1.775529513576763918e+02
1.800000000000000000e+02
-1.770492208909936664e+02
1.734801982483430152e+02
1.554722795197419316e+02
1.800000000000000000e+02
-1.660752267795905652e+02
1.752363583092738111e+02
-1.782465951399284450e+02
-1.771936297482117766e+02
1.727249950421107485e+02
1.188865817669107088e+02
-1.783939970107177544e+02
1.777974018382342081e+02
-9.101099705233039572e+01
-1.795225462226904369e+02
-1.779974668681731202e+02
-1.793904934233248127e+02
-8.759402948335470285e+01
-1.795303729803103465e+02
1.757241588873710612e+02
1.706184898392517653e+02
-1.787811247648687072e+02
-1.589624889745781786e+02
-1.789949139947458150e+02
1.763955794608243082e+02
1.755635255143426434e+02
1.734801982483430152e+02
1.531890456996513308e+02
-1.777760387596145506e+02
-1.785797344536009632e+02
