-9.055907200456093165e+01
-9.267214374981647040e+01
1.754850871481503987e+02
1.719090364920347156e+02
-1.713954020848542257e+02
-1.789632687412330085e+02
1.745471450206505324e+02
1.721963592079350462e+02
1.765454733445740203e+02
1.749547060691189131e+02
-9.000000000000000000e+01
-1.755162490498850048e+02
1.756398313374293423e+02
-1.799892913092766946e+02
-1.795038611458581954e+02
8.464198913557906678e+01
9.151509490636794908e+01
7.247104845014141006e+01
7.821173295298753381e+00
1.740952040786203270e+02
6.308378434624512643e+00
-1.788063163477693536e+02
-2.102751189631752027e+01
-1.794713739348752881e+02
1.778077164193306885e+02
1.589523842666733344e+02
1.794148461647797035e+02
-1.755778236905644860e+02
1.794544438803819446e+02
-1.773240856055827521e+02
-3.892913841831461053e+00
-1.792080854434219361e+02
1.636881355434180785e+00
-6.831741432780895629e+00
-1.791658125838706326e+02
8.794369964936831252e+01
1.793903667637420654e+02
1.685614612825844461e+02
-1.762032475347797913e+02
1.747921182210606617e+02
-1.788365631239713593e+02
1.732887740655783375e+02
-1.564514934678446991e+02
1.794213885781879867e+02
-1.780728657570922167e+02
-9.282667092501841921e+01
1.769754656030270041e+02
-1.728981814956783296e+02
-1.751972988113272436e+02
-1.699573187699444077e+02
1.523148462129047642e+00
8.417299158038332507e+00
1.402632359962535133e+02
9.000000000000000000e+01
1.703350020297135927e+02
1.794761147103802443e+02
-1.770345582330696175e+02
9.115756137591552033e+01
1.755805979458896218e+02
-1.773374822799563901e+02
-1.729895915561163520e+02
1.794700460443686154e+02
8.554364662429797761e+01
1.782551443903813322e+02
-1.781716521206959101e+02
1.784922544036745364e+02
1.768089011656556409e+02
1.800000000000000000e+02
-1.707520556122003654e+02
1.794383368601427833e+02
-1.797151511702705875e+02
-1.713610228372949962e+02
1.573900682385176992e+02
1.714545370508491544e+02
1.782960060443871839e+02
1.794158718613211079e+02
7.405481804676489865e+00
-8.748983467577329520e+01
-1.797402958204410766e+02
-1.794061624218199711e+02
8.434449261048639812e+01
-1.791447364158095752e+02
-8.820810189803448509e+01
1.600063234358453599e+02
1.719199762538328002e+02
1.757345593781622028e+02
-1.797176552950868711e+02
9.606282890286837528e+01
-1.753234088177194110e+02
-2.738125971770282163e+00
1.789534314605127747e+02
-1.734814003463895062e+02
7.809329193602638952e+01
1.766520992270880299e+02
-1.107145863738196034e+01
-1.769989596421245039e+02
-1.735187900676818344e+02
-1.768450761693748632e+02
-1.727926386030585775e+02
1.741553446855780010e+02
-1.743466653281536765e+02
-1.744572937726794351e+02
-1.595463121536140818e+02
-1.728973262340032022e+02
-1.738542906066292062e+02
-1.692493052173017531e+02
1.800000000000000000e+02
1.779950747004095604e+02
9.448953749504620703e+01
-1.796850090152578332e+02
1.728736590769465806e+02
-1.745971536824619079e+02
-1.779083064793384494e+02
-1.746116752317832663e+02
-1.745136961732912937e+02
1.018575287783703089e+02
-1.529592619795214432e+02
1.789732094746863140e+02
1.786093351363448392e+02
-1.741553446855780010e+02
-1.777977691028631284e+02
1.733333680844197318e+02
1.741553446855780010e+02
-1.685650080812002329e+02
1.745087004062270921e+02
-1.794384021968880347e+02
1.732215344182663159e+02
1.752843002415257558e+02
-1.754172223091986496e+02
1.785182934611548831e+02
-1.753945510889131754e+02
1.740003158114789983e+02
-1.791142317299019737e+02
1.759592111467907785e+02
-1.776461696099726737e+02
-1.751214797072979366e+02
-1.773533251430260123e+02
-1.793935927616552419e+02
1.788303429143347785e+02
-1.738950069661603095e+02
1.789623500769300790e+02
1.763823418876940821e+02
-1.660263753078121169e+02
1.758859380427431347e+02
-1.797372242517803897e+02
1.716785064431557544e+02
1.773240856055827521e+02
1.791998198472659567e+02
-1.742018895228185045e+02
-1.728265308160494840e+02
1.734970955907426458e+02
-1.699821991280105067e+02
-1.752353934089790073e+02
-1.696596475601100735e+02
3.400370175852466481e+00
1.791317772888421302e+02
-1.753102508055731619e+02
1.087247290706178546e+02
-1.741326286054232355e+02
-1.790787806869945484e+02
-1.759151945589251227e+02
-1.749777204256143364e+02
1.800000000000000000e+02
1.799886390032594079e+02
-1.772213592063306180e+02
-1.707385210602726602e+02
1.663097784043054617e+02
1.749285651789833480e+02
1.724398631701708666e+02
1.789385561506752822e+02
1.800000000000000000e+02
-1.731310749738738366e+02
8.828985380198331256e+01
-1.732640707694093578e+02
-1.758086605111421079e+02
1.791404599026094502e+02
-1.775757282052554444e+02
1.800000000000000000e+02
1.773156795126803615e+02
1.792284877810368187e+02
-1.665628912398354089e+02
8.687299326361430474e+01
1.737214850282297789e+02
-1.780739994888258195e+02
1.772630555155458865e+02
1.693916061016522008e+02
8.321549033016259500e+01
-1.736400141657807978e+02
8.971202740711113677e+01
1.767032112691435941e+02
-1.792869269315379483e+02
-9.697636477976315916e+01
-1.738757861507160385e+02
1.581549270668125189e+02
-1.773979504380126286e+02
1.734791675271807208e+02
-1.788057256129424104e+02
9.207759489444833889e+01
-1.745702300518624099e+02
-1.794519511411833719e+02
1.710850281939098636e+02
1.765178755488219338e+02
1.700379994601852900e+02
-1.709015624605244454e+02
-1.783861652591783411e+02
1.800000000000000000e+02
1.800000000000000000e+02
1.794356236867277516e+02
1.720680118062789461e+02
1.752056795014989063e+02
1.748421148936762961e+02
-1.719398566008527780e+02
-1.756570746161109469e+02
1.764243353938687449e+02
-1.797150041078308789e+02
1.779365430377186783e+02
1.800000000000000000e+02
-1.731676171350823950e+02
-1.754143672235241525e+02
-1.718815030294230155e+02
-1.720783155167883649e+02
-1.781747415608673748e+02
-1.774752932164647916e+02
-1.739371710971316247e+02
1.785919078734703191e+02
1.770528792560548368e+02
-1.791003242526645352e+02
1.772843226845938034e+02
6.083496636451551254e+00
-1.720346214615654503e+02
-1.737025222536310309e+02
9.705090058172405065e+01
1.529024340919606004e+02
9.300872830946812542e+01
1.743010700303771898e+02
-1.732888898480013609e+02
9.386845678580785091e+01
-8.920780032093777834e+01
1.763320553616163124e+02
1.059486449003190387e+02
-2.385459268273844469e+00
1.768498469122247911e+02
-1.742783272927985649e+02
-1.789085808068681729e+02
1.779018208334134101e+02
-8.643059647870462925e+01
-1.750977165982251336e+02
8.390528545751811862e+01
1.771688291174042433e+02
-1.780541735742226024e+02
-1.747105119085532579e+02
-1.696443295691489084e+02
1.797582072387587857e+02
2.465298794586912479e+00
-1.715713139552270547e+02
-1.709094963519687553e+02
-1.038178618427510713e+02
-1.761753147576958725e+02
-1.653761544697630939e+02
-1.718815030294230155e+02
-1.758609315503702533e+02
1.760866648316320209e+02
8.028560277585397031e+00
-1.735213055283662129e+02
9.412302078577907594e+01
-1.761494971970340089e+02
-1.765078448110984652e+02
1.766983149484113937e+02
-1.791232669628395513e+02
1.752585900741113392e+02
-1.752861903430577399e+02
-1.699544130763836733e+02
1.074765655643058864e+02
-1.787757353781214817e+02
-1.720861197583025728e+02
1.766507108565078283e+02
1.605158654400721900e+02
7.740274137503159402e+00
-8.472715434629647291e+01
-7.166215143803758281e+01
-8.269750497915863718e+01
1.674736994904755250e+02
-7.956462293422158893e+01
-9.120059145450706239e+01
9.761628424058741871e+01
-1.639631356179648947e+02
-1.694781595673454149e+02
-1.713200737606521216e+02
1.661734424454742225e+02
1.753059675615406263e+02
-8.269997104051722658e+01
1.775092212194604997e+02
-1.596055545430170355e+02
1.738933965462933031e+02
1.793903667637420654e+02
1.767188891797806889e+02
-1.784451151911482896e+02
-8.875484713961014904e+01
-9.324590708024243213e+01
1.779943093551935078e+02
1.786271189335782594e+02
1.710169254768672999e+02
-8.797631229349131843e+01
1.262992529042830192e+01
1.794008952947940543e+02
1.799900528161566911e+02
1.776020685079219277e+02
-1.779450447796139088e+02
-1.739922201583317758e+02
1.702778031057218584e+02
-7.806902937868345305e+01
1.196986393427678337e+02
1.760644070910419714e+02
1.788254374856515199e+02
1.800000000000000000e+02
-1.774473425125854362e+02
-8.337542060705621338e+01
1.800000000000000000e+02
1.712650502186153858e+02
1.727027496499545975e+02
-1.763868601126371516e+02
-1.632184360789391633e+02
-1.757741057041619399e+02
-1.780351153747706121e+02
