-1.632442510708010275e+02
1.693236443173042005e+02
-1.758043503082193979e+02
1.734633663512029216e+02
-1.613784206335124338e+02
2.389109240154740732e+01
1.666512728867126327e+02
1.678631755447077296e+02
-1.688048885737000262e+02
-1.759504182967286283e+02
1.800000000000000000e+02
2.580453239994712433e+01
1.759464457681685872e+02
-8.508703316270306516e+00
1.771087304037794468e+02
-7.787017954632450056e+00
1.688961665633639200e+02
1.785056664087334752e+02
-1.695257651717741965e+02
-1.780908475670036353e+02
-1.728007663616323555e+02
1.682317110679793473e+02
-1.742321111020858666e+02
-1.728157326075731532e+02
-9.660483549675397796e+01
-1.741439864145710601e+02
-1.730189425931702090e+02
1.679052429229879237e+02
-1.619565879946687232e+02
-1.638278409842174597e+02
-1.791048262897889458e+02
1.654034244745058402e+02
1.794490960207814396e+02
-1.671118148742343124e+02
9.868041842507129502e+01
1.790206803456605087e+02
1.800000000000000000e+02
1.800000000000000000e+02
-1.653112132266816161e+02
1.800000000000000000e+02
1.781523897340053963e+02
-1.648459319496874116e+02
-1.690459373566016552e+02
-1.728749836510982050e+02
1.630091767080138538e+02
1.689704687760195441e+02
1.733547217897256019e+02
1.788065105760179847e+02
1.789087837747374010e+02
9.178991060824607473e+01
-1.706334900429878871e+02
1.415198017516569848e+02
-1.631913083737931345e+02
-8.108507304285214445e+01
-1.790122396003601750e+02
1.800000000000000000e+02
1.760698244542745385e+02
-1.562092261342228028e+02
-1.672424678391233499e+02
1.719952711427071677e+02
1.689062769884421584e+02
1.790759546472272916e+02
1.759665889272298216e+02
1.753893506813394083e+02
1.720106732336031143e+02
1.800000000000000000e+02
1.800000000000000000e+02
-1.679052429229879237e+02
-1.703217399468660744e+02
-1.690949779547655396e+02
1.772323661688631802e+01
1.732670786731404178e+02
-1.695483670560113296e+02
9.954038180484263876e+01
1.728227541491449983e+02
1.755153939904553795e+02
-1.777320454640941705e+02
1.752363583092738111e+02
1.780250659891180192e+02
-1.690277597621883672e+02
1.025288077091515078e+02
-1.541790080258107309e+02
-1.789087837747374010e+02
-1.707538872544367621e+02
1.700181707122668513e+02
-1.772361426290874249e+02
-1.741932730944684238e+02
1.745076754428725678e+02
-9.262640563829074836e+01
-1.730590165712574162e+02
1.788065105760179847e+02
-1.720106732336031143e+02
-1.778389205117736367e+02
1.705376777919743745e+02
-1.739909940425054629e+02
1.788982938847936452e+02
-1.742373671134015467e+02
-1.778657412374977298e+02
-1.796781169846012745e+02
-1.666075022462489130e+02
1.728749836510982050e+02
1.747261040426482452e+02
-1.772072976342867037e+02
1.800000000000000000e+02
1.241956054024607567e+02
-1.767905136822080294e+02
1.766661493384634127e+02
-1.746106882400266045e+02
8.365980825409009469e+01
-1.768778695378842940e+02
-1.514768813936879610e+02
1.728007663616323555e+02
-1.598937652016406901e+02
1.787635923971438672e+02
1.684861688155129968e+02
1.479465095156369330e+02
1.790608090542644391e+02
1.776531257075127144e+02
1.710760115563685986e+02
1.713571974199954582e+02
5.730053887899808984e+01
-1.761214754971522893e+02
-1.778630891462427428e+02
-1.721082975717642967e+02
-1.794382946674334391e+02
1.774738830883804610e+02
-1.775736641683976416e+02
-1.094703020094669483e+02
-1.790608090542644391e+02
7.797772331381648314e+01
-1.751009075462122553e+02
-1.765466837494689116e+02
1.800000000000000000e+02
-1.726476206401076468e+02
-1.618544213405185985e+02
1.724436559435605432e+02
-1.747581800530204532e+02
-1.703947958449870725e+02
-1.735504652961577392e+02
-1.744278021960361968e+02
-1.765317707410828802e+02
1.633007557660064037e+02
1.790451587461278109e+02
-1.766981343255650074e+02
-1.718698976458440200e+02
-1.710850730428521445e+02
-1.636441828989827627e+02
1.800000000000000000e+02
1.752798630689564447e+02
-1.787409547928247378e+02
-1.754260787400991433e+02
5.117314849972639301e+00
9.000000000000000000e+01
-1.783028438103997360e+02
1.794694986833262078e+02
1.739667469937992905e+02
-1.667594800848128216e+02
1.794212744343922452e+02
1.720792600983589296e+02
-1.670053832080834866e+02
-1.581018071943610153e+02
1.714391104288353915e+02
-1.718698976458440200e+02
1.731986851760184436e+02
1.694481904938077150e+02
-1.781720317556950022e+02
1.677884916235240382e+02
1.679386905429555270e+02
-1.663609479476279489e+02
1.736095046853530448e+02
1.731251819712957456e+02
-1.706144817399569433e+02
-1.710850730428521445e+02
1.768778695378842940e+02
-1.711479959006105673e+02
1.757858214772659551e+02
1.607581217219756127e+02
-1.608910142790934970e+02
1.735956472736158673e+02
-1.790371363743637971e+02
1.038911911714548637e+02
1.488406954916556231e+02
-1.543407354830326597e+02
-1.719297678220819137e+02
1.770133630095248520e+02
-1.752363583092738111e+02
1.612502423696888911e+02
-1.660790396350792548e+02
-1.769606004310730896e+02
1.785185428291129313e+02
1.800000000000000000e+02
-9.740691212849523595e+01
-1.684078245897089516e+02
-1.681901170429717638e+02
7.275004957889255053e+00
-1.790371363743637971e+02
-1.725685920288274815e+02
1.756567600483106162e+02
1.736598082540901089e+02
-1.738844964337145882e+02
1.492259638987517860e+02
-1.758295634751578973e+02
-1.759717363335148548e+02
-1.791574757392596098e+02
-1.708111639226412422e+02
-1.795558555668880558e+02
1.737843641002973527e+02
1.800000000000000000e+02
9.466685837143900528e+01
-1.701588682403656207e+02
1.218875235131297696e+00
-1.744724598483438456e+02
1.800000000000000000e+02
-1.754057466687335989e+02
1.740355128987469016e+02
-1.770492208909936664e+02
-1.655933148435631210e+02
-1.763955794608243082e+02
1.756839724801344005e+02
6.519801751656985722e+00
-1.775529513576763918e+02
-1.788876003837022211e+02
1.496567511157604145e+02
1.568791513375752800e+02
1.689704687760195441e+02
1.632685351056500878e+01
1.687682336159755891e+02
-1.782465951399284450e+02
1.800000000000000000e+02
8.756335175318986330e+01
1.786980473274211363e+02
-1.764964683552155691e+02
1.800000000000000000e+02
1.686900675259797993e+02
8.700965502483462899e+01
1.800000000000000000e+02
1.765663696375494851e+02
-1.718091386235366258e+02
9.182796824430501204e+01
2.202598161765805251e+00
-1.731251819712957456e+02
1.222287574350985579e+02
-1.794490960207814396e+02
8.339516450324602204e+01
1.796048629574925144e+02
1.769552215558060198e+02
-8.795459151111276697e+01
-1.717142029760462663e+02
-1.739623174785771198e+02
-1.784792303388562402e+02
-1.744546826911379753e+02
4.214178522734044030e+00
1.449580705984610063e+02
1.717474709528639210e+02
-2.806370251788249615e+00
-1.044702941000658996e+02
-1.414234704365565563e+02
-1.680558228115536679e+02
1.402578091689547080e+02
-1.710760115563685986e+02
1.769606004310730896e+02
8.489783474764180937e+01
-1.471237382477893902e+02
-1.672424678391233499e+02
-8.078897345918332462e+01
1.733951645032460362e+02
-1.158518625420604167e+02
1.710273733851036013e+02
-8.642366562500265559e+01
-1.751469036130076233e+02
1.746441749571448270e+02
-9.670983680775694324e+01
-1.647975912908238456e+02
-1.748978347476418094e+02
1.795416435419995764e+02
-1.713268259521202310e+02
-1.751634165542646997e+02
1.099379917442055472e+02
-1.696951535312339843e+02
-1.491189213030563963e+02
-1.779545915111127954e+02
1.712885624480496460e+02
-1.719330682702069168e+02
1.783634229583832678e+02
1.764604408314500574e+02
-1.726942404666891662e+02
1.800000000000000000e+02
1.637397952916880683e+02
1.003048464687660299e+02
9.000000000000000000e+01
-8.845184230102204026e+01
-1.742373671134015467e+02
1.719408960971290412e+02
-1.722781741998690279e+02
8.178721981071410596e+01
-1.728065299447044652e+02
-8.952254622269042272e+01
9.107082445478695831e+01
1.140202467972649032e+02
-1.790759546472272916e+02
-1.713843518158358847e+02
1.771936297482117766e+02
-1.712094568171860658e+02
1.718698976458440200e+02
1.660282368982805457e+00
6.009005957494524708e+00
-1.791319485502544637e+02
-1.666330693036831576e+02
-1.791253232288786705e+02
1.608443875545603419e+02
-1.770492208909936664e+02
-1.756430249941537056e+02
1.008082309403198025e+02
1.698457334197997568e+02
1.775633517531898633e+02
-1.706229393056956383e+02
8.315722658736906681e+01
1.650049208708240087e+02
-1.791987126698930126e+02
-8.763862534182437969e+01
-9.000000000000000000e+01
9.695295746817392057e+01
1.791987126698930126e+02
-1.702001513311323606e+02
