-8.445468269113796111e+01
-1.647183922653051980e+02
0.000000000000000000e+00
-1.790036521034950567e+02
-1.755074185200847126e+02
-1.732040559839810498e+02
-1.750428739303193026e+02
1.794996129012077688e+02
1.800000000000000000e+02
1.776386253418243939e+02
1.771658889836934918e+02
1.769713014216594331e+02
1.717028550301631356e+02
1.733605294811063402e+02
1.758150838748815943e+02
-1.759936085283727607e+02
1.744570079124959250e+02
1.791736758602707482e+02
1.800000000000000000e+02
1.800000000000000000e+02
1.770643265535788373e+02
1.768347936111896104e+02
-1.762053277316842355e+02
-1.797464805062279822e+02
-1.717474709528639210e+02
9.105602380599755463e+01
-1.781720317556950022e+02
-1.788248667627606494e+02
-1.720350147089550887e+02
1.776264041977633497e+02
1.740355128987469016e+02
-1.748289475819975110e+02
1.800000000000000000e+02
5.460212592148354638e+00
1.678631755447077296e+02
8.650740683914393969e+01
-1.797347436566240333e+02
1.786028189727036306e+02
-1.797205106094552605e+02
-1.718698976458440200e+02
1.762994569448216566e+02
-1.748499176619801858e+02
1.086045826006400317e+00
1.719121200254620021e+02
-1.787939512207800590e+02
1.793259631020155211e+02
1.800000000000000000e+02
1.629371428265386328e+02
-1.787437149710436870e+02
1.599284741354612720e+02
-1.782259191411820893e+02
8.319441955813522327e+01
-1.795398028320213086e+02
1.199334872358697801e+01
1.800000000000000000e+02
1.707823557900613594e+02
1.800000000000000000e+02
1.788308606720925980e+02
-1.776264041977633497e+02
-1.797453537677271527e+02
1.784014629073240314e+02
1.795165027891097509e+02
1.795322897399614988e+02
1.773438527960428814e+02
1.764708097006329695e+02
1.777320454640941705e+02
1.800000000000000000e+02
1.790646418042428536e+02
9.000000000000000000e+01
1.784088597288054245e+02
1.677703842424421339e+02
-1.725394338738316549e+02
-1.683925843242050462e+02
1.780725041133281081e+02
-1.791574757392596098e+02
1.794767654178158125e+02
-1.731909498203866065e+02
1.794153694792948386e+02
-1.767877902398907679e+02
1.788655783690230123e+02
-1.783082114317355149e+02
1.730032336428656947e+02
-1.735041981545823546e+02
1.800000000000000000e+02
1.785236314901869150e+02
-1.794838357702351743e+02
-1.693006566256958365e+02
1.775633517531898633e+02
-1.797061780653492917e+02
-1.733497996833407910e+02
-1.750775818128639969e+02
-3.276715725280026081e+00
1.800000000000000000e+02
1.800000000000000000e+02
-1.748055710922652111e+02
1.794490960207814396e+02
1.800000000000000000e+02
1.766514051855431262e+02
1.781352147406610129e+02
-1.764236656250026556e+02
-1.680706778227616667e+02
-1.779752349184389573e+02
1.755205395476497188e+02
-8.759178355887178213e+01
-1.766865746002072513e+02
1.800000000000000000e+02
1.711381355936024420e+02
1.784088597288054245e+02
-1.766069889309112568e+02
1.786800543060782331e+02
-1.698244891569567869e+02
1.800000000000000000e+02
-1.776359204140805161e+02
1.745852979290443443e+02
1.788766972859245641e+02
-1.767819387162058149e+02
-1.770436893424963500e+02
-1.789139541739936021e+02
1.777652011412611444e+02
-1.726878451347017744e+02
1.797232109478222526e+02
1.762482709294740459e+02
-1.796968505562858809e+02
1.717142029760462663e+02
1.800000000000000000e+02
-1.783316625517066996e+02
9.266607240759201503e+00
1.784587813562761198e+02
1.800000000000000000e+02
1.800000000000000000e+02
-1.773021943666836933e+02
-1.730189425931702090e+02
-1.797561896438959366e+02
1.779361802715430372e+02
1.797149487224161817e+02
1.777320454640941705e+02
-1.791854229502402802e+02
1.743150770128943634e+02
1.791615850255978728e+02
1.797015871800051343e+02
-1.714547181046991398e+02
-1.765074068391439539e+02
-1.753758486715709353e+02
-1.790569447675289894e+02
1.777093899573614806e+02
1.777320454640941705e+02
1.800000000000000000e+02
-1.797046635460529558e+02
1.800000000000000000e+02
1.769434195518505533e+02
-1.793124836453609134e+02
-1.658354347320401132e+02
1.769552215558060198e+02
-1.723493490446406042e+02
1.800000000000000000e+02
1.780908475670036353e+02
-1.756839724801344005e+02
-5.842489266191621233e+00
-1.739275435927923183e+02
-1.750302592718896904e+02
-1.717028550301631356e+02
-1.777867718236041981e+02
-1.788002637618786252e+02
1.782986453946738834e+02
1.797218673327036527e+02
1.702563587129628502e+02
1.757531573929765329e+02
-1.737227015104024304e+02
1.730345815099448998e+02
1.800000000000000000e+02
-1.783896993975010332e+02
-1.749262952699370430e+02
1.780725041133281081e+02
1.796952380895789361e+02
-1.760638338873100111e+02
9.313246519856804184e+01
-1.768201698801357509e+02
-1.773493103165781974e+02
1.800000000000000000e+02
-1.749920281079597260e+02
1.800000000000000000e+02
1.736278886030675039e+02
1.717405620201211889e+02
1.768830114008798375e+02
-1.715410875998294387e+02
1.777688253919687611e+02
1.748055710922652111e+02
1.800000000000000000e+02
1.788599359662136123e+02
1.791892647807376306e+02
-1.752363583092738111e+02
-1.757411538778296460e+02
1.800000000000000000e+02
1.800000000000000000e+02
1.765663696375494851e+02
1.719908597029627799e+02
1.797284580543154675e+02
-1.782554901584111064e+02
-1.756982417259409317e+02
1.786360724683970886e+02
-1.782020681430994955e+02
-1.788308606720925980e+02
1.757108466711809740e+02
1.756457789369304123e+02
-1.796984460501317358e+02
1.722826302411972108e+02
1.768040619864040934e+02
1.743775993729102822e+02
-1.735712522511701366e+02
1.800000000000000000e+02
-1.792494432036357352e+02
-1.658354347320401132e+02
-1.785820771685488637e+02
1.746441749571448270e+02
1.597343025290525134e+02
-1.621136944029400411e+02
-1.794123715837600344e+02
-8.194817051998298041e+01
1.782170495204263432e+02
1.790954049662673242e+02
1.764064338121347930e+02
1.739909940425054629e+02
-1.750540334528958510e+02
1.782901859558584761e+02
-1.797000248376961054e+02
1.784845920999778741e+02
1.760858627813875614e+02
1.789241493792087283e+02
1.800000000000000000e+02
-1.745731875014271850e+02
1.782730122495123624e+02
-1.784014629073240314e+02
-1.787939512207800590e+02
1.800000000000000000e+02
9.301278750418333630e+01
-1.756599792740355781e+02
1.800000000000000000e+02
1.786489349172803429e+02
1.794517317636958182e+02
1.739760069176803654e+02
1.796984460501317358e+02
-1.788426669318704967e+02
1.715410875998294387e+02
1.794719432510998445e+02
-1.754153371242682908e+02
-1.746789787672987870e+02
1.785082595646272807e+02
-1.783832096893267760e+02
1.749662130437999679e+02
1.752570651314706254e+02
1.776015786659074820e+02
1.714391104288353915e+02
-1.783397176310171801e+02
-1.783634229583832678e+02
1.800000000000000000e+02
-1.686900675259797993e+02
-1.788065105760179847e+02
1.791406277563553431e+02
1.800000000000000000e+02
-7.653885169257702614e+01
1.750428739303193026e+02
1.766169942086694107e+02
1.800000000000000000e+02
-1.760652179436305573e+02
1.784765352083481673e+02
1.800000000000000000e+02
1.751864491062934803e+02
-1.752115334496864136e+02
-1.766002858408767509e+02
1.784925642412250397e+02
1.769471174852075706e+02
-1.677995312726192196e+02
1.723694457746172191e+02
1.786800543060782331e+02
0.000000000000000000e+00
-1.745731875014271850e+02
1.794355278246930538e+02
1.797661409741267562e+02
8.878757191005507821e+01
1.767713521303643915e+02
1.744631176375162909e+02
-1.780054306987581469e+02
1.789583733239900312e+02
1.761308154236346013e+02
-1.788426669318704967e+02
1.783939970107177544e+02
1.785056664087334752e+02
-1.797551477319556739e+02
1.800000000000000000e+02
-1.695085229876684139e+02
1.796952380895789361e+02
-1.782901859558584761e+02
-2.302108292436626513e+00
-1.750428739303193026e+02
1.791048262897889458e+02
1.790906195508008523e+02
-1.788484811060362460e+02
1.789815156522868449e+02
1.794212744343922452e+02
-1.797245416438647680e+02
1.746717652180201696e+02
1.800000000000000000e+02
1.800000000000000000e+02
-1.785386899091187729e+02
-1.746441749571448270e+02
-1.692737055338747894e+02
1.797091609776494749e+02
1.800000000000000000e+02
-1.745881308476829759e+02
1.772011014864236813e+02
-1.740475405620324523e+02
-9.116320624524114180e+01
-1.007131230227910379e+02
1.759650724838690508e+02
1.712094568171860658e+02
1.791275428770979943e+02
1.792326916849103213e+02
-1.726476206401076468e+02
-1.669149400637678298e+02
1.743693172423647582e+02
1.757108466711809740e+02
-1.556954507340632858e+02
9.365222278030634584e+01
1.752570651314706254e+02
