1.791001402850956197e+02
-1.745124429399087660e+02
-1.768983359701315408e+02
1.792005758866824578e+02
1.719387627322898595e+02
-1.764087409627944965e+02
-1.756012946450044865e+02
-1.774995894356231361e+02
-1.797091609776494749e+02
-1.793969088056194607e+02
1.735411836212813341e+02
-1.752363583092738111e+02
-1.785534443134260982e+02
1.750690446980270281e+02
-1.724253203168421464e+02
-1.751354855622394950e+02
-1.791892647807376306e+02
-1.797232109478222526e+02
1.680502427785061457e+02
-1.761677302538051890e+02
-1.696703179109805717e+02
1.678686789333675051e+02
1.604872548307631916e+02
1.787155564781992325e+02
1.702587714716051721e+02
1.749137782903653715e+02
-1.699256672698972466e+02
-1.782414714395609110e+02
1.764531463425003608e+02
1.657740361012481856e+02
1.758935028348295759e+02
-1.742373671134015467e+02
-1.755205395476497188e+02
-1.720303896056786357e+02
1.734969440551182913e+02
-1.797031333326753213e+02
8.480557109226519685e+01
-1.729396880612123653e+02
1.120058538622478466e+02
1.750189180646916043e+02
-1.771087304037794468e+02
1.744278021960361968e+02
1.760638338873100111e+02
-1.649315118405077953e+02
1.683367059651361615e+02
1.729033058334246675e+02
1.759336812251940216e+02
1.777542574341049146e+02
8.974870433279106408e+01
1.774362297885350017e+02
-1.788426669318704967e+02
1.716070748126075216e+02
-1.788484811060362460e+02
-1.782986453946738834e+02
1.745852979290443443e+02
-1.739153061347312530e+02
-1.715110561194952936e+02
1.790906195508008523e+02
-1.715524727520915462e+02
-1.685728984060548612e+02
1.776140559696112007e+02
1.752143045076250587e+02
-3.313425399792749637e+00
1.774983771857182262e+02
1.758353273481340864e+02
1.714692343900518665e+02
1.735925597174668269e+02
-1.797310077063035294e+02
1.368744655626045414e+02
-1.741736579704442534e+02
1.785607103721175974e+02
-1.691917690596802117e+02
1.590265065786792036e+02
1.769296056586896100e+02
1.792005758866824578e+02
1.762053277316842355e+02
1.800000000000000000e+02
-1.648828323454128508e+02
-1.735925597174668269e+02
1.789087837747374010e+02
-1.709806775686183187e+02
1.722977157337337815e+02
1.779361802715430372e+02
1.752852454812950498e+02
-1.736929080652623441e+02
-1.781939747023987479e+02
1.785820771685488637e+02
1.766169942086694107e+02
1.652254497249534211e+02
1.732204320548500505e+02
-1.733407927338631964e+02
1.778434373252852083e+02
-1.797310077063035294e+02
-1.757740018220415550e+02
1.770436893424963500e+02
1.800000000000000000e+02
-5.413715101413871622e+01
-1.722107145220383302e+02
1.751611011990767111e+02
-1.753567274168811423e+02
1.682648747414008596e+02
1.717142029760462663e+02
1.800000000000000000e+02
1.672756443145776473e+02
-1.764785466230777899e+02
-1.617397328904665983e+02
-1.745460811114087676e+02
-1.788188110866733780e+02
-1.705376777919743745e+02
8.603534527714388958e+01
-1.745596679689944892e+02
1.797076771307714580e+02
-1.755153939904553795e+02
-1.636861475737394471e+02
1.736328201357313219e+02
-1.779854012121294318e+02
1.785311992856141785e+02
1.754622274920933762e+02
1.785607103721175974e+02
1.783634229583832678e+02
-1.775424618518229067e+02
-1.779441112149953312e+02
1.675350671579350319e+02
1.794743653935423993e+02
1.645080144719919701e+02
-1.770339591100128871e+02
1.693196661343900757e+02
1.719313737805284745e+02
1.696951535312339843e+02
1.695437494077691269e+02
-1.775104470780008512e+02
1.754933931162316867e+02
-1.671249984403875146e+02
1.779228252348372052e+02
-1.784925642412250397e+02
-1.772643983008868247e+02
-1.680502427785061457e+02
-1.721131165952201343e+02
-1.715836256121842780e+02
-1.642913621709842573e+02
-1.768636416316674058e+02
1.722482208457032868e+02
-1.797347436566240333e+02
-1.773162248405310208e+02
1.737696753859943612e+02
1.726400458411680461e+02
1.763785152958826643e+02
1.797870055182885949e+02
1.791696845137419984e+02
-1.765716314411450298e+02
-1.792461516669292223e+02
-1.717405620201211889e+02
-1.664550266320544836e+02
-1.758949014868374263e+02
1.785082595646272807e+02
1.417098368077569148e+02
8.610629244490286283e+01
1.700618760277751278e+02
-1.751095979419461628e+02
1.736292830681059911e+02
-1.692711407019899639e+02
-9.670983680775694324e+01
1.745881308476829759e+02
-1.768040619864040934e+02
1.754933931162316867e+02
1.794308553479033606e+02
-1.781816970355481828e+02
1.779649655431400959e+02
1.668093892877931523e+02
-1.779120161672766471e+02
-1.786739456232951113e+02
1.792394812228691308e+02
-1.770711418003069184e+02
-1.762435474521959407e+02
1.707538872544367621e+02
1.721131165952201343e+02
1.745018372750190281e+02
-1.478750015596124854e+02
-1.747867175952447667e+02
1.741226073933568728e+02
-1.681113419603720445e+02
-1.745962086397503015e+02
-1.714842175956499375e+02
-1.474824893849545049e+02
-1.643664996546929729e+02
-1.755787105785693996e+02
1.782193575540013057e+02
1.787875719100550782e+02
-1.727367552594154461e+02
1.693302171955033089e+02
-1.605094694920245786e+02
-1.767038840274537108e+02
1.633007557660064037e+02
-1.746202984008746171e+02
-1.735169263071027501e+02
1.601209256461421546e+02
-1.717087285083089228e+02
-1.696951535312339843e+02
1.767223240478097068e+02
-1.701760682765841466e+02
1.791615850255978728e+02
1.746990734834743080e+02
-1.782376089763394873e+02
-1.626632383278180214e+02
-1.650512729192129200e+02
-1.717028550301631356e+02
-1.727676212917223495e+02
-1.787269699799433056e+02
-1.788633281224012137e+02
-1.785386899091187729e+02
1.775224011315543180e+02
-1.794093427853533171e+02
1.785820771685488637e+02
-1.792868113649824124e+02
1.369021127746569277e+02
-1.751469036130076233e+02
-1.717142029760462663e+02
1.797076771307714580e+02
1.747528610983835620e+02
-1.744546826911379753e+02
1.704905207824471063e+02
1.776140559696112007e+02
1.751864491062934803e+02
2.371618945136713208e+01
1.753937021493581483e+02
-1.769872124958166637e+02
1.736598082540901089e+02
1.428464621983981715e+02
1.646991544275500132e+02
1.737901738528137514e+02
-1.794183369424946193e+02
-1.767547450961098434e+02
-1.746441749571448270e+02
-1.704201079579879661e+02
1.682909988981359959e+02
8.730219436668369326e+01
1.747793487693760994e+02
1.800000000000000000e+02
-1.736598082540901089e+02
-1.716143997652028474e+02
1.797271650169319344e+02
-1.764785466230777899e+02
1.615650511770780042e+02
1.736598082540901089e+02
1.785820771685488637e+02
-4.143425047238141445e+01
-1.792005758866824578e+02
1.707321637371788938e+02
1.782285302599659360e+02
1.776386253418243939e+02
9.516846797633830590e+01
-1.623392713420060716e+02
-1.670235781199879455e+02
1.674397629031544454e+02
-1.785627730036781031e+02
1.756222590712599185e+02
-1.709334972601838274e+02
1.735359256806231656e+02
1.800000000000000000e+02
1.586414476229394097e+02
1.797582470907319134e+02
1.697907659239392615e+02
-1.719867481558584359e+02
-1.588752808539275065e+02
-1.727630779740320008e+02
1.738572818476454529e+02
1.800000000000000000e+02
-1.695861745290108047e+02
-1.714692343900518665e+02
1.743907255535542049e+02
1.762810060268419647e+02
1.739458081058851633e+02
1.726942404666891662e+02
-1.767547450961098434e+02
1.791319485502544637e+02
6.275353094395494935e+00
1.763477772196936826e+02
1.639439234006015624e+02
1.719431658661534357e+02
1.746717652180201696e+02
1.064195067431816568e+02
-1.725318992515746856e+02
-1.794517317636958182e+02
-1.794183369424946193e+02
1.757439732745163496e+02
-1.793904934233248127e+02
1.685304696671331044e+02
-1.724815731205578118e+02
1.794490960207814396e+02
1.786360724683970886e+02
1.787706655135221183e+02
1.772854227309989597e+02
-1.701341930569156489e+02
1.800000000000000000e+02
-1.665941247588634440e+02
1.789241493792087283e+02
-2.423771344113555770e+00
1.740059070508915227e+02
1.732040559839810498e+02
-1.788722759741413029e+02
1.748572354421157797e+02
1.760377893235320812e+02
1.627742811994313570e+02
-1.724649362766718923e+02
1.770643265535788373e+02
-1.797120839334428979e+02
1.771113784501570478e+02
1.673124786261300301e+02
1.757531573929765329e+02
-1.742656720753273305e+02
1.760627748351759294e+02
-9.165685394752250659e+01
-1.709097230791776667e+02
1.722348339815746670e+02
1.760443545196158368e+02
1.744976595738174865e+02
1.768675348014319866e+02
1.776264041977633497e+02
1.759717363335148548e+02
-1.687448960063854599e+02
1.770643265535788373e+02
-1.762810060268419647e+02
1.756457789369304123e+02
-1.723422903062861451e+02
