1.765142088168778685e+02
1.751354855622394950e+02
1.772880165325550479e+02
1.794694986833262078e+02
1.800000000000000000e+02
1.800000000000000000e+02
1.800000000000000000e+02
1.784656585002992415e+02
1.794327335901420781e+02
-1.731025724422482597e+02
-1.744154977230130896e+02
1.786306405590927966e+02
9.093804491991415162e-01
1.709839510519897772e+02
1.777295503293348986e+02
1.740284341022035619e+02
1.775299487040391284e+02
-1.776239447819936856e+02
-1.692573339358377211e+02
1.789583733239900312e+02
-1.772499148250875862e+02
1.786028189727036306e+02
-1.789769698113321681e+02
-1.790530485532265459e+02
1.800000000000000000e+02
1.780021201435233138e+02
1.794031905487708229e+02
-1.748055710922652111e+02
-1.762570117043128732e+02
-1.752165190512325523e+02
-1.794123715837600344e+02
-1.790451587461278109e+02
-1.758835375812753341e+02
-1.749252696218424887e+02
-1.728749836510982050e+02
-1.788114613907911803e+02
1.769434195518505533e+02
-1.756839724801344005e+02
1.800000000000000000e+02
1.749632172904775018e+02
-1.788065105760179847e+02
1.771798275275515095e+02
1.745852979290443443e+02
-1.704633642415405745e+02
1.775575846893428889e+02
1.781221225527146430e+02
-1.707333927592408145e+02
-1.770358754529562191e+02
1.775958639462463111e+02
1.753013194827005634e+02
1.777591345007864732e+02
1.790079644340113987e+02
-1.737312790438558068e+02
1.714827698916930956e+02
1.765591430777703010e+02
1.774852473525271819e+02
1.763785152958826643e+02
-1.770185387800177921e+02
-1.792428311349414685e+02
1.797135234897229452e+02
-1.791776290200018309e+02
1.701664360357928842e+02
1.695166007797357395e+02
-1.032244691565731065e+00
1.788633281224012137e+02
1.796548488768358709e+02
1.733333401090986285e+02
-1.785024122609824815e+02
-1.729052508323889867e+02
-1.699920201985586914e+02
-1.796851911926109153e+02
-1.710273733851036013e+02
1.709453381667510143e+02
1.759504182967286283e+02
1.745881308476829759e+02
1.783362749957084077e+02
-1.714560810892009783e+02
-1.791319485502544637e+02
1.772491652041187535e+02
-1.756676860168115013e+02
1.789993021221411595e+02
-1.777879579979516507e+02
1.795060831013812503e+02
1.756012946450044865e+02
1.795575703419605418e+02
1.788542371618248978e+02
1.711121483087802631e+02
1.741736579704442534e+02
1.773417477652922116e+02
-1.791286484823216369e+02
1.798215090524464017e+02
-1.728395502731088698e+02
1.774362297885350017e+02
-1.752896401719490029e+02
1.794490960207814396e+02
-1.766890584853885571e+02
1.763670492605118056e+02
1.784811496025647841e+02
1.755872066739303534e+02
-1.744910503017839574e+02
-1.764367319370938390e+02
1.768954740907356609e+02
1.720628119993770611e+02
1.760424468858721525e+02
-1.762414443145280245e+02
-1.782816419983445542e+02
-1.713903282192264612e+02
1.763407184813391950e+02
1.746678411183404478e+02
1.713218311147592487e+02
1.784845920999778741e+02
1.707424509712526799e+02
1.785311992856141785e+02
1.785004529620223650e+02
-1.788426669318704967e+02
-1.789658924551165740e+02
-1.763670492605118056e+02
-1.779079337205198499e+02
1.769178191754718625e+02
1.753466484127316107e+02
1.758990183023153975e+02
-1.793152224929908698e+02
-1.794974183332789721e+02
1.748688347171036810e+02
1.776507213525198665e+02
1.774664411116054339e+02
1.780079064270335607e+02
1.713665801726362474e+02
1.795074982662366665e+02
1.761253267964348765e+02
1.776292356697496189e+02
-1.783961372288450775e+02
-1.794490960207814396e+02
-1.792948567786503133e+02
-1.780585136090856224e+02
1.757946429982914367e+02
1.740325654333699390e+02
1.788982938847936452e+02
1.794437477729193233e+02
1.732599439020530667e+02
1.747350532453941980e+02
1.724204902231097378e+02
1.706900598250139751e+02
-1.772208331359279327e+02
1.772550441061618756e+02
1.719509382983254966e+02
-1.779974668681731202e+02
-1.758752333938576271e+02
-1.787039365019828949e+02
-1.781692513519745091e+02
1.685095521197529820e+02
1.695686264358143660e+02
-1.740837305887367847e+02
1.792108518398541435e+02
1.792461516669292223e+02
-1.797796327038768425e+02
-1.772854227309989597e+02
1.800000000000000000e+02
1.786251652194305848e+02
1.719908597029627799e+02
-1.781352147406610129e+02
1.722348339815746670e+02
1.667452874223552328e+02
-1.797135234897229452e+02
1.720977630002199987e+02
-1.778114174395967950e+02
1.741384586018035350e+02
-1.794327335901420781e+02
-1.759921954576276732e+02
1.786633410216708739e+02
1.794861502836458556e+02
-1.770922371365037407e+02
-1.782100893917539395e+02
1.796396539366127740e+02
1.739909940425054629e+02
1.789723832135583450e+02
1.778050688767958434e+02
-1.785558744690641788e+02
1.742231945119523289e+02
1.762218022928384187e+02
1.773472663746728983e+02
1.788580426732109743e+02
-1.770492208909936664e+02
1.773648154175485843e+02
-1.758724082974882776e+02
1.729772061644268035e+02
1.753867047138750763e+02
-1.798139753954924913e+02
1.773136052456392520e+02
1.725685920288274815e+02
1.749150393952781712e+02
-1.730977788192087701e+02
1.749626314979685446e+02
1.800000000000000000e+02
1.792926806314557666e+02
-1.757220624446528916e+02
-1.793076375752364982e+02
1.773632415738595682e+02
1.705376777919743745e+02
-1.741993758562830408e+02
1.800000000000000000e+02
1.790759546472272916e+02
-1.749384391910180341e+02
-1.798226142524677300e+02
1.768611173661164457e+02
1.729177257390390423e+02
-1.794759678485696099e+02
1.737580856525849526e+02
1.719121200254620021e+02
-1.791776290200018309e+02
1.749390385568726742e+02
-1.645536836323074397e+02
1.720628119993770611e+02
-1.748055710922652111e+02
1.779865245046090081e+02
-1.665042667192041961e+02
1.779845579202596468e+02
-1.792292512546080161e+02
1.657808982821260031e+02
1.725799851047387961e+02
-1.794241824067550510e+02
-1.797540968767293066e+02
1.753488919627153280e+02
1.739310074570957454e+02
1.800000000000000000e+02
-1.774169793313649279e+02
1.738351582177645582e+02
1.781221225527146430e+02
-1.777974018382342081e+02
-1.741439864145710601e+02
1.769114960104250542e+02
1.737580856525849526e+02
1.759936085283727607e+02
-1.718942064180439786e+02
-1.779120161672766471e+02
1.745076754428725678e+02
1.783788540863465926e+02
1.762733550767607369e+02
1.753955128430184800e+02
1.764087409627944965e+02
-1.683497005624623455e+02
-1.791185960034178777e+02
1.758090924726747346e+02
1.774791720922898435e+02
8.375368437900988283e+01
-1.764236656250026556e+02
1.800000000000000000e+02
-1.749649153205433265e+02
1.792335469989890839e+02
1.724567737096011228e+02
-1.793312080470313674e+02
-1.795892846012349366e+02
-1.777093899573614806e+02
1.647198940418699635e+02
-1.756012946450044865e+02
-1.719007515898261431e+02
1.753579621864924718e+02
-1.791286484823216369e+02
-1.776230491855965283e+02
1.704257721149081704e+02
1.791293105015656408e+02
1.753381269047611681e+02
1.752527660349172720e+02
1.781775673123671311e+02
1.742072035049678504e+02
1.792559407971112933e+02
1.794767654178158125e+02
1.791615850255978728e+02
1.784161884291380602e+02
-1.761345388301482444e+02
-1.774983771857182262e+02
-1.708282709698340511e+02
-1.797000248376961054e+02
-1.784982074776406762e+02
1.798064339137367824e+02
1.797870055182885949e+02
1.773574547059352824e+02
1.794364531291859919e+02
-1.782100893917539395e+02
-1.769766237360937282e+02
1.782491458134571758e+02
-1.766932535197574907e+02
-1.767138980209247165e+02
-1.769758645499335330e+02
-1.711870983622555968e+02
-1.770549036806248751e+02
1.760032965246811045e+02
-1.782730122495123624e+02
-1.716538693374767774e+02
1.798169470141565398e+02
-1.787875719100550782e+02
-1.753520293086129698e+02
-1.719055515177280142e+02
-1.752130008790499858e+02
-1.695400909070708622e+02
4.106497165170427621e+00
-1.669828878109225059e+02
1.794694986833262078e+02
-1.782308086939533780e+02
1.800000000000000000e+02
1.800000000000000000e+02
-1.784518423010220545e+02
-1.794767654178158125e+02
1.800000000000000000e+02
1.787222390923714386e+02
1.787921354199467316e+02
-1.743657333442326092e+02
-1.753498151501137556e+02
1.719228512162688105e+02
-1.721959014080561019e+02
1.800000000000000000e+02
-1.794062826037874459e+02
1.788711652033393591e+02
-1.749427514674408712e+02
-1.728037645709186449e+02
1.783235289531932608e+02
1.800000000000000000e+02
-1.692611028990945385e+02
-1.777591345007864732e+02
1.784587813562761198e+02
-1.721466866980217958e+02
-2.970230607196518768e+00
1.800000000000000000e+02
-1.753093155442651607e+02
