-1.760548137709624541e+02
1.768451571352080407e+02
-1.785797344536009632e+02
1.764513180260955494e+02
-1.704508660712640733e+02
-1.721168606832702608e+02
1.800000000000000000e+02
-1.782100893917539395e+02
-1.757001371798079390e+02
-1.657685416843573876e+02
1.794838357702351743e+02
1.720198862548314764e+02
-1.753800765183395924e+02
1.787939512207800590e+02
1.788693090487620339e+02
-8.207926009835892955e+01
-1.749575489308290912e+02
-1.729373973295842291e+02
-1.737843641002973527e+02
1.717474709528639210e+02
1.800000000000000000e+02
-1.534349488229219958e+02
1.800000000000000000e+02
1.800000000000000000e+02
1.800000000000000000e+02
1.783634229583832678e+02
1.701120111844222151e+02
1.800000000000000000e+02
-1.769266674889266540e+02
1.788876003837022211e+02
-1.719952711427071677e+02
-1.707889734591833530e+02
-1.743455791773592978e+02
1.800000000000000000e+02
-1.771087304037794468e+02
-1.561612598168282773e+02
-1.767905136822080294e+02
1.734373014910625557e+02
1.755153939904553795e+02
-1.768939729043835598e+02
-1.747625239331874809e+02
-1.777093899573614806e+02
1.800000000000000000e+02
-1.794093427853533171e+02
1.729210783953877808e+02
1.794093427853533171e+02
-1.762218022928384187e+02
-1.741554341226131442e+02
-1.789488192504562676e+02
1.789949139947458150e+02
-1.685110187978407907e+02
-1.777760387596145506e+02
1.800000000000000000e+02
1.757858214772659551e+02
1.800000000000000000e+02
-1.767161377120936550e+02
-1.748768344628718694e+02
1.789769698113321681e+02
-1.774551956201869132e+02
1.742894068625003570e+02
1.800000000000000000e+02
-1.769178191754718625e+02
-1.790122396003601750e+02
1.800000000000000000e+02
1.791319485502544637e+02
1.780250659891180192e+02
1.758724082974882776e+02
-1.728227541491449983e+02
-1.725685920288274815e+02
-1.762915718428695584e+02
1.800000000000000000e+02
1.795592719272389957e+02
-1.790289780689208499e+02
1.753331416285610089e+02
-1.763955794608243082e+02
1.794594898128693501e+02
1.766050764578817507e+02
1.800000000000000000e+02
1.789488192504562676e+02
-1.759143832200251154e+02
-1.775804907833436630e+02
1.800000000000000000e+02
-1.795060831013812503e+02
1.800000000000000000e+02
-1.757636052009411856e+02
-1.789488192504562676e+02
1.800000000000000000e+02
-1.693150875999972698e+02
-1.731251819712957456e+02
1.794093427853533171e+02
-1.739909940425054629e+02
1.737741709355742330e+02
1.800000000000000000e+02
-1.782986453946738834e+02
1.795264919412650784e+02
-1.426668042618141783e+02
-1.694873728300786411e+02
-1.755635255143426434e+02
-1.752720121811578053e+02
1.795264919412650784e+02
-1.795341909172350086e+02
1.800000000000000000e+02
-1.795060831013812503e+02
1.750658356594399550e+02
-1.756012946450044865e+02
-1.745076754428725678e+02
-1.759504182967286283e+02
-1.789291755452130417e+02
-1.748055710922652111e+02
1.790206803456605087e+02
-1.740428688852917958e+02
1.767947840689865302e+02
-1.767905136822080294e+02
1.785679038158353649e+02
1.661713490277198559e+02
-1.732901631922430852e+02
1.791636246745775907e+02
-1.744724598483438456e+02
-1.752032010331644472e+02
-1.795936537666909771e+02
8.951853419416164570e+01
-1.710694098995810180e+02
1.780748162916768536e+02
1.800000000000000000e+02
-1.683540257515167866e+02
-1.777542574341049146e+02
-1.758850909017627373e+02
-1.730887728809753412e+02
1.783476953223486987e+02
-1.730727818739908344e+02
1.783634229583832678e+02
1.769644308749444406e+02
1.800000000000000000e+02
-1.787939512207800590e+02
-1.790977788384698499e+02
1.800000000000000000e+02
1.791756571791548538e+02
-1.737965520983081831e+02
-1.759504182967286283e+02
-1.726476206401076468e+02
-1.791048262897889458e+02
-1.695625246488818334e+02
-1.771087304037794468e+02
1.785185428291129313e+02
1.800000000000000000e+02
1.724761795613613629e+02
1.786140821491877944e+02
1.800000000000000000e+02
-1.794645410144354685e+02
-1.746990734834743080e+02
1.767689900996317931e+02
1.770535526199876699e+02
1.795523858291394674e+02
1.749305798673875074e+02
-1.732338251774469313e+02
1.653955525532098818e+02
-1.700636100565716617e+02
1.780079064270335607e+02
1.749575489308290912e+02
1.730080746533322156e+02
-1.750497277657082407e+02
1.800000000000000000e+02
1.800000000000000000e+02
-1.770133630095248520e+02
9.265068968342183098e+01
1.800000000000000000e+02
1.763086140135487199e+02
1.800000000000000000e+02
-1.780748162916768536e+02
1.794490960207814396e+02
1.791185960034178777e+02
1.716492474676686015e+02
1.786677801461303545e+02
-1.758850909017627373e+02
-1.780748162916768536e+02
-1.684489927374747253e+02
-1.728114628572633649e+02
1.794490960207814396e+02
1.800000000000000000e+02
1.764482666451795865e+02
-1.658542045058970018e+02
-1.745076754428725678e+02
-1.698379168059992423e+02
1.700594269668869742e+02
-1.782642954110716289e+02
-1.727367552594154461e+02
1.682543665747120656e+02
1.800000000000000000e+02
1.760884281874713508e+02
-1.766822188316651818e+02
-1.747581800530204532e+02
-1.769872124958166637e+02
-1.744850884087549616e+02
1.770492208909936664e+02
-9.110170611520638317e+01
-1.761859251657096479e+02
-1.751920460369695434e+02
-1.699920201985586914e+02
-1.751009075462122553e+02
1.669613434169770301e+02
-1.744400527366904612e+02
-1.775529513576763918e+02
1.796048629574925144e+02
-1.793969088056194607e+02
-1.789583733239900312e+02
1.783476953223486987e+02
1.776531257075127144e+02
1.781960048837994179e+02
1.800000000000000000e+02
-1.753417458903244039e+02
1.776694811320210476e+02
-1.773245733439708545e+02
-1.721309244482094982e+02
-1.776467031338916911e+02
-1.720672416858279234e+02
1.800000000000000000e+02
1.800000000000000000e+02
1.751147974318826925e+02
-1.757461635638808275e+02
1.781424096296797472e+02
-1.780419325707659652e+02
1.756723517968918031e+02
1.707066914006028924e+02
-1.752798630689564447e+02
-1.795755945806385228e+02
-1.795692127829913716e+02
-1.707273982227997067e+02
-1.756617332085718033e+02
1.791574757392596098e+02
1.800000000000000000e+02
1.800000000000000000e+02
-1.722079219217815762e+02
-1.760548137709624541e+02
1.741736579704442534e+02
1.755328409386107182e+02
1.680848529287349606e+02
1.794270613023165311e+02
1.723255204831060610e+02
-1.779974668681731202e+02
-1.705376777919743745e+02
1.800000000000000000e+02
-1.713843518158358847e+02
-1.749427514674408712e+02
1.776862775021757841e+02
1.787078331137500697e+02
1.800000000000000000e+02
-1.794743653935423993e+02
-1.670053832080834866e+02
1.608209919741892975e+02
-1.792097634975708047e+02
-1.763955794608243082e+02
-1.765761287550693339e+02
1.767689900996317931e+02
-1.795626361324792697e+02
-1.581985905136481847e+02
1.800000000000000000e+02
-1.733201139367774317e+02
1.800000000000000000e+02
1.800000000000000000e+02
1.789291755452130417e+02
1.786468080462203147e+02
1.761859251657096479e+02
-1.774551956201869132e+02
-1.788542371618248978e+02
-1.742894068625003570e+02
-1.795303729803103465e+02
-1.771658889836934918e+02
-1.790608090542644391e+02
-1.767161377120936550e+02
-1.755635255143426434e+02
-1.773245733439708545e+02
-1.747323028719557669e+02
1.795416435419995764e+02
1.800000000000000000e+02
-1.778900571518667562e+02
-1.696466799560705567e+02
-1.779098408462893133e+02
1.794437477729193233e+02
1.800000000000000000e+02
-1.659637565320735177e+02
-1.796569156004764807e+02
-1.762482709294740459e+02
-1.791930705448976369e+02
-1.782986453946738834e+02
1.800000000000000000e+02
1.764236656250026556e+02
-1.684533094540726950e+02
1.782100893917539395e+02
-9.479679896683556706e+01
-1.774169793313649279e+02
-1.670925913287341587e+02
1.795724274931666002e+02
1.710505419157911149e+02
-1.741554341226131442e+02
-1.731572265873690526e+02
1.773735943617092516e+02
1.767947840689865302e+02
-1.709605171966448722e+02
-1.776140559696112007e+02
1.800000000000000000e+02
-1.740754180180175297e+02
-1.725685920288274815e+02
-1.754860115419987210e+02
9.102303018866784612e+01
-1.748414482193939534e+02
-1.736598082540901089e+02
-1.787269699799433056e+02
1.795558555668880558e+02
1.743693172423647582e+02
1.762482709294740459e+02
-1.776140559696112007e+02
-1.783864610671188018e+02
-1.763915311474336534e+02
-1.686900675259797993e+02
-1.753800765183395924e+02
1.789769698113321681e+02
-8.547117576306746400e+01
1.784518423010220545e+02
1.715288553669851694e+02
1.730727818739908344e+02
-1.746990734834743080e+02
1.082458545275782456e+02
-1.753955128430184800e+02
1.800000000000000000e+02
