1.760042119097064415e+02
1.766785242366539705e+02
-1.773426093170945137e+02
1.711581854398083351e+02
1.797924075043536618e+02
1.726295319968212709e+02
1.763588147420986729e+02
-1.754260787400991433e+02
1.800000000000000000e+02
1.785534443134260982e+02
1.776140559696112007e+02
1.747435850585547712e+02
-1.757171215347538578e+02
-1.783832096893267760e+02
-1.794382946674334391e+02
1.774266405368231858e+02
1.800000000000000000e+02
1.781960048837994179e+02
1.758835375812753341e+02
1.782758984444312489e+02
-1.742290637784256546e+02
1.745507738710353465e+02
1.769225446005756339e+02
-1.764395194650831229e+02
1.779441112149953312e+02
-1.782747451245273567e+02
1.737365093856654426e+02
1.760145213869483314e+02
1.771886264054734852e+02
1.763358156792592979e+02
1.683582423970429431e+02
1.680957342845082678e+02
-9.485309638699236245e+01
-1.787939512207800590e+02
1.766941697684503083e+02
1.765906639795098556e+02
1.791615850255978728e+02
1.794694986833262078e+02
1.800000000000000000e+02
1.783711750594742682e+02
1.690037274191125789e+02
-1.772951240142643599e+02
1.722223621098706872e+02
1.753852334221115825e+02
-1.785082595646272807e+02
1.797383772543051919e+02
-1.771612121589946298e+02
1.794062826037874459e+02
-1.717759188681559408e+02
1.772606642780814354e+02
1.794594898128693501e+02
1.740938588862294978e+02
1.784234499448162694e+02
-1.794031905487708229e+02
-1.729024241564298450e+02
1.796952380895789361e+02
1.750862012376252608e+02
1.749328382741468033e+02
1.800000000000000000e+02
1.752363583092738111e+02
9.835219191391022520e-01
1.719034628321115576e+02
-1.774983771857182262e+02
-1.755801288611453117e+02
-1.757858214772659551e+02
1.751172404361669521e+02
1.791185960034178777e+02
-1.749960800477596763e+02
1.800000000000000000e+02
-1.774861897638222672e+02
1.720858354909523484e+02
1.756882380980175924e+02
1.761265102756554199e+02
1.766475927528969407e+02
1.789035639160069877e+02
-1.765614692116708113e+02
1.782100893917539395e+02
-1.723331957381858217e+02
1.747261040426482452e+02
-1.704988068484718440e+02
-1.737901738528137514e+02
-1.730060950458453988e+02
-1.759958270592906047e+02
9.000000000000000000e+01
-1.768040619864040934e+02
-1.731572265873690526e+02
-1.733367703778793611e+02
-1.774738830883804610e+02
-1.794670313773457622e+02
-1.707228606620653011e+02
-1.751009075462122553e+02
1.732387614899627977e+02
-1.781608591765916287e+02
-1.769434195518505533e+02
1.741890201417214143e+02
-1.786921043983362267e+02
1.758078063721247020e+02
-1.727079410354172921e+02
1.747556618892848519e+02
1.790289780689208499e+02
1.800000000000000000e+02
-1.764743848028255684e+02
1.762027521195615805e+02
-1.797371771667634732e+02
1.785236314901869150e+02
-1.778983456723287304e+02
-1.751240137875378196e+02
-1.786552756112976681e+02
1.780766108224803759e+02
1.651886636210752783e+02
-1.786425341554694057e+02
-1.719759353647178273e+02
1.790906195508008523e+02
1.739773131020985488e+02
1.788065105760179847e+02
-1.730189425931702090e+02
1.750200004036890391e+02
-1.095731258304102056e+02
1.792686042469024699e+02
-1.701141279974966949e+02
-1.794000661197460431e+02
-1.775736641683976416e+02
1.695279716561383623e+02
1.778490568724839989e+02
-1.751240137875378196e+02
1.655662698895545191e+02
1.701806993612420911e+02
1.800000000000000000e+02
1.791013163792620162e+02
1.769225446005756339e+02
-1.734733512383955656e+02
-1.784845920999778741e+02
-1.730470425318260936e+02
-1.778676315634459968e+02
1.786095987359559842e+02
1.760740922963160244e+02
-1.782901859558584761e+02
1.711646267865505138e+02
1.797061780653492917e+02
-1.779545915111127954e+02
1.738298249049703941e+02
-1.791319485502544637e+02
1.775104470780008512e+02
1.065845027561583613e+00
-1.523425769282192448e+02
1.729052508323889867e+02
1.740837305887367847e+02
-1.757858214772659551e+02
1.797453537677271527e+02
1.746990734834743080e+02
1.674411630590524283e+02
1.497435628364707156e+02
-1.761677302538051890e+02
-1.030171121890774941e+02
1.738533743403533265e+02
1.542215691378108033e+02
-1.792747757009407508e+02
1.797347436566240333e+02
-1.736929080652623441e+02
-1.719539089925476105e+02
1.627125789716494637e+02
1.776721849109588618e+02
1.788367937547588724e+02
1.800000000000000000e+02
1.794861502836458556e+02
-1.788821754176138938e+02
-1.790857832395510059e+02
-1.684907786617910119e+02
-1.774362297885350017e+02
-1.648828323454128508e+02
1.800000000000000000e+02
-1.783634229583832678e+02
-1.752609276814870043e+02
1.588951614150703620e+02
1.796952380895789361e+02
1.692656222065085387e+02
1.781692513519745091e+02
1.787811247648687072e+02
-1.776264041977633497e+02
-1.783555967353049141e+02
-1.692943150895276858e+02
1.754381920125429986e+02
-1.780908475670036353e+02
1.753567274168811423e+02
1.800000000000000000e+02
1.786615570789762728e+02
-1.782816419983445542e+02
1.675039889555625052e+02
1.699920201985586914e+02
1.776029714699403996e+02
-1.731117417230053377e+02
-1.764407331787167834e+02
1.759143832200251154e+02
-1.748055710922652111e+02
-1.774664411116054339e+02
1.773735943617092516e+02
1.766785242366539705e+02
-1.793414568224364132e+02
1.766596779203011636e+02
-1.722881075873411021e+02
1.739784098609566740e+02
-1.773842451245781433e+02
-1.790371363743637971e+02
-1.794153694792948386e+02
1.426769817345320064e+02
1.772736890060937469e+02
1.647224387679242739e+02
-1.712324187554470427e+02
1.358868607374716362e+02
1.777493591029624724e+02
-1.794594898128693501e+02
1.763477772196936826e+02
1.658329444773688124e+02
5.770936221574341829e+00
-1.711016869355374013e+02
1.800000000000000000e+02
1.734969440551182913e+02
1.792005758866824578e+02
-1.759143832200251154e+02
1.795341909172350086e+02
1.762810060268419647e+02
-1.772072976342867037e+02
-1.743693172423647582e+02
1.688019732030460034e+02
1.763588147420986729e+02
1.759324804334198689e+02
-1.748301721124421704e+02
1.789190758133393331e+02
1.758752333938576271e+02
-1.754998862915793438e+02
1.754622274920933762e+02
-1.783235289531932608e+02
-1.785159853243378905e+02
-1.720695337003684244e+02
-1.742646356666753604e+02
1.635932278530973747e+02
-1.785890591796172657e+02
-1.769872124958166637e+02
-1.793969088056194607e+02
-1.754031924702905485e+02
-1.771113784501570478e+02
-1.716193867770723216e+02
1.786552756112976681e+02
-1.757636052009411856e+02
-1.743176313821449526e+02
-1.624489271634555223e+02
1.736278886030675039e+02
1.800000000000000000e+02
-1.795039450396047584e+02
1.709212421340110382e+02
-1.690379127376747022e+02
-1.777493591029624724e+02
1.761265102756554199e+02
-1.571094483437516942e+02
1.794270613023165311e+02
1.770574795436313877e+02
-1.788821754176138938e+02
1.723422903062861451e+02
-1.797120839334428979e+02
1.767602997038978856e+02
1.761663234629119188e+02
1.800000000000000000e+02
-1.793937180844826571e+02
1.764407331787167834e+02
1.779228252348372052e+02
-1.700075854737837346e+02
-1.744910503017839574e+02
1.754367702457621476e+02
1.740850536335689753e+02
1.756012946450044865e+02
1.574856131719646726e+02
1.751095979419461628e+02
1.746358422376699480e+02
1.726039234402873603e+02
-1.791001402850956197e+02
-1.761677302538051890e+02
-1.795416435419995764e+02
1.712309377468524190e+02
-1.797135234897229452e+02
-1.754260787400991433e+02
1.741019366782968234e+02
1.780998890344231427e+02
1.800000000000000000e+02
-1.773438527960428814e+02
-1.788126926842711839e+02
-1.797592628472782224e+02
1.775736641683976416e+02
1.794670313773457622e+02
-1.793969088056194607e+02
1.772134664305067702e+02
1.797322646612977906e+02
1.800000000000000000e+02
-1.776359204140805161e+02
1.610954241573883507e+02
-1.758295634751578973e+02
-1.777760387596145506e+02
9.022646435234118201e+01
1.673196165081801894e+02
1.794241824067550510e+02
-1.776015786659074820e+02
-1.742609015019104106e+02
-1.739623174785771198e+02
1.769135107362189103e+02
-1.719509382983254966e+02
-1.687493185695048794e+02
-8.508648647302777812e-01
1.794694986833262078e+02
1.763861192479963620e+02
-1.768830114008798375e+02
1.796984460501317358e+02
-1.758724082974882776e+02
1.786196459265555632e+02
-1.794270613023165311e+02
-1.751172404361669521e+02
1.745309050298880891e+02
-1.736598082540901089e+02
-1.727367552594154461e+02
-1.761859251657096479e+02
-1.667920715372208917e+02
1.718370257162819996e+02
1.781720317556950022e+02
-1.784925642412250397e+02
1.789139541739936021e+02
1.800000000000000000e+02
