1.779545915111127954e+02
1.714163785198860523e+02
-1.722596588411620928e+02
1.738844964337145882e+02
8.695522155580601975e+01
-1.791185960034178777e+02
1.800000000000000000e+02
1.795103044068708016e+02
1.800000000000000000e+02
-1.632497354949742885e+02
1.739909940425054629e+02
1.800000000000000000e+02
1.705376777919743745e+02
-1.750302592718896904e+02
-1.786140821491877944e+02
1.780585136090856224e+02
-1.734180553448219939e+02
1.800000000000000000e+02
-1.796230595204028759e+02
1.788426669318704967e+02
1.800000000000000000e+02
1.730272307139735517e+02
1.772736890060937469e+02
-1.786140821491877944e+02
1.730189425931702090e+02
-1.760884281874713508e+02
-1.794270613023165311e+02
1.794153694792948386e+02
1.692711407019899639e+02
1.756676860168115013e+02
-1.781404006612544606e+02
1.788426669318704967e+02
-1.753417458903244039e+02
-1.783977386537290215e+02
-1.761214754971522893e+02
1.729834982552770839e+02
1.795936537666909771e+02
1.790759546472272916e+02
-1.794093427853533171e+02
1.158328765995141936e+02
1.784792303388562402e+02
1.800000000000000000e+02
-1.726214641573261872e+02
1.767427780593330624e+02
-1.718121979880955053e+02
-1.790684434019225364e+02
-1.772072976342867037e+02
-1.705376777919743745e+02
1.758487147335783334e+02
1.796609756755485421e+02
-1.794884441334129690e+02
1.800000000000000000e+02
1.790371363743637971e+02
1.800000000000000000e+02
-1.762570117043128732e+02
-1.770390638658362548e+02
1.711702553320909317e+02
-5.856013585428957668e+00
1.733455749539934061e+02
-1.789087837747374010e+02
-1.780748162916768536e+02
1.800000000000000000e+02
1.691917690596802117e+02
1.800000000000000000e+02
-1.759555144258189046e+02
1.786780243404630255e+02
1.760995062576181169e+02
-1.740194004752365515e+02
-1.726656211985833238e+02
1.800000000000000000e+02
9.000000000000000000e+01
1.800000000000000000e+02
-1.777245435617458043e+02
1.722881075873411021e+02
1.626176111187720892e+02
-8.530765609948133488e+00
1.770643265535788373e+02
-1.794974183332789721e+02
-1.667014296695057283e+02
1.753071374944101706e+02
-1.784518423010220545e+02
1.788065105760179847e+02
1.800000000000000000e+02
1.779174347202691422e+02
1.722129820453675393e+02
-1.780780440410685799e+02
1.795755945806385228e+02
-1.794490960207814396e+02
-1.644974612083684065e+02
1.733674853848615385e+02
-1.652564371635292844e+02
1.760548137709624541e+02
-1.704010969314581985e+02
-1.766335393365701805e+02
1.733792239176850103e+02
1.778630891462427428e+02
-1.700316438295261605e+02
-1.687811577187311798e+02
-1.771375947738882530e+02
1.800000000000000000e+02
-1.715387118574286376e+02
1.794645410144354685e+02
1.800000000000000000e+02
8.161675151907064674e+01
-1.792205136788815310e+02
1.800000000000000000e+02
1.529044475062482036e+02
-1.059453959009228612e+02
-1.788426669318704967e+02
7.567728002179644875e+01
-1.755587588105672125e+02
-1.788766972859245641e+02
-1.766890584853885571e+02
-1.699920201985586914e+02
-1.698244891569567869e+02
-1.731986851760184436e+02
-1.795103044068708016e+02
-1.656299984848207032e+02
-1.710546181664610685e+02
8.365886124032590132e+00
1.793969088056194607e+02
-1.774471018528282400e+02
1.587203955723045965e+02
-1.759780098229798853e+02
-1.578159866547300396e+02
-1.794093427853533171e+02
1.800000000000000000e+02
1.800000000000000000e+02
1.741140121669717473e+02
-1.770643265535788373e+02
1.743362937419794321e+02
1.599689873191022684e+02
-1.744006606634794423e+02
1.800000000000000000e+02
1.762887161919791197e+02
1.784656585002992415e+02
1.748055710922652111e+02
1.800000000000000000e+02
1.765167285310023431e+02
-1.718698976458440200e+02
1.664140087921110762e+02
1.726476206401076468e+02
1.755391517414834368e+02
1.696583547055211056e+02
1.800000000000000000e+02
-1.789488192504562676e+02
-1.795017883873863695e+02
-1.778789036033385571e+02
1.785185428291129313e+02
-1.785121324711722366e+02
1.772072976342867037e+02
1.800000000000000000e+02
-1.792793363774823376e+02
1.721847064532331331e+02
-1.783476953223486987e+02
-1.699024956159247211e+02
-9.099634789650492905e+01
1.800000000000000000e+02
1.800000000000000000e+02
-1.749117398024624208e+02
1.795416435419995764e+02
1.747718081147276621e+02
8.871747291728982532e+01
1.800000000000000000e+02
1.784925642412250397e+02
-1.725457011872515523e+02
-1.671118148742343124e+02
1.785913712646615465e+02
1.686900675259797993e+02
-1.794543424065842885e+02
1.167452259904462153e+02
1.796744593013407041e+02
1.639845603937343412e+02
1.721466866980217958e+02
-1.781221225527146430e+02
1.785767951533669020e+02
-1.782642954110716289e+02
1.704820508390512259e+02
-1.788065105760179847e+02
1.281572265873690526e+02
1.781066141542537196e+02
1.792205136788815310e+02
1.791384742654327624e+02
1.770750220508436428e+02
1.784518423010220545e+02
-1.717405620201211889e+02
1.778141991932244252e+02
-1.691144729453412765e+02
1.800000000000000000e+02
1.737843641002973527e+02
-1.789190758133393331e+02
1.601148348861445641e+02
6.394397765227590291e+00
1.800000000000000000e+02
-1.766002858408767509e+02
-1.780780440410685799e+02
-1.795878072585976781e+02
1.721762892681147434e+02
1.789583733239900312e+02
1.733255309528824455e+02
1.800000000000000000e+02
1.648355391002615704e+02
-1.717976457553744183e+02
1.771844433157887693e+02
1.776626941408761979e+02
-1.734032617021057945e+02
-8.503025927188970456e+01
1.767398393621251387e+02
-1.738677775023207062e+02
-1.710273733851036013e+02
1.687893668711233488e+02
-1.754978105079590307e+02
-1.764862497393950491e+02
1.784518423010220545e+02
-1.775736641683976416e+02
1.341930705448976369e+02
-1.703112134396332067e+02
1.684684317896291361e+00
-1.403321588816595522e+02
1.749868862449641824e+02
-1.658608916883495112e+02
1.729236218223632022e+02
1.800000000000000000e+02
1.758553762588957170e+02
1.694722138800364348e+02
-1.637798063043971979e+02
1.770792784789996119e+02
1.705376777919743745e+02
-1.788065105760179847e+02
-1.783153156821037157e+02
1.714247673601647932e+02
1.723039482779834373e+02
1.756317225654116214e+02
1.760019579007966115e+02
-8.812212255271464301e+01
1.721644748935114535e+02
-9.598059952476346268e+01
1.780908475670036353e+02
1.771135814561353925e+02
1.786251652194305848e+02
-1.771658889836934918e+02
1.800000000000000000e+02
1.716341138759674152e+02
1.669666436740861570e+02
-1.766050764578817507e+02
1.783864610671188018e+02
-1.768697551377809134e+02
1.722079219217815762e+02
-1.677748773242642528e+02
-1.620874906140367386e+02
-1.180243420778354846e+01
1.800000000000000000e+02
1.776626941408761979e+02
-1.793179396068273377e+02
-1.784088597288054245e+02
-1.764862497393950491e+02
-1.777320454640941705e+02
1.769872124958166637e+02
1.795592719272389957e+02
-1.773974377975002028e+02
-1.716743496695731608e+02
-1.742072035049678504e+02
-1.785436413656603065e+02
1.758553762588957170e+02
-1.695483670560113296e+02
-1.749868862449641824e+02
-1.791117645047602309e+02
-1.705376777919743745e+02
-1.771844433157887693e+02
-1.731182763693630591e+02
-1.766335393365701805e+02
-1.775318820861714642e+02
-1.756567600483106162e+02
1.778470372108995434e+02
-1.788693090487620339e+02
1.672212668115939778e+02
-1.764604408314500574e+02
1.791319485502544637e+02
1.714247673601647932e+02
-1.791756571791548538e+02
-1.682825652967966334e+02
1.747661383527835710e+02
-1.739382112112713799e+02
-1.743753719585540978e+02
-1.749203921399854380e+02
8.322434383060098639e+01
-1.686078641684472927e+02
9.156222491684239628e+01
1.735652608489632769e+02
-1.795379472785692485e+02
1.779726772994997930e+02
1.710643861574182552e+02
-1.719887683871439776e+02
1.373626830562257162e+01
1.216397815552355297e+02
-1.733201139367774317e+02
1.684653793463552915e+02
1.718019311539837020e+02
1.637798063043971979e+02
-1.783316625517066996e+02
1.721260618682743768e+02
1.800000000000000000e+02
1.783939970107177544e+02
1.762173545534037089e+02
1.724053566314085799e+02
-1.737227015104024304e+02
1.800000000000000000e+02
-1.000079798014413512e+02
1.763217612780066190e+02
1.726476206401076468e+02
1.751354855622394950e+02
1.793219750892486957e+02
1.782100893917539395e+02
-1.794153694792948386e+02
-1.767754773934801165e+02
1.669306821037178281e+02
1.778983456723287304e+02
1.578905516562483342e+02
-1.607099537808112473e+02
1.760740922963160244e+02
1.684653793463552915e+02
1.651735200296443224e+02
-1.709334972601838274e+02
1.576431086707057148e+02
