1.743954609376099540e+02
1.800000000000000000e+02
-1.777207739785733054e+02
1.715410875998294387e+02
-1.793904934233248127e+02
1.764576388078062905e+02
-6.886427331431987930e+00
1.725562835908829697e+02
-1.785311992856141785e+02
-1.794355278246930538e+02
-1.797284580543154675e+02
1.785365575367453914e+02
-1.747528610983835620e+02
-1.797076771307714580e+02
1.800000000000000000e+02
-1.777195146753181234e+02
1.773574547059352824e+02
1.782007242758659515e+02
1.764236656250026556e+02
-1.733407927338631964e+02
1.703462139114634510e+02
1.754998862915793438e+02
-1.759143832200251154e+02
1.800000000000000000e+02
-1.788542371618248978e+02
-1.779545915111127954e+02
1.736598082540901089e+02
1.780631996137789486e+02
-7.486863008834868083e+01
-1.797031333326753213e+02
-1.788484811060362460e+02
1.694152918250390485e+02
-1.764236656250026556e+02
1.763861192479963620e+02
1.757636052009411856e+02
-1.779361802715430372e+02
-1.782193575540013057e+02
1.782376089763394873e+02
-1.790451587461278109e+02
1.697559125535413500e+02
-1.740059070508915227e+02
-1.791615850255978728e+02
1.797430699754964962e+02
-1.784088597288054245e+02
-1.727630779740320008e+02
-1.601447856306789674e+02
-9.856088957116460847e+01
1.715410875998294387e+02
1.797258596062667664e+02
-1.686317808934790605e+02
-1.617573181718765625e+02
1.765557974853467158e+02
1.782901859558584761e+02
-1.766028670806602463e+02
-1.749662130437999679e+02
-1.754580043197332770e+02
-1.566911547548732244e+02
1.726865113719683507e+02
1.715072709718815247e+02
-1.754860115419987210e+02
1.664389475992827840e+02
-1.783864610671188018e+02
1.468677318975660739e+02
-1.780250659891180192e+02
1.675645584974723477e+02
1.527764056453584089e+02
-8.791743472026912798e+01
-1.755813795330108462e+02
-1.791406277563553431e+02
-1.791001402850956197e+02
1.721959014080561019e+02
1.767138980209247165e+02
1.797347436566240333e+02
-9.353955916854995678e+01
1.718698976458440200e+02
-9.690222118079122993e+01
1.742894068625003570e+02
-1.788426669318704967e+02
-1.602118592232982905e+02
-1.789723832135583450e+02
-1.786095987359559842e+02
1.724409330189587877e+02
-1.745596679689944892e+02
1.762245341757102040e+02
1.748871502201175190e+02
1.651886636210752783e+02
1.750302592718896904e+02
1.782642954110716289e+02
-1.797297388935058677e+02
1.762847108945712193e+02
-1.760652179436305573e+02
1.728464356816056124e+02
-9.323591778138013098e+00
-1.767379665226032444e+02
-1.742894068625003570e+02
1.658901116118164509e+02
-1.724605548604907028e+02
1.709000496402162526e+02
1.779649655431400959e+02
-9.114006403378638765e+01
1.737394225328824575e+02
-1.770574795436313877e+02
1.744006606634794423e+02
1.753331416285610089e+02
1.748055710922652111e+02
1.720792600983589296e+02
1.741792757544749577e+02
1.685728984060548612e+02
1.619657144328701577e+02
1.784845920999778741e+02
1.733547217897256019e+02
1.730656510987304557e+02
1.748315320236617083e+02
-1.742072035049678504e+02
1.763861192479963620e+02
-1.638627234382821598e+02
-1.742348654420276262e+02
-1.706616050237640252e+02
1.794815003127093291e+02
1.800000000000000000e+02
-1.765557974853467158e+02
1.761120904391669342e+02
1.772880165325550479e+02
-1.771014232007183011e+02
-9.489177218047726114e+01
-1.652426806741145811e+02
1.748572354421157797e+02
1.794974183332789721e+02
1.786425341554694057e+02
1.564346041294180338e+02
-1.770492208909936664e+02
-1.747261040426482452e+02
-1.724649362766718923e+02
-1.735984637598502900e+02
-1.630609143689505345e+02
1.792222770057364016e+02
-1.751864491062934803e+02
1.661671726461022729e+02
-1.693803447238448712e+02
-1.560083082860988384e+02
1.764236656250026556e+02
-1.666075022462489130e+02
1.732220512658009568e+02
1.787706655135221183e+02
1.759350526922573010e+02
1.738021223665691650e+02
-1.581457833585424737e+02
1.787269699799433056e+02
-1.794000661197460431e+02
-1.654561660065442936e+02
1.750404760655604832e+02
1.783316625517066996e+02
1.714420348765417828e+02
1.789677553084342776e+02
1.794620272698877557e+02
1.790906195508008523e+02
-1.742894068625003570e+02
1.725562835908829697e+02
1.745076754428725678e+02
1.721260618682743768e+02
1.771633398988745398e+02
1.716269733252176195e+02
1.766169942086694107e+02
1.763358156792592979e+02
-1.712538377374447975e+02
-1.720424747730828585e+02
-1.764064338121347930e+02
1.737580856525849526e+02
1.733865395176852644e+02
1.709703626780349168e+02
1.759143832200251154e+02
1.684533094540726950e+02
1.782465951399284450e+02
1.800000000000000000e+02
1.749820203613654428e+02
1.767379665226032444e+02
1.792042764472607246e+02
1.787875719100550782e+02
-1.787039365019828949e+02
2.496278983080701508e+01
1.788821754176138938e+02
-9.449045192111633185e+01
1.721959014080561019e+02
1.621124464279557458e+02
1.764064338121347930e+02
1.720695337003684244e+02
1.768636416316674058e+02
1.785386899091187729e+02
1.772865905549666934e+02
1.800000000000000000e+02
-1.750189180646916043e+02
1.745596679689944892e+02
-1.775633517531898633e+02
-1.779268498511536052e+02
-1.716600239342764951e+02
1.800000000000000000e+02
1.780182377470441395e+02
-1.794000661197460431e+02
-1.777207739785733054e+02
1.775633517531898633e+02
1.784234499448162694e+02
-1.776140559696112007e+02
-9.182796824430501204e+01
5.856013585428957668e+00
8.733011023799237194e+01
1.706723854893323846e+02
-1.732243438306010148e+02
1.691769887737929139e+02
-1.786028189727036306e+02
1.788367937547588724e+02
1.785959727808957211e+02
-1.748315320236617083e+02
1.711456918116781765e+02
-1.760858627813875614e+02
1.730405779285010226e+02
-5.397748776480397304e+00
9.881073298598491306e+01
8.654915680624883123e+01
1.772736890060937469e+02
1.753275572446105457e+02
-1.797191405853166088e+02
-1.781858080909700561e+02
1.784859266393648909e+02
-1.773493103165781974e+02
-1.711193408494797836e+02
1.663648872909826935e+02
1.791815445383113854e+02
1.800000000000000000e+02
1.737901738528137514e+02
8.794411121499533124e+01
1.738298249049703941e+02
1.505128743270585403e+02
1.690302420331994426e+02
-1.769727548177200163e+02
1.602673105003389935e+02
1.723180953837485561e+02
1.742894068625003570e+02
-1.766169942086694107e+02
-1.786295489822003901e+02
1.735359256806231656e+02
-1.762623704565899061e+02
-1.767754773934801165e+02
1.780725041133281081e+02
1.785082595646272807e+02
-9.089985971490440875e+01
-1.775459683254729271e+02
1.762915718428695584e+02
-1.710273733851036013e+02
1.728749836510982050e+02
-1.337174729172898253e+02
1.782007242758659515e+02
1.791001402850956197e+02
1.535603223197851435e+02
-1.556032410734173368e+02
-1.667894700216254762e+02
1.800000000000000000e+02
1.786295489822003901e+02
1.788599359662136123e+02
-1.788065105760179847e+02
-1.398511160953015633e+02
1.685223730403922389e+02
1.748289475819975110e+02
1.736598082540901089e+02
1.796952380895789361e+02
1.661849746587383834e+02
-1.782376089763394873e+02
1.750728900523509992e+02
1.792527061231739651e+02
1.763086140135487199e+02
-1.792115757375598832e+02
1.721847064532331331e+02
1.722966017233996183e+02
1.763537287912431566e+02
1.741226073933568728e+02
-1.694873728300786411e+02
-1.780725041133281081e+02
1.800000000000000000e+02
1.748826851500273563e+02
1.775459683254729271e+02
-1.692157021324374284e+02
-1.683284217817636375e+02
-1.731046905856673845e+02
1.787875719100550782e+02
1.749960800477596763e+02
1.718698976458440200e+02
1.736914109974451321e+02
-1.791001402850956197e+02
1.776507213525198665e+02
1.783788540863465926e+02
1.742622653299436024e+02
1.716674399036258194e+02
1.786980473274211363e+02
1.800000000000000000e+02
1.747407324407507758e+02
1.800000000000000000e+02
-1.786489349172803429e+02
1.734969440551182913e+02
1.693338132401551661e+02
-1.762039483735181591e+02
-1.714270016363886100e+02
1.746990734834743080e+02
1.795060831013812503e+02
-1.726476206401076468e+02
1.727249950421107485e+02
1.538203406306550960e+02
-1.737256654429181992e+02
1.757636052009411856e+02
-9.181112079219073507e+01
-1.745596679689944892e+02
-1.786028189727036306e+02
1.785159853243378905e+02
-1.091044850509096449e+02
-1.797540968767293066e+02
1.769471174852075706e+02
1.711381355936024420e+02
1.776670176980301505e+02
-1.729881417255249119e+02
-1.794000661197460431e+02
1.766002858408767509e+02
1.767789597844995058e+02
1.746441749571448270e+02
1.770980895311163579e+02
-1.751864491062934803e+02
-1.792559407971112933e+02
