-1.797031333326753213e+02
1.753013194827005634e+02
-1.767366686817646269e+02
-1.794212744343922452e+02
1.785461045348911284e+02
-1.772880165325550479e+02
-1.785959727808957211e+02
-1.708282709698340511e+02
-1.789291755452130417e+02
-1.765142088168778685e+02
1.768519039004372644e+02
1.694432552442817723e+02
1.797487043327910499e+02
1.797046635460529558e+02
1.764236656250026556e+02
1.791574757392596098e+02
-1.775690916629595790e+02
1.735956472736158673e+02
-1.785750257274845865e+02
-1.785082595646272807e+02
1.669856464608403712e+02
1.499862666535449307e+02
-1.797383772543051919e+02
-1.758553762588957170e+02
-1.785959727808957211e+02
-1.765873206484131401e+02
-1.765015554349778313e+02
-1.744570079124959250e+02
1.791892647807376306e+02
1.769713014216594331e+02
1.774208524997165739e+02
1.710951790096779348e+02
-1.776359204140805161e+02
1.763358156792592979e+02
1.767559369703714651e+02
-1.775690916629595790e+02
1.745018372750190281e+02
-1.731182763693630591e+02
1.750062560141766141e+02
1.736263606341225056e+02
-1.725242626144517715e+02
-1.785386899091187729e+02
-1.770029574197163242e+02
1.767138980209247165e+02
-1.699920201985586914e+02
1.757041594887284930e+02
-1.733618187070525778e+02
-1.668462918055231228e+02
-1.761663234629119188e+02
1.800000000000000000e+02
1.762053277316842355e+02
1.688660007893530235e+02
-1.767547450961098434e+02
-1.692034568281756606e+02
1.778789036033385571e+02
-1.787811247648687072e+02
-1.776029714699403996e+02
-1.746441749571448270e+02
1.800000000000000000e+02
-1.746106882400266045e+02
1.800000000000000000e+02
1.736356226162217808e+02
1.748055710922652111e+02
-1.750415490805146419e+02
1.794000661197460431e+02
-1.725429448597647024e+02
-1.792187423383913654e+02
1.800000000000000000e+02
-1.745962086397503015e+02
-1.790036521034950567e+02
1.765074068391439539e+02
-1.689234502658317183e+02
1.756982417259409317e+02
1.792527061231739651e+02
-1.646167030331186822e+02
-1.474606255364413983e+02
-1.721895855964993132e+02
1.748055710922652111e+02
-1.763422333610256203e+02
1.775690916629595790e+02
1.741226073933568728e+02
1.701469197958251982e+02
-1.788821754176138938e+02
-1.726942404666891662e+02
-1.777591345007864732e+02
1.671826317672048390e+02
-1.762053277316842355e+02
-1.797091609776494749e+02
1.637180139661784324e+02
-1.683284217817636375e+02
-1.522289000437020547e+02
-1.691044963165873014e+02
-1.689062769884421584e+02
1.789630855354699008e+02
-1.772865905549666934e+02
1.800000000000000000e+02
-1.774091980148049004e+02
1.791449026037332999e+02
-1.748055710922652111e+02
-1.764785466230777899e+02
-1.735673460758617068e+02
1.675566657921067701e+02
1.680971878649304472e+02
1.689895200929964290e+02
-1.789390883097357801e+02
-1.690923382045019139e+02
1.775804907833436630e+02
-1.770185387800177921e+02
1.744570079124959250e+02
1.677472404844525897e+02
1.779954659678941198e+02
1.800000000000000000e+02
-1.794594898128693501e+02
-1.713763080450740404e+02
1.718315213759545088e+02
-1.770980895311163579e+02
1.780443186024771194e+02
1.741030364897891900e+02
1.786425341554694057e+02
1.789390883097357801e+02
-1.772865905549666934e+02
1.797258596062667664e+02
-1.759350526922573010e+02
1.743824194098731937e+02
-1.791406277563553431e+02
-1.760716927746023259e+02
1.800000000000000000e+02
-1.715410875998294387e+02
1.776991749851906945e+02
1.773162248405310208e+02
1.791892647807376306e+02
-1.778630891462427428e+02
-1.754790421004185816e+02
-1.712950428936010780e+02
-1.685866456536228100e+02
-1.687410877970119145e+02
1.689803172189654674e+02
-1.797106298365594057e+02
1.537960518958288390e+02
-1.639710216937232872e+02
1.726656211985833238e+02
1.769285378829296178e+02
-1.746966024531781159e+02
1.730250704840038622e+02
-1.730887728809753412e+02
1.782100893917539395e+02
-1.787039365019828949e+02
1.791319485502544637e+02
1.778676315634459968e+02
1.800000000000000000e+02
-1.777867718236041981e+02
-1.771375947738882530e+02
-1.740938588862294978e+02
-1.677995312726192196e+02
-1.753050857207489628e+02
1.731572265873690526e+02
-1.758835375812753341e+02
-1.691249417520058671e+02
-1.760275040592493383e+02
-1.782285302599659360e+02
1.739623174785771198e+02
-1.741510783540710463e+02
1.701469197958251982e+02
-1.766002858408767509e+02
1.723039482779834373e+02
-1.730250704840038622e+02
-1.750639758899160086e+02
1.764421481338819149e+02
-1.745018372750190281e+02
1.707701137562722806e+02
-1.722348339815746670e+02
1.788766972859245641e+02
-1.706852202457102408e+02
-1.782465951399284450e+02
1.767026536329789508e+02
1.768201698801357509e+02
1.791319485502544637e+02
1.784088597288054245e+02
1.722223621098706872e+02
1.776573879935017430e+02
-1.778875887297708971e+02
1.800000000000000000e+02
-1.792115757375598832e+02
1.791736758602707482e+02
1.749203921399854380e+02
-1.703112134396332067e+02
-1.687992022121155742e+02
-1.726139568487327551e+02
-1.778183585964485189e+02
1.791352237177090387e+02
-1.714270016363886100e+02
1.679997903281147273e+02
1.800000000000000000e+02
1.741575107338083797e+02
-1.773021943666836933e+02
1.800000000000000000e+02
1.790796650331509454e+02
-1.788065105760179847e+02
1.722348339815746670e+02
1.800000000000000000e+02
-1.673004155104026438e+02
-1.739909940425054629e+02
1.787981669355478971e+02
1.732040559839810498e+02
1.743732542848592573e+02
1.739041384554041940e+02
-1.717927835880818463e+02
1.716070748126075216e+02
-1.723275884002204634e+02
1.733979197703520185e+02
-1.729396880612123653e+02
-1.764576388078062905e+02
-1.749150393952781712e+02
-1.718272351224455008e+02
1.727079410354172921e+02
-1.725457011872515523e+02
-1.764964683552155691e+02
1.800000000000000000e+02
1.778676315634459968e+02
-1.784982074776406762e+02
-1.708749913520640291e+02
-1.748055710922652111e+02
-1.784792303388562402e+02
9.238594403038882774e+01
1.756893741751794948e+02
1.766169942086694107e+02
-1.792187423383913654e+02
-1.745309050298880891e+02
-1.713136454187633433e+02
-1.786739456232951113e+02
-1.767754773934801165e+02
-1.702894307339865350e+02
1.793969088056194607e+02
-1.736900434911321156e+02
-1.674147710589498672e+02
-1.797232109478222526e+02
-1.728433634669391097e+02
-1.784925642412250397e+02
-1.743103406502108612e+02
1.789993021221411595e+02
1.746854543300552507e+02
-1.778690471128950890e+02
-8.720110148642366710e+01
1.789536180929018485e+02
-1.791230922585693577e+02
-1.747187593715548815e+02
-1.733547217897256019e+02
-1.761465195463979398e+02
-1.766822188316651818e+02
-1.776862775021757841e+02
-1.730250704840038622e+02
1.765834118082286750e+02
1.775690916629595790e+02
1.730887728809753412e+02
1.777760387596145506e+02
1.763422333610256203e+02
1.800000000000000000e+02
-1.790857832395510059e+02
-8.375808565258495264e+01
-3.628532155436421824e+00
-1.774983771857182262e+02
1.777207739785733054e+02
1.800000000000000000e+02
1.728433634669391097e+02
-1.720858354909523484e+02
1.792115757375598832e+02
-1.729421533501189288e+02
-1.748055710922652111e+02
-1.636441828989827627e+02
-1.754031924702905485e+02
-1.723867782340333861e+02
-1.696703179109805717e+02
-1.734801982483430152e+02
1.778900571518667562e+02
8.571846376492939612e+01
-1.784875915125868460e+02
1.774362297885350017e+02
1.782730122495123624e+02
-1.639770201525715265e+02
1.779954659678941198e+02
-1.700958167870261093e+02
-1.781912606775079553e+02
-1.792361015390700345e+02
-1.771633398988745398e+02
1.735673460758617068e+02
-1.750639758899160086e+02
-1.732387614899627977e+02
1.762623704565899061e+02
1.560375110254218214e+02
1.797232109478222526e+02
1.748718089581471702e+02
-1.756599792740355781e+02
1.711016869355374013e+02
-1.722223621098706872e+02
1.743775993729102822e+02
1.685180086452519106e+02
-1.768983359701315408e+02
9.222396124038549203e+01
-1.771232349296994357e+02
-1.746717652180201696e+02
-1.779854012121294318e+02
-1.768575042229272469e+02
-1.791615850255978728e+02
-1.784377750831576179e+02
1.797000248376961054e+02
-1.674711922908484780e+02
-1.739530832984704318e+02
-1.689881698283556375e+02
-1.783316625517066996e+02
-1.766822188316651818e+02
1.783555967353049141e+02
1.777093899573614806e+02
1.719829069263446684e+02
1.721644748935114535e+02
1.758935028348295759e+02
1.800000000000000000e+02
1.791140534061457572e+02
-1.786739456232951113e+02
-1.795103044068708016e+02
-1.794123715837600344e+02
-1.717028550301631356e+02
1.800000000000000000e+02
1.727419698923487772e+02
-1.772185863307248326e+02
