1.785093032531365509e+02
-1.771401707816576447e+02
1.770027738610378378e+02
-1.682146141721657386e+02
-1.771889874943391021e+02
-1.788929102950013146e+02
1.726299569622965464e+02
1.729746237898460777e+02
1.800000000000000000e+02
1.800000000000000000e+02
-1.722437432415366345e+02
1.795031892016897928e+02
-1.797310225045838479e+02
-1.629006412285839929e+02
-1.794676782883535395e+02
1.766863706787771093e+02
-1.700055823943273197e+02
-1.788368629261684077e+02
-1.792006194519155144e+02
9.107590980085922183e+01
-1.641225386889145739e+02
-9.700832119400529052e+01
1.694786416659516419e+02
1.800000000000000000e+02
-1.784846860116485914e+02
-1.588418796890350109e+02
1.789814626146392982e+02
1.787212218147976444e+02
-1.770518972914938729e+02
1.748249685917653835e+02
-1.767296941754255499e+02
-1.763480042462611266e+02
-1.628097894156653922e+02
-1.737260473095157636e+02
9.481030844058570040e+01
-1.738917651924214454e+02
-1.741061555101613578e+02
-1.708430889516686761e+02
1.655245260358670123e+02
-1.749787701436017642e+02
-1.686404454717436465e+02
-1.774487570997200692e+02
-1.783633447170633985e+02
-1.794719147342852352e+02
1.721805051701309992e+02
-1.724820152197649463e+02
1.716337077629407588e+02
-1.704909926865240095e+02
8.825538644238753250e+01
-1.739874989242932770e+02
-1.621092290733815275e+02
-1.791047716582789064e+02
-1.783009627110797908e+02
8.923606175533483054e+01
1.790079141150373232e+02
1.782179466542370108e+02
1.792526680501170517e+02
-1.769748440813883406e+02
-1.717983531823611258e+02
-1.774235789284673501e+02
1.797120669778735760e+02
-1.731012616763070753e+02
1.766501146613333333e+02
-1.687922770634667415e+02
1.772735202085934247e+02
-1.760668993619888170e+02
1.775369675074818758e+02
1.757072940909145586e+02
-1.765283920779202447e+02
1.758946720857169339e+02
-1.756412559739859773e+02
-1.785047648833136691e+02
-1.772707889445465526e+02
-1.784233652344313725e+02
-1.639738392842477879e+02
1.771969132151675979e+02
1.718047183866339083e+02
1.776139105025772551e+02
-1.797303622544031043e+02
-1.731605361278336943e+02
1.754548866153638755e+02
-1.478514871286988068e+02
1.794854468964493037e+02
-1.758241490985423070e+02
1.800000000000000000e+02
-1.734637618390016769e+02
-1.698489700983013222e+02
1.792292917507864161e+02
1.752394453802174326e+02
1.782716851020562103e+02
-1.791275947650097748e+02
1.767137141608150159e+02
-1.794974441623322150e+02
-1.782985467452365924e+02
-1.792955453587184991e+02
7.714537826415919142e+01
-1.682040669671389992e+02
-1.787212218147976444e+02
1.790978204552768602e+02
1.764775549359675608e+02
-1.663601633216637481e+02
-1.726976280682664537e+02
-1.792326515452248543e+02
-1.749366613178547993e+02
1.744310466254547407e+02
-1.742863851191410447e+02
1.733986516433330394e+02
1.780816121901134750e+02
1.750688191985993001e+02
-1.783710846397181342e+02
-1.785375196787639993e+02
-1.605588382252488771e+02
-1.705411901290730441e+02
1.390592750357915293e+02
-1.697452442509811306e+02
-1.685860341658909078e+02
1.791048809146321332e+02
1.774522173548939179e+02
1.783940849053999500e+02
1.768359304333393425e+02
-1.723497897863032051e+02
1.780401599992896990e+02
-1.701528699577802115e+02
1.794158144796865315e+02
-1.784087734436193955e+02
-8.510990290405722192e+01
-1.578165383120974070e+02
8.115773218200352801e+01
-1.766213140425368806e+02
1.718282819832306529e+02
-1.597854098040707242e+02
1.800000000000000000e+02
-1.784162739122598964e+02
-1.569638318794926874e+02
-1.620060648311438456e+02
-1.662964482902035854e+02
-1.691242963921210105e+02
-1.730502698496026994e+02
-1.784881421868968800e+02
-1.718368806237496642e+02
1.692802154387084670e+02
-1.757141850818686635e+02
1.727762879462231069e+02
1.685501108099736314e+02
1.682465926994046299e+02
-1.702298935789348207e+02
1.791532771037766452e+02
-1.707339543531529102e+02
-1.630754556491527012e+02
1.697682076215654661e+02
-1.650561290141622806e+02
-1.691392107325501684e+02
-1.609858794108162101e+02
-1.632744253676144979e+02
1.800000000000000000e+02
1.628602683658312174e+02
-1.790121996917693252e+02
-1.766688765417499383e+02
1.439204911357426342e+00
-8.422293590019562259e+01
1.782701843612755965e+02
1.694023142127703068e+02
-8.454766669155496572e+01
1.785248240378546427e+02
-1.747174860281347719e+02
1.772952486175446722e+02
-1.795095311553664033e+02
1.735045717572408819e+02
-1.690955500778966041e+02
-1.779300665173400375e+02
1.763857889083029704e+02
-1.770490429507324279e+02
-1.601747229239245769e+02
-1.631010790415588190e+02
1.688412719075347184e+02
1.789583178488849740e+02
1.711697609208885353e+02
-1.727972880200566408e+02
-1.767231380264403526e+02
-1.761860999195351667e+02
1.713340242881714062e+02
-1.766949169921246323e+02
-1.589854535532741409e+02
-1.694005825129070502e+02
1.792955453587184991e+02
-1.770162743744293721e+02
-1.784517606136333256e+02
1.791854681825085152e+02
-1.749991124566528242e+02
1.768359304333393425e+02
-1.052781935084024383e+02
-1.677570073079040753e+02
-1.764491660946349896e+02
1.747264191775502695e+02
1.750543107116063197e+02
-1.687946562171542553e+02
-1.649666700769049328e+02
-1.736925221701730209e+02
1.731956484148913660e+02
1.660859216910228326e+02
-1.534319312173747676e+02
-1.676115695707294719e+02
-1.660288132086283497e+02
-1.763232255468779499e+02
-1.719110943942583845e+02
1.800000000000000000e+02
-1.768494526055122265e+02
1.794891609618018435e+02
-1.643426566582820953e+02
-1.672572454430008406e+02
1.800000000000000000e+02
-9.806247631076769267e+01
-1.658965018486894678e+02
9.630895753012312355e+01
-1.797000432411203406e+02
-1.637878653370990207e+02
1.738602583077050951e+02
1.785039659263204328e+02
-1.790684877687328651e+02
1.794884173709561423e+02
-1.792526680501170517e+02
-1.766693977191442002e+02
1.741571944700264112e+02
1.766167993574487696e+02
-1.660229899013079944e+02
-1.740225630929382987e+02
1.658346760734123961e+02
1.788449450669019996e+02
-1.719947888766513699e+02
1.158878363532264331e+02
-1.742638095111712460e+02
-1.741860796611794058e+02
1.790206313083032228e+02
1.800000000000000000e+02
1.791615371020151315e+02
1.766638382185609260e+02
-1.756629595973254254e+02
1.765165514825235960e+02
1.791439841786872762e+02
1.797395525591120418e+02
1.731542848121381439e+02
-1.797316352290499424e+02
1.778039124437620728e+02
-1.794952304885438252e+02
1.767208140322521785e+02
1.737578021630173737e+02
-1.703435778593515408e+02
1.763722206545100732e+02
-1.770974785499808206e+02
-1.730921148883456340e+02
1.769870800048111334e+02
1.762388973436441688e+02
-1.726813697770031126e+02
1.686928745556395199e+02
-1.688694391151483671e+02
1.760459651386544522e+02
1.800000000000000000e+02
-1.727277442565018077e+02
-1.774805398572525803e+02
1.794645116925279069e+02
-1.704364671613590190e+02
-1.768921335396971415e+02
1.407770670170317544e+02
-1.712572014109462373e+02
1.726900437766006178e+02
-1.745916333013594510e+02
1.774915759753143618e+02
1.739944892056039123e+02
-1.760351159934467375e+02
1.759745362782089160e+02
1.795017630029494455e+02
-1.760550124103597796e+02
1.742665399114886498e+02
-1.586768188746000874e+02
1.800000000000000000e+02
1.749023212775517777e+02
-1.708893254487024080e+02
-1.733640345799229863e+02
1.800000000000000000e+02
-1.735074795698525350e+02
1.664494995761008909e+02
1.771266912906590107e+02
-1.733133584306581554e+02
-1.789050855526371606e+02
-1.770950032998341612e+02
1.733290541937112721e+02
-1.703191909873559666e+02
1.742287064601054283e+02
-1.766815116609503207e+02
1.787707273208980610e+02
1.746993918476658223e+02
1.792326515452248543e+02
1.753716053033673177e+02
1.788427354066482167e+02
-1.757187310620449807e+02
1.759334561306532123e+02
-1.731706887215381130e+02
1.786095196665638412e+02
-1.791524583403697193e+02
1.729452190878048441e+02
9.000000000000000000e+01
1.672216223948453830e+02
1.800000000000000000e+02
1.747130008811664084e+02
1.800000000000000000e+02
1.795452599924310846e+02
1.701373415076067488e+02
-1.697721285500670092e+02
1.725682176039821911e+02
1.792683478760183959e+02
-1.710055858248384197e+02
1.750712956949719796e+02
-1.681528915817081611e+02
1.751500481050412077e+02
-1.749134678446640123e+02
-1.524014510969412299e+02
1.778523098022122610e+02
-1.779666549380959282e+02
1.750299793166491327e+02
1.794815278037244752e+02
-1.688082538499440375e+02
1.794620568644916148e+02
-9.413805639270416137e+00
-1.792591101710634973e+02
