-1.686108203019454947e+02
-1.617424369246102742e+02
-1.770390638658362548e+02
1.796102388046819556e+02
1.793839400916007776e+02
-1.696610894570589494e+02
-1.720303896056786357e+02
1.769552215558060198e+02
1.800000000000000000e+02
1.782465951399284450e+02
-9.044072807276101855e+01
-1.750882118274940069e+02
1.786980473274211363e+02
-1.119031780818391724e+02
1.784198275271999989e+02
1.697488012491825771e+02
1.721042349057062211e+02
-1.003533200439294433e+02
1.800000000000000000e+02
1.690074924197322730e+02
1.800000000000000000e+02
-1.771375947738882530e+02
1.788655783690230123e+02
1.746322631528438762e+02
-1.673863725459812599e+02
-1.714087745677723547e+02
1.794791436254980397e+02
-1.720644496299111950e+02
1.800000000000000000e+02
1.684300279520980155e+02
1.458987258057528607e+02
-1.724316029784105524e+02
1.800000000000000000e+02
-1.777320454640941705e+02
-1.738972203463442270e+02
1.800000000000000000e+02
1.800000000000000000e+02
-1.774121214925946788e+02
1.800000000000000000e+02
-1.744006606634794423e+02
1.751261035777952486e+02
-1.790289780689208499e+02
-1.781373790506933403e+02
-9.241102974661123426e+01
-1.712538377374447975e+02
-1.744173942434689195e+02
1.660831225666987336e+02
1.711353766115892086e+02
1.770750220508436428e+02
-1.724673985990526432e+02
1.632442510708010275e+02
1.783750236424752416e+02
1.800000000000000000e+02
-1.776721849109588618e+02
1.766335393365701805e+02
1.800000000000000000e+02
1.754950931363929953e+02
-1.755221204261503658e+02
1.740938588862294978e+02
1.782773379283771931e+02
1.719267951241747880e+02
1.702175929681927187e+02
1.800000000000000000e+02
-9.787393813172562318e+01
1.767060350121548993e+02
-1.769872124958166637e+02
-1.792654789657451886e+02
-9.790716270295845902e+01
1.792747757009407508e+02
1.692420329116100106e+02
-1.703624618870690597e+02
-1.716492474676686015e+02
1.800000000000000000e+02
1.800000000000000000e+02
1.593159197320532030e+02
-1.785185428291129313e+02
1.637571208973024284e+02
-8.669813432556500743e+01
1.800000000000000000e+02
8.898602127721470367e+01
1.784792303388562402e+02
1.745596679689944892e+02
1.773245733439708545e+02
1.641161462660789425e+02
1.763670492605118056e+02
1.800000000000000000e+02
-1.789769698113321681e+02
-1.710475266658458509e+02
-9.116124190831399687e+01
1.629622322043743736e+02
1.722781741998690279e+02
1.628670038496568679e+02
1.734180553448219939e+02
1.774922982729337662e+02
1.800000000000000000e+02
1.800000000000000000e+02
1.751559996249193318e+02
1.754425809802860101e+02
1.422840236544168704e+02
-1.546325955375304204e+02
8.931793960682735189e+01
-1.771087304037794468e+02
1.623091103799666826e+02
1.770492208909936664e+02
-1.766661493384634127e+02
1.658576533579673082e+02
1.683106308245608318e+02
-1.796350636642693814e+02
1.607693276243387288e+02
1.659637565320735177e+02
-1.712147012821154135e+02
1.751147974318826925e+02
1.727058036914591526e+02
1.752884690538984671e+02
-1.768697551377809134e+02
1.782708412558407076e+02
1.590874523086322938e+02
1.732901631922430852e+02
1.670925913287341587e+02
-1.694126786817628556e+02
-1.788065105760179847e+02
1.750728900523509992e+02
-1.736598082540901089e+02
1.800000000000000000e+02
1.752852454812950498e+02
-1.759143832200251154e+02
-1.220046872738078392e+01
-1.791253232288786705e+02
1.770643265535788373e+02
-1.773974377975002028e+02
1.637726389564845135e+02
1.663730051401084893e+02
-1.777688253919687611e+02
1.514341632062534302e+02
-1.789455954964781768e+02
-1.730470425318260936e+02
-9.137209164946061435e+01
1.714912966837297006e+02
1.770961811349037305e+02
1.706184898392517653e+02
1.782901859558584761e+02
1.325104470780008512e+02
1.435959114369209715e+02
1.652964481762384423e+02
-1.755221204261503658e+02
1.653112132266816161e+02
1.273493490446406042e+02
-1.778470372108995434e+02
1.724346789315677029e+02
1.782773379283771931e+02
1.794517317636958182e+02
1.726139568487327551e+02
1.519275130641470639e+02
1.758724082974882776e+02
1.763086140135487199e+02
1.627410457070959069e+02
-1.728749836510982050e+02
2.505092867241399457e+00
1.690113489035060184e+02
1.513895403340347912e+02
1.714163785198860523e+02
-1.746022512235196018e+02
-1.742485979096340145e+02
-1.698981235610294789e+02
1.781759101676238970e+02
-1.731363080853729457e+02
-9.600900595749452293e+01
-1.791987126698930126e+02
-1.667594800848128216e+02
1.649136459915348780e+02
1.634429286243633612e+02
1.758058172116091384e+02
-1.764236656250026556e+02
1.543231843181617933e+02
1.773369992339328576e+02
-1.767427780593330624e+02
1.378829634525395420e+02
1.685788137250007424e+02
-1.755587588105672125e+02
-1.734537092167059882e+02
-1.776420940292831006e+02
-1.672603532075179089e+02
1.750136662287645208e+02
-1.776140559696112007e+02
1.757108466711809740e+02
1.774949071327586125e+02
-1.740531369460264841e+02
1.534349488229219958e+02
1.784656585002992415e+02
1.763861192479963620e+02
1.780419325707659652e+02
1.790759546472272916e+02
1.800000000000000000e+02
1.783028438103997360e+02
-1.754094568143939625e+02
1.567474078251383958e+02
1.726476206401076468e+02
-1.711193408494797836e+02
-1.692711407019899639e+02
1.786881122174958989e+02
-1.791756571791548538e+02
1.756839724801344005e+02
1.791449026037332999e+02
1.728327612714802228e+02
-1.720672416858279234e+02
-9.270062933739529853e+01
1.800000000000000000e+02
1.773574547059352824e+02
-1.794791436254980397e+02
-1.794694986833262078e+02
1.671957339347132461e+02
-1.781642252594542981e+02
-1.756839724801344005e+02
7.625095101658070007e+01
-1.698879596890873813e+02
-1.688636905688182708e+02
-1.724316029784105524e+02
-1.738533743403533265e+02
-1.775853434791492305e+02
1.707760777178946796e+02
-1.626759104600290300e+02
-1.783397176310171801e+02
1.782730122495123624e+02
1.772297842027998058e+02
-1.784724745577870806e+02
-8.023822522495775900e+01
-1.733951645032460362e+02
1.648904248776595409e+02
-1.747376046004048931e+02
-1.753645365730973538e+02
-1.757026133360583060e+02
-1.729373973295842291e+02
-1.780585136090856224e+02
1.785056664087334752e+02
-1.664874693642139789e+02
-1.644758890032457543e+02
1.754260787400991433e+02
-1.793376505526277924e+02
1.794974183332789721e+02
-1.771375947738882530e+02
1.752852454812950498e+02
-1.786028189727036306e+02
1.575901626285067323e+02
1.388140748342903521e+02
-1.784518423010220545e+02
-1.748521151758637018e+02
-1.749203921399854380e+02
1.800000000000000000e+02
1.679952244422788681e+02
-1.747528610983835620e+02
-1.739275435927923183e+02
1.780079064270335607e+02
1.760396881695416198e+02
1.787724211678654456e+02
-1.723789286907029634e+02
-1.728282878346129223e+02
1.800000000000000000e+02
-1.681113419603720445e+02
-1.789677553084342776e+02
1.770643265535788373e+02
-1.043148269104048751e+02
1.800000000000000000e+02
0.000000000000000000e+00
1.731572265873690526e+02
-1.787174729172898253e+02
-1.751009075462122553e+02
-1.783028438103997360e+02
9.000000000000000000e+01
1.712147012821154135e+02
1.027396467924821053e+02
1.742290637784256546e+02
1.580912951718180750e+02
-1.784088597288054245e+02
-1.767979794166778618e+02
8.273675525941544606e+01
-1.752032010331644472e+02
1.608209919741892975e+02
1.658720833630803213e+02
1.790530485532265459e+02
-1.775804907833436630e+02
1.697316942019897681e+02
1.691359400779122950e+02
-1.777630209365622989e+02
-1.759143832200251154e+02
-1.789860212772147179e+02
-1.720792600983589296e+02
-1.766822188316651818e+02
1.800000000000000000e+02
-1.781988394842776415e+02
-1.706553280979003091e+02
1.730272307139735517e+02
1.782376089763394873e+02
-1.753417458903244039e+02
-1.689590598196762699e+02
-1.733201139367774317e+02
-1.764236656250026556e+02
-1.783516554951038700e+02
-1.704399035191136988e+02
-1.740299840191429723e+02
-1.770133630095248520e+02
-1.788655783690230123e+02
-1.741439864145710601e+02
-1.615650511770780042e+02
-4.697493401088198084e+01
-1.781066141542537196e+02
-1.776140559696112007e+02
-1.791253232288786705e+02
1.666648936589540995e+02
1.750882118274940069e+02
1.794543424065842885e+02
-1.771612121589946298e+02
1.800000000000000000e+02
1.439359296849051972e+01
1.781816970355481828e+02
-1.757809046507515518e+02
1.599739109058834003e+02
1.784656585002992415e+02
-1.756012946450044865e+02
1.755587588105672125e+02
1.777275502672170830e+02
-1.678113667980681214e+02
1.635513918729601812e+02
1.558285557902068490e+02
-1.793526176130581291e+02
