1.544625656093636792e+02
1.559474705869511411e+02
-1.768675348014319866e+02
-1.728749836510982050e+02
-1.788711652033393591e+02
1.793937180844826571e+02
1.727367552594154461e+02
-1.683497005624623455e+02
-1.733674853848615385e+02
1.717900985616292928e+02
-1.717241071729248176e+02
1.682194762230845981e+02
-1.720424747730828585e+02
-1.751415370809657190e+02
1.800000000000000000e+02
1.773842451245781433e+02
1.682317110679793473e+02
1.764604408314500574e+02
-1.797106298365594057e+02
1.604032055643005492e+02
1.742290637784256546e+02
1.757321066997091918e+02
-1.794355278246930538e+02
1.723867782340333861e+02
9.000000000000000000e+01
-1.782259191411820893e+02
-1.753567274168811423e+02
1.639041230806334113e+02
1.722079219217815762e+02
-1.690459373566016552e+02
-1.784234499448162694e+02
-1.750302592718896904e+02
1.776386253418243939e+02
-1.721260618682743768e+02
1.719367538343027491e+02
1.638426601354120749e+02
1.794000661197460431e+02
1.737790500788403847e+02
-8.049675224213945057e+01
-1.720362129392812278e+02
-1.624145144930724882e+02
-1.776862775021757841e+02
1.671476569336090563e+02
-1.666075022462489130e+02
-1.791776290200018309e+02
-1.792079429078376052e+02
-1.682094990979685747e+02
-1.689728676949393105e+02
-1.752363583092738111e+02
-1.751172404361669521e+02
1.737199928743002317e+02
-9.802496715245244019e+00
1.769059419410828866e+02
-1.712926297284795965e+02
-1.797106298365594057e+02
1.753275572446105457e+02
1.767713521303643915e+02
1.765317707410828802e+02
-1.748826851500273563e+02
-1.797177570637291524e+02
-1.788929729543192479e+02
1.717732775358918502e+02
-1.727249950421107485e+02
-1.723493490446406042e+02
1.758295634751578973e+02
1.725562835908829697e+02
-1.741736579704442534e+02
-1.745076754428725678e+02
1.800000000000000000e+02
1.652412755392435599e+02
-1.711646267865505138e+02
1.708033441083711068e+02
-1.784518423010220545e+02
1.737901738528137514e+02
1.777432060735489472e+02
-1.711381355936024420e+02
-1.668462918055231228e+02
1.726193636411591967e+02
1.780054306987581469e+02
-1.782816419983445542e+02
-1.727792780950431677e+02
1.769872124958166637e+02
-1.679261690650498053e+02
-1.679247114168064741e+02
1.712348719057928861e+02
1.789087837747374010e+02
-1.677790806680695823e+02
-1.755801288611453117e+02
1.722596588411620928e+02
-1.784925642412250397e+02
-1.782986453946738834e+02
1.776015786659074820e+02
-1.789488192504562676e+02
1.714420348765417828e+02
1.781912606775079553e+02
-1.678285417914125333e+02
-1.773021943666836933e+02
1.695861745290108047e+02
1.760740922963160244e+02
-1.773574547059352824e+02
-1.770297693928035017e+02
-1.739333669263948821e+02
-1.791776290200018309e+02
-1.699579763644705110e+02
1.788367937547588724e+02
-1.631083042553255211e+02
-1.797135234897229452e+02
-1.766690826195499540e+02
-1.794355278246930538e+02
-1.735460134096466334e+02
-1.794382946674334391e+02
1.735006537203454400e+02
1.782986453946738834e+02
1.711193408494797836e+02
1.756676860168115013e+02
1.769581578433816276e+02
-1.744006606634794423e+02
1.763358156792592979e+02
1.699755132040533852e+02
1.686332828275123177e+02
1.583643444760596140e+02
1.755787105785693996e+02
-1.702382252249577448e+02
1.703043900766175796e+02
-1.777195146753181234e+02
1.736263606341225056e+02
1.651886636210752783e+02
1.789723832135583450e+02
1.800000000000000000e+02
-1.791001402850956197e+02
-1.791140534061457572e+02
-1.750428739303193026e+02
-1.788484811060362460e+02
1.747793487693760994e+02
-1.714009112892225346e+02
1.737256654429181992e+02
1.737227015104024304e+02
-1.791656544244532085e+02
-1.697731422936586512e+02
9.123463170540412648e+01
-1.777320454640941705e+02
1.565713071912545900e+02
1.717998539405012082e+02
1.717872198107141344e+02
1.788065105760179847e+02
1.718272351224455008e+02
1.796968505562858809e+02
1.687377742422764300e+02
1.736292830681059911e+02
1.797000248376961054e+02
1.494440357244922382e+02
1.720198862548314764e+02
-1.673845555935016023e+02
1.772208331359279327e+02
-1.771936297482117766e+02
1.773574547059352824e+02
-1.770792784789996119e+02
1.731463648283497889e+02
1.775690916629595790e+02
1.688571101416606837e+02
-1.780054306987581469e+02
-1.679432374661673748e+02
-1.663994574833412514e+02
1.766499236024985464e+02
1.791574757392596098e+02
8.943829466743345336e+01
-1.785534443134260982e+02
-1.760353452771438754e+02
1.671572459560555615e+02
1.784925642412250397e+02
-1.766865746002072513e+02
-1.790954049662673242e+02
1.764743848028255684e+02
-1.716341138759674152e+02
1.675350671579350319e+02
1.650499136209874393e+02
-1.625672075009156572e+02
-1.721466866980217958e+02
1.732243438306010148e+02
1.770339591100128871e+02
1.574258619213518102e+02
1.013099324740202150e+02
1.735359256806231656e+02
1.743150770128943634e+02
1.776015786659074820e+02
-1.719793102044716022e+02
-8.916158502559788701e+01
1.782465951399284450e+02
1.530478210687710430e+02
-1.721466866980217958e+02
1.395818558644081122e+02
-1.709541987384092465e+02
1.745018372750190281e+02
1.746990734834743080e+02
1.800000000000000000e+02
-1.785750257274845865e+02
1.670821871560660270e+02
-1.781265069864000736e+02
-1.728007663616323555e+02
1.672846630111052377e+02
1.758553762588957170e+02
1.794241824067550510e+02
1.794490960207814396e+02
1.764576388078062905e+02
-1.784765352083481673e+02
-1.772072976342867037e+02
-1.776140559696112007e+02
1.780347394280794902e+02
1.623620044377026659e+02
-1.645387822595581042e+02
1.797359660187408963e+02
-1.635932278530973747e+02
-1.735301800148268114e+02
1.756839724801344005e+02
-1.591827792468900782e+02
1.731335701975023085e+02
-1.688048885737000262e+02
-1.636861475737394471e+02
1.269282436333266446e+02
-1.797310077063035294e+02
-1.702894307339865350e+02
-1.726569918829931680e+02
-1.764576388078062905e+02
-1.756457789369304123e+02
1.719121200254620021e+02
-1.797106298365594057e+02
-1.781438419525511279e+02
1.797395664321866207e+02
1.626810615684852621e+02
1.720844875769734301e+02
1.645575533999304412e+02
-1.728749836510982050e+02
-1.797218673327036527e+02
-1.773974377975002028e+02
1.779854012121294318e+02
1.557309554728265937e+02
1.744349011650883483e+02
1.788426669318704967e+02
1.046208739886316579e+02
1.780152968878464321e+02
-1.786552756112976681e+02
1.630091767080138538e+02
-1.788308606720925980e+02
1.780347394280794902e+02
-1.680957342845082678e+02
1.790954049662673242e+02
-1.598636965717518592e+02
-1.786095987359559842e+02
1.770436893424963500e+02
-1.701588682403656207e+02
-1.665656957746364242e+02
-1.739275435927923183e+02
-1.772499148250875862e+02
-1.636929945836868967e+02
1.786861069755020708e+02
-1.770492208909936664e+02
-1.764964683552155691e+02
1.641288213885430025e+02
-1.717496127710945188e+02
-1.706524221903350451e+02
-1.782816419983445542e+02
-1.796984460501317358e+02
1.785461045348911284e+02
-1.753275572446105457e+02
1.757411538778296460e+02
-1.616585189237138991e+02
1.791968407481897714e+02
-1.699607452128476552e+02
1.785679038158353649e+02
1.800000000000000000e+02
-1.731135726685679970e+02
1.672323368553171292e+02
-1.398304199582899230e+02
-1.729716037610504031e+02
-1.733071246421659168e+02
-1.716257409724009619e+02
-1.748826851500273563e+02
-1.735956472736158673e+02
-1.677995312726192196e+02
1.756982417259409317e+02
1.717872198107141344e+02
1.794620272698877557e+02
-7.321735585472930552e+01
-1.745596679689944892e+02
-1.797813148805770425e+02
1.788002637618786252e+02
1.794212744343922452e+02
1.800000000000000000e+02
1.641716934037475824e+02
1.579993016494594258e+02
-1.791574757392596098e+02
1.736010433726310680e+02
-1.752363583092738111e+02
-1.655201851656393615e+02
1.720303896056786357e+02
-8.826429541107161469e+01
1.716341138759674152e+02
1.733674853848615385e+02
1.785607103721175974e+02
1.706764082218620047e+02
1.161708203835543998e+02
-1.710418676371377273e+02
1.794437477729193233e+02
1.755371815279594898e+02
-1.102701048385936673e+02
1.581530815641135348e+02
1.787811247648687072e+02
-1.765236872507988721e+02
1.686900675259797993e+02
1.792151753970080961e+02
1.751415370809657190e+02
1.741984131123529949e+02
1.069908232919861746e+02
-1.779636745452017124e+02
1.547624209323947468e+02
1.616600689664446406e+02
-1.730470425318260936e+02
1.731335701975023085e+02
1.734969440551182913e+02
-1.745829778861433965e+02
1.715288553669851694e+02
-1.747793487693760994e+02
1.733741252943825373e+02
-1.587789146594791134e+02
