1.756711249328095903e+02
1.767649849422154489e+02
-1.794490960207814396e+02
1.636571174565581259e+02
-1.792042764472607246e+02
-1.756012946450044865e+02
-1.783293467286000293e+02
1.786980473274211363e+02
1.674447032592114510e+02
1.677604001630681694e+02
-1.751469036130076233e+02
-1.597883514930878164e+02
-1.735712522511701366e+02
-1.762053277316842355e+02
-1.789341549724384208e+02
-1.783223605338465347e+02
-1.726656211985833238e+02
-1.730977788192087701e+02
1.782816419983445542e+02
-1.597174409110834006e+02
-1.741113912539543662e+02
-1.760652179436305573e+02
1.792461516669292223e+02
-1.797163598442421915e+02
-1.743191091820340546e+02
1.743775993729102822e+02
-1.796968505562858809e+02
1.794645410144354685e+02
1.764049903389908991e+02
-1.693803447238448712e+02
1.785679038158353649e+02
-1.789723832135583450e+02
-1.787546357332316518e+02
1.757980636418403719e+02
-1.762937107027876777e+02
-1.698422810349212284e+02
-9.121887523513130702e+01
-1.766753508928891847e+02
1.800000000000000000e+02
-1.656997225508144140e+02
-1.786028189727036306e+02
-1.753800765183395924e+02
1.682118167008923706e+02
1.778789036033385571e+02
-1.735169263071027501e+02
-1.722482208457032868e+02
1.692562129290191137e+02
-1.559040790833326753e+02
1.630091767080138538e+02
-1.744470289669631882e+02
1.007714541601980329e+02
1.736598082540901089e+02
-1.645778386812613405e+02
-1.698544555661036668e+02
-1.657453492817733434e+02
-1.785082595646272807e+02
-1.789190758133393331e+02
1.008230112262071003e+02
-1.626008842559073457e+02
9.236407958591948386e+01
-1.491189213030563963e+02
-1.599180225158192457e+02
-1.680463218118044040e+02
-1.527157927063769307e+02
-1.680994103113331448e+02
-1.762053277316842355e+02
-1.739623174785771198e+02
-1.788367937547588724e+02
-1.650879656964657443e+02
1.717277247874870625e+02
1.730887728809753412e+02
1.794299115550011265e+02
1.689174305369703575e+02
-1.737111485445726089e+02
-1.656997225508144140e+02
1.779854012121294318e+02
-1.692562129290191137e+02
-1.775762286558864389e+02
-1.771936297482117766e+02
-1.785497837090665598e+02
1.611881106974808517e+02
-1.775838897143187012e+02
1.797540968767293066e+02
-1.797135234897229452e+02
1.772011014864236813e+02
-1.695085229876684139e+02
1.736598082540901089e+02
-1.746441749571448270e+02
1.643003314538654536e+02
1.700737544933483036e+02
-1.708858249452087819e+02
1.657543940795586082e+02
-1.794212744343922452e+02
-9.995581370400779520e+01
1.765761287550693339e+02
-1.763477772196936826e+02
1.758949014868374263e+02
1.800000000000000000e+02
-1.722596588411620928e+02
-1.794719432510998445e+02
1.797177570637291524e+02
-1.763477772196936826e+02
-1.706229393056956383e+02
-1.730887728809753412e+02
1.733605294811063402e+02
-1.776626941408761979e+02
-1.768201698801357509e+02
1.704554744344418680e+02
-1.761120904391669342e+02
1.769135107362189103e+02
1.766182726757236310e+02
1.768711901511678661e+02
1.653915330660711334e+02
-1.761345388301482444e+02
-1.763936913774033428e+02
1.558544580395783612e+02
-1.705873705631338453e+02
1.755095480788836824e+02
-1.726476206401076468e+02
1.755558938783473195e+02
1.740428688852917958e+02
1.531627618941849107e+02
1.787381824611138939e+02
-1.537052099294161565e+02
-1.739275435927923183e+02
1.772736890060937469e+02
-1.742894068625003570e+02
1.732387614899627977e+02
-1.629658271208907365e+02
1.752823974954383175e+02
-1.712309377468524190e+02
-1.771578621163443472e+02
1.782007242758659515e+02
-1.774995894356231361e+02
1.739114718458048401e+02
-1.774995894356231361e+02
-1.743139657034794254e+02
-1.782100893917539395e+02
1.692711407019899639e+02
-1.797335099239415968e+02
-1.627879280730152516e+02
1.734180553448219939e+02
1.778160497723237086e+02
1.574667499209957384e+02
1.784792303388562402e+02
-1.790857832395510059e+02
9.146880071438582149e+01
-1.490000947159322777e+02
-1.460564129802481830e+02
1.671839978063413241e+02
1.783864610671188018e+02
1.759717363335148548e+02
-1.570785811020912774e+02
1.782007242758659515e+02
-1.554098828338039766e+02
-1.760548137709624541e+02
-1.797046635460529558e+02
-1.692807247406264821e+02
1.777867718236041981e+02
-1.654655449194598873e+02
1.753013194827005634e+02
1.574468614730892284e+02
-1.707810738618925654e+02
8.820206814309948129e+01
-1.769502395307315794e+02
9.750308739104961830e+01
1.578736651906267241e+02
1.234489927374747253e+02
-1.711646267865505138e+02
-1.714270016363886100e+02
-1.721466866980217958e+02
1.513895403340347912e+02
-1.733900561063700252e+02
-1.784925642412250397e+02
1.793969088056194607e+02
-1.704596181951573612e+02
-1.546939940300972864e+02
-1.775104470780008512e+02
-1.696409475119162948e+02
-1.683952376436211864e+02
1.774861897638222672e+02
-1.791533259761385182e+02
1.774995894356231361e+02
1.668053289249969566e+02
1.777432060735489472e+02
-1.629579871292163205e+02
1.742593933610480974e+02
1.797015871800051343e+02
1.720350147089550887e+02
1.767210137411455833e+02
1.723275884002204634e+02
1.764862497393950491e+02
1.708648116405898350e+02
-9.110702704568078047e+01
-1.671572459560555615e+02
1.776909372109743117e+02
-1.786921043983362267e+02
-1.761663234629119188e+02
-1.565226001079070670e+02
1.744101310401722174e+02
1.760858627813875614e+02
-1.617573181718765625e+02
-1.756635952143400061e+02
-1.790954049662673242e+02
-1.785311992856141785e+02
1.784275695723266324e+02
1.515348378573451669e+02
-1.734633663512029216e+02
-1.686900675259797993e+02
-1.570978921156887225e+02
1.731363080853729457e+02
-1.574726594438991469e+02
-1.748055710922652111e+02
-1.761518205390749756e+02
1.776140559696112007e+02
-1.695400909070708622e+02
1.685180086452519106e+02
9.751477754421986788e+01
-1.426450132716707344e+02
1.797177570637291524e+02
-1.729881417255249119e+02
9.548129659469735486e+01
-7.032864357422185719e+01
1.015092213382090023e+02
-1.741140121669717473e+02
-1.669149400637678298e+02
-1.779545915111127954e+02
-1.758553762588957170e+02
-1.779992143833314344e+02
1.748750766540209440e+02
1.782554901584111064e+02
-1.797015871800051343e+02
1.198200725654737511e+02
-1.677604001630681694e+02
-1.721847064532331331e+02
-1.779047474353761515e+02
1.692868769772089763e+02
-1.779545915111127954e+02
-1.791140534061457572e+02
-1.794490960207814396e+02
1.729115243218539888e+02
-1.425011320371662293e+02
-1.641314595587001293e+02
-1.708194580423738387e+02
1.765317707410828802e+02
1.761041519869124841e+02
-9.665920726613680358e+01
1.734180553448219939e+02
1.788002637618786252e+02
1.654998332334474469e+02
8.113813559360244199e+01
-1.718370257162819996e+02
1.796984460501317358e+02
-1.797622595407070207e+02
-1.759504182967286283e+02
-1.797508894848470788e+02
1.685223730403922389e+02
1.794907175950224882e+02
-1.794123715837600344e+02
-1.752363583092738111e+02
1.750062560141766141e+02
1.756676860168115013e+02
-1.794490960207814396e+02
1.044524282510929822e+02
-1.797862107701228922e+02
1.676972736747572981e+02
1.670694485330572547e+02
-1.761120904391669342e+02
-1.779752349184389573e+02
1.770846778833574717e+02
-1.788248667627606494e+02
1.800000000000000000e+02
-1.747831109681655164e+02
1.800000000000000000e+02
-1.672212668115939778e+02
-1.787811247648687072e+02
-1.791491351352697166e+02
-1.794719432510998445e+02
1.774614554016012278e+02
-1.716674399036258194e+02
1.700089565798309934e+02
-1.615650511770780042e+02
1.786425341554694057e+02
1.767357162759815026e+02
-1.627585406010600479e+02
-1.764785466230777899e+02
1.714391104288353915e+02
-1.790684434019225364e+02
1.751300582837189097e+02
1.685890168732346126e+02
-1.680402377780692120e+02
1.709982448774387080e+02
-1.711581854398083351e+02
-1.754622274920933762e+02
1.737459672560835315e+02
-1.631889810745737748e+02
-1.794382946674334391e+02
-1.686900675259797993e+02
1.661631609921181223e+02
1.675321776637868254e+02
-1.695625246488818334e+02
1.795103044068708016e+02
-1.566210634532605006e+01
1.673666380647249809e+02
-1.739760069176803654e+02
1.758403577062873637e+02
1.778886693744239835e+02
-1.772072976342867037e+02
8.633419827363756127e+00
-1.591827792468900782e+02
1.725457011872515523e+02
-1.785461045348911284e+02
-1.790371363743637971e+02
1.774187413025653655e+02
1.778676315634459968e+02
-1.689234502658317183e+02
-1.713218311147592487e+02
1.718287664400502592e+02
-1.719034628321115576e+02
-1.635231186063120390e+02
-1.790954049662673242e+02
1.751864491062934803e+02
-1.697488012491825771e+02
1.794670313773457622e+02
