-1.790906195508008523e+02
-1.686900675259797993e+02
3.964654722856122859e+00
-7.778428086586913537e+01
1.800000000000000000e+02
-1.790371363743637971e+02
1.770535526199876699e+02
-1.794327335901420781e+02
-1.788982938847936452e+02
8.378817797099084430e+01
-1.788542371618248978e+02
1.772475145997313177e+02
-1.794093427853533171e+02
1.800000000000000000e+02
-1.794031905487708229e+02
-1.786468080462203147e+02
1.784234499448162694e+02
1.600620082557944670e+02
-1.749868862449641824e+02
-1.774886367328369374e+02
-1.737580856525849526e+02
-1.597751405688319153e+02
1.742894068625003570e+02
-1.730590165712574162e+02
-1.743455791773592978e+02
-1.786573759734622513e+02
-1.722079219217815762e+02
1.800000000000000000e+02
-1.790206803456605087e+02
-1.728114628572633649e+02
-1.784656585002992415e+02
1.761859251657096479e+02
1.800000000000000000e+02
-1.796048629574925144e+02
-1.747099187946287486e+02
-1.777320454640941705e+02
-1.730887728809753412e+02
1.714163785198860523e+02
-1.760698244542745385e+02
1.719330682702069168e+02
-8.881881108667336377e+01
-1.692157021324374284e+02
1.691498953702026142e+02
1.795724274931666002e+02
-1.791987126698930126e+02
1.794974183332789721e+02
-1.781671604940579527e+02
9.260256220249979719e+01
1.679885216136345605e+02
1.781759101676238970e+02
1.800000000000000000e+02
-1.773493103165781974e+02
-1.717872198107141344e+02
-1.745164095555355743e+02
-1.570871716032283700e+02
-1.794327335901420781e+02
-1.751009075462122553e+02
1.777803444468021041e+02
-1.601593019160316658e+02
1.788618229925118328e+02
1.469518751300247743e+02
1.733915356616831502e+02
1.800000000000000000e+02
-1.751864491062934803e+02
1.392678933002908366e+02
1.646991544275500132e+02
1.713843518158358847e+02
1.782100893917539395e+02
1.666607510966366021e+02
1.747099187946287486e+02
1.703481665331957515e+02
-1.791319485502544637e+02
1.680643974567325643e+02
9.390049374238189728e+01
1.781960048837994179e+02
-1.718698976458440200e+02
-1.766050764578817507e+02
-1.702001513311323606e+02
1.753800765183395924e+02
-1.754462320208413644e+02
1.769335144988741035e+02
1.729332702835989153e+02
-1.713268259521202310e+02
-1.724346789315677029e+02
9.000000000000000000e+01
1.759858243045889594e+02
1.762570117043128732e+02
1.358550973962667285e+02
-1.209637565320735177e+02
1.800000000000000000e+02
-1.694722138800364348e+02
1.800000000000000000e+02
-1.577509763427876521e+02
1.730887728809753412e+02
-1.483924977537511154e+02
1.663858172551706502e+02
1.764236656250026556e+02
-1.738448316567260008e+02
1.643271794904568139e+02
1.783788540863465926e+02
9.354476645559488190e+01
-9.991275144672383135e+01
1.730727818739908344e+02
1.794543424065842885e+02
-1.713358645668919564e+02
1.596768631703370431e+02
-1.580912951718180750e+02
-9.840891173260071412e+01
1.774922982729337662e+02
1.771844433157887693e+02
1.735411836212813341e+02
-1.729987324425046609e+02
1.728282878346129223e+02
1.737741709355742330e+02
1.783476953223486987e+02
1.753645365730973538e+02
-1.770317659701283048e+02
-1.656772800217964630e+02
1.691596945456694527e+02
-1.709605171966448722e+02
-1.740938588862294978e+02
1.717592881702921375e+02
-1.772072976342867037e+02
1.800000000000000000e+02
-1.722043979793840833e+02
-1.673004155104026438e+02
2.283365417791754481e+01
-1.751469036130076233e+02
1.731817854283481495e+02
-1.521759036157467335e+02
1.668972100587375564e+02
2.508359400619091772e+01
-1.780519149934850702e+02
-1.708886429552160280e+02
-1.716341138759674152e+02
-1.624744316262771235e+02
-1.788839896085927421e+02
1.718019311539837020e+02
-1.795379472785692485e+02
-1.759780098229798853e+02
1.759143832200251154e+02
-1.717927835880818463e+02
-1.780079064270335607e+02
-1.745596679689944892e+02
1.800000000000000000e+02
1.777974018382342081e+02
9.244704864232362240e+01
1.627904424794521105e+02
1.733255309528824455e+02
1.518937301791981440e+02
-1.485125306357860211e+02
1.760698244542745385e+02
1.794645410144354685e+02
-1.787981669355478971e+02
-1.659637565320735177e+02
1.636639571102815296e+02
9.111239961629779316e+01
-1.767161377120936550e+02
1.784765352083481673e+02
-1.730887728809753412e+02
1.518937301791981440e+02
1.775633517531898633e+02
1.770185387800177921e+02
-1.795303729803103465e+02
1.726352537550173452e+02
9.878116273438547523e+01
-1.608870262663266999e+02
1.766890584853885571e+02
-1.795103044068708016e+02
-1.686900675259797993e+02
1.676192430711928409e+02
1.701722759888368728e+02
-1.675145325091428674e+02
1.676919841825720709e+02
1.680848529287349606e+02
1.790608090542644391e+02
-1.581985905136481847e+02
1.774362297885350017e+02
1.638278409842174597e+02
-1.756749395652615249e+02
-1.620185703030359718e+02
-1.741674362548086776e+02
-1.781523897340053963e+02
1.749993554024415516e+02
1.800000000000000000e+02
9.743641287037160481e+00
1.491985540238631813e+02
-1.788766972859245641e+02
-1.745881308476829759e+02
1.800000000000000000e+02
-1.738999400396783415e+02
1.717976457553744183e+02
-1.712062696458307869e+02
1.800000000000000000e+02
4.484606009544625849e+00
1.772297842027998058e+02
-1.737175079118386236e+02
-1.789769698113321681e+02
-1.729373973295842291e+02
1.738408369708569126e+02
1.695922886875099493e+02
1.756617332085718033e+02
-1.681113419603720445e+02
-1.652032377549426769e+02
-1.741843734705087741e+02
-1.756012946450044865e+02
1.800000000000000000e+02
1.800000000000000000e+02
1.771936297482117766e+02
-1.676919841825720709e+02
-1.545582515369974601e+02
1.762111101221153433e+02
1.776862775021757841e+02
-1.702996080560542111e+02
1.800000000000000000e+02
-1.755074185200847126e+02
-1.795965152649412460e+02
1.800000000000000000e+02
-1.723039482779834373e+02
-1.737965520983081831e+02
1.602777222355529432e+02
-1.765317707410828802e+02
-8.544623202084137858e+01
1.800000000000000000e+02
-1.410090059574945371e+02
1.770096550248346148e+02
1.743455791773592978e+02
-1.753225821411182608e+02
2.699583839408661845e+01
1.790451587461278109e+02
1.375261169116195674e+02
1.734180553448219939e+02
1.788065105760179847e+02
-1.789949139947458150e+02
1.715730309785193413e+02
1.722596588411620928e+02
-1.726139568487327551e+02
1.438418145601916933e+02
-1.602439990025354177e+02
-1.638865817669107230e+02
1.681975657922164658e+02
-1.751864491062934803e+02
1.707644409068340963e+02
1.689388175384082160e+02
1.727630779740320008e+02
1.607960264944999551e+02
-1.783153156821037157e+02
-1.714247673601647932e+02
-1.777320454640941705e+02
1.800000000000000000e+02
-1.229052429229879095e+02
-1.694873728300786411e+02
8.396231747857711980e+01
-1.745424465148954027e+02
-1.795185341941616457e+02
1.064221874983152958e+02
1.492259638987517860e+02
-1.748479182977937967e+02
-1.526317895711117671e+02
-1.627075506001223175e+02
1.774551956201869132e+02
8.737359436170925164e+01
-8.880651057601797049e+01
-1.750447272684362687e+01
7.826691584358776765e+01
1.796419060406764459e+02
1.730590165712574162e+02
9.974364128703716403e+01
-1.766335393365701805e+02
-1.751634165542646997e+02
7.622840028291759040e+01
-1.748055710922652111e+02
1.759504182967286283e+02
-1.781960048837994179e+02
1.697386252827656108e+02
-1.740150476848845926e+02
1.666075022462489130e+02
-1.731182763693630591e+02
1.568014094863518153e+02
1.779361802715430372e+02
1.697431801583036304e+02
-1.789087837747374010e+02
-1.512738693346956325e+02
-1.704554744344418680e+02
1.736598082540901089e+02
-1.689174305369703575e+02
1.744006606634794423e+02
1.732243438306010148e+02
1.741932730944684238e+02
1.750497277657082407e+02
-1.764236656250026556e+02
1.689510943283452775e+02
-1.794543424065842885e+02
-1.775940294833546886e+02
1.784377750831576179e+02
-1.665838165181590966e+02
1.733547217897256019e+02
1.706144817399569433e+02
-1.047745502750465789e+02
-1.657627195342389257e+02
-1.615650511770780042e+02
1.720824969651716572e+02
1.746569442414248385e+02
-1.571954595286789527e+02
-1.738448316567260008e+02
-1.743693172423647582e+02
-1.642790722141772335e+02
-1.635295715603914175e+02
1.787811247648687072e+02
-1.792205136788815310e+02
-1.772736890060937469e+02
-1.709097230791776667e+02
-1.750540334528958510e+02
1.655999786932089535e+02
-1.490362434679264823e+02
-1.646383836881513503e+02
1.708033441083711068e+02
1.800000000000000000e+02
-1.761493611760892577e+02
1.766335393365701805e+02
-1.702833141822149230e+02
1.722079219217815762e+02
-1.708886429552160280e+02
1.697860270149295161e+02
