1.771087304037794468e+02
1.763217612780066190e+02
1.789087837747374010e+02
-8.599582705929060467e+01
1.787724211678654456e+02
-1.787939512207800590e+02
1.794382946674334391e+02
-1.745397874078516338e+02
-1.795724274931666002e+02
-1.778389205117736367e+02
-1.783750236424752416e+02
1.595074052301297058e+02
-1.788308606720925980e+02
-1.659637565320735177e+02
0.000000000000000000e+00
-1.782642954110716289e+02
9.723692202596801337e+01
-1.742894068625003570e+02
1.715910882673993001e+02
9.118526081862239607e+01
1.788982938847936452e+02
1.795144541699918648e+02
-1.709492783228162693e+02
0.000000000000000000e+00
1.757858214772659551e+02
-1.516207569138920519e+02
-1.726139568487327551e+02
1.360973189581219955e+01
1.785056664087334752e+02
-7.016501744722908995e+00
8.674805439963611775e+01
-1.640546040990771246e+02
-1.794437477729193233e+02
1.781912606775079553e+02
1.721644748935114535e+02
1.786980473274211363e+02
1.784622276153025382e+02
9.216925758972851668e+01
-8.530765609948133488e+00
-1.783476953223486987e+02
5.736249241571431412e+01
2.844292862436335056e+01
1.717328266644893802e+02
1.800000000000000000e+02
-9.106091169026423415e+01
9.110170611520638317e+01
-1.786599922191003031e+02
-4.540634623330902997e+01
8.672951207681644803e+01
1.311859251657096479e+02
1.775940294833546886e+02
-1.756839724801344005e+02
-1.679052429229879237e+02
1.761214754971522893e+02
1.776044253358734615e+00
1.421772458508550301e+02
9.000000000000000000e+01
-1.541336432059054857e+02
-1.747528610983835620e+02
1.755752155482560397e+02
-7.594643368591444954e+00
1.785497837090665598e+02
-1.770891621738322499e+02
5.846305207051778474e-01
-1.786163130326314956e+02
1.774664411116054339e+02
0.000000000000000000e+00
-1.792205136788815310e+02
1.800000000000000000e+02
-8.949741833327897211e+01
-1.787340009996052856e+02
-1.036840197522475080e+02
2.411029746611230706e+00
-9.000000000000000000e+01
9.216107948822637752e+01
-1.767602997038978856e+02
1.037607851117912361e+02
-9.327048792318356618e+01
1.492158534736735760e+02
9.476364169072617472e+01
-1.546803130896903440e+02
-9.054051018713066412e+01
1.412483716650382348e+02
-1.794212744343922452e+02
1.767295120768164338e+02
-1.774169793313649279e+02
-1.639091836511478562e+02
1.652579638992563815e+01
-1.791512357284464088e+02
-8.829744667909066536e+00
1.252880770915151132e+01
-2.385944030388812642e+00
1.800000000000000000e+02
-1.733255309528824455e+02
-1.755443971666736900e+02
-1.712188372656145532e+02
-1.720198862548314764e+02
-7.381079374297306117e+01
-1.790036521034950567e+02
9.225457496593503492e+01
1.770535526199876699e+02
1.370901591537107151e+02
-1.690277597621883672e+02
-1.722925142770350249e+02
1.770390638658362548e+02
-1.754425809802860101e+02
-1.776721849109588618e+02
1.008855270546587377e+02
1.767295120768164338e+02
1.781960048837994179e+02
-1.766002858408767509e+02
1.705376777919743745e+02
1.785311992856141785e+02
-1.775889702533887942e+02
1.695085229876684139e+02
-3.256043798115344856e+01
1.678686789333675051e+02
-9.559933933652057192e+01
1.591932089872887843e+02
5.885987833028266891e+00
-4.763641690726178268e+00
-1.789258300016273893e+02
1.762570117043128732e+02
1.721847064532331331e+02
9.549232455712743217e+01
1.781912606775079553e+02
-1.727554931475588091e+02
-8.375808565258495264e+01
-1.027834539414243693e+02
-1.625176248178784419e+02
-1.796303549381529763e+02
-1.712094568171860658e+02
-1.733951645032460362e+02
-1.788766972859245641e+02
-1.601593019160316658e+02
-1.686900675259797993e+02
1.708771037946215472e+02
8.462900530446430025e+01
9.551147741602062524e+01
-8.332011393677746014e+01
1.789769698113321681e+02
1.800000000000000000e+02
-1.788065105760179847e+02
-1.501330831484870316e+02
1.620720802379927648e+02
1.692868769772089763e+02
1.654034244745058402e+02
-1.795488614532127372e+02
1.350000000000000000e+02
-2.396248897457818572e+01
1.782100893917539395e+02
-9.170135460532613081e+01
-1.785056664087334752e+02
-1.040362434679264823e+02
-1.722596588411620928e+02
7.305938476834452899e+01
-3.200538320808349368e+01
-1.732243438306010148e+02
1.792926806314557666e+02
-8.881881108667336377e+01
-1.671419098270018253e+02
1.529044475062482036e+02
1.605599651718238192e+02
-9.713251024940284140e+00
-1.541912848157477924e+02
9.405673786129487723e+01
-1.710546181664610685e+02
0.000000000000000000e+00
1.790833457436147285e+02
2.222503045111356101e+01
-3.154842864791977064e+00
-1.704554744344418680e+02
-7.156505117707799002e+01
8.319868517601842939e+01
-1.793904934233248127e+02
1.641240534947774279e+02
9.759464336859144851e+01
-1.756430249941537056e+02
1.777974018382342081e+02
-1.682317110679793473e+02
9.000000000000000000e+01
8.043990351911369885e+01
1.704457103275982490e+02
-1.737516283349617652e+02
1.688048885737000262e+02
-1.749575489308290912e+02
-3.704247477308285852e+01
1.771936297482117766e+02
-1.601553724338683651e+02
1.208608916883495112e+02
1.793969088056194607e+02
1.787635923971438672e+02
1.051799274345262489e+02
1.679885216136345605e+02
3.130995038253448826e+01
-1.720303896056786357e+02
9.660483549675397796e+01
1.777093899573614806e+02
1.800000000000000000e+02
-9.544525565558133806e+00
-1.744724598483438456e+02
1.729476939921588041e+02
-1.774664411116054339e+02
1.794464348141176231e+02
-1.471187603347252093e+02
-1.666330693036831576e+02
-1.736010433726310680e+02
-1.623719806321803674e+02
-1.724761795613613629e+02
-1.754462320208413644e+02
-1.633007557660064037e+02
1.021368244552922704e+02
1.653791260113683563e+02
-1.694389893088036274e+02
1.792411598757314550e+02
1.350000000000000000e+02
1.591209831194425988e+02
-1.771170365474604580e+02
-1.766335393365701805e+02
-1.788982938847936452e+02
1.787174729172898253e+02
-1.732901631922430852e+02
-1.566444351407139948e+02
-1.771170365474604580e+02
-1.731765376009664692e+02
-9.511041756103122680e+01
-1.715387118574286376e+02
1.741652110031586744e+02
-1.553361852875364661e+02
-1.065257963899256453e+02
1.763955794608243082e+02
1.751559996249193318e+02
-1.760995062576181169e+02
-1.625820292077971487e+02
-1.409644871012531269e+02
-1.747581800530204532e+02
6.072456407207700302e+00
-7.330075576600638954e+01
-1.639183480431862847e+02
-1.526501242199301203e+02
1.783316625517066996e+02
1.788542371618248978e+02
-1.719367538343027491e+02
-1.591209831194425988e+02
1.645965750375303855e+02
-1.741140121669717473e+02
-1.727697573607484287e+02
1.628544490811382843e+02
1.420735376749613579e+02
-1.682317110679793473e+02
1.800000000000000000e+02
-1.617541454724217544e+02
5.863669778604993610e+01
1.388140748342903521e+02
4.085616779974876600e+00
4.891824886406737249e+01
-1.248621961469148545e+02
1.308553762588957170e+02
-1.683312259996310445e+02
-1.712094568171860658e+02
-1.662184027643463935e+02
1.086101647278273390e+02
-1.604975514933377951e+02
1.718019311539837020e+02
1.705376777919743745e+02
1.745397874078516338e+02
1.723331957381858217e+02
1.466114864238884934e+02
-1.747187593715548815e+02
1.430112316128560224e+02
1.134985656759521078e+02
-1.515406805031259907e+01
-1.762218022928384187e+02
-7.113641244437587829e+01
1.762570117043128732e+02
1.789390883097357801e+02
-1.771936297482117766e+02
-1.652849283494022075e+02
-7.324425107080101327e+01
1.776140559696112007e+02
1.708194580423738387e+02
1.807232214895949696e+01
-4.663657704161671802e+01
-9.776516601842534726e+01
1.665838165181590966e+02
1.114288985833931811e+01
1.522160735877907314e+02
-1.331988394842776415e+02
1.791185960034178777e+02
-1.745596679689944892e+02
1.168219812015815080e+02
-9.289126959622056745e+01
9.398252057182902774e+01
-1.140202467972649032e+02
-7.901134890350603257e+01
0.000000000000000000e+00
1.626810615684852621e+02
-9.576788889791414761e+01
1.730558694890067670e+02
-1.646938610259101381e+02
-8.307278187399083436e+01
-1.758150838748815943e+02
-1.549831065218999981e+02
1.447275785514016206e+02
-1.691596945456694527e+02
-1.589967772885657382e+02
1.789860212772147179e+02
-1.752852454812950498e+02
-8.748863673283692322e+01
-1.733255309528824455e+02
1.697709917126404662e+02
1.800000000000000000e+02
-6.902650657867920359e+01
1.303999043337367425e+02
1.599689873191022684e+02
1.709605171966448722e+02
-1.680558228115536679e+02
1.688048885737000262e+02
-1.209475707701210112e+01
-1.542592916437671704e+02
-1.619060934559368263e+02
1.780908475670036353e+02
-1.760884281874713508e+02
-1.757809046507515518e+02
