-1.795592719272389957e+02
1.786780243404630255e+02
-1.767295120768164338e+02
1.789583733239900312e+02
-1.782901859558584761e+02
-1.745309050298880891e+02
-1.775529513576763918e+02
-1.695257651717741965e+02
-1.778789036033385571e+02
-1.752755483028291223e+02
1.760740922963160244e+02
1.758295634751578973e+02
1.796021190381654264e+02
1.767947840689865302e+02
1.761859251657096479e+02
1.783153156821037157e+02
-1.754860115419987210e+02
1.669208762199332057e+02
-1.779974668681731202e+02
-1.760740922963160244e+02
1.636350818301190770e+02
1.488514190138049855e+02
-1.794929709390852395e+02
-1.738999400396783415e+02
1.784377750831576179e+02
-1.752720121811578053e+02
1.784925642412250397e+02
-1.734337013792537050e+02
-1.769552215558060198e+02
1.767689900996317931e+02
4.885202568117300359e+00
1.702996080560542111e+02
-1.753800765183395924e+02
1.753331416285610089e+02
-1.785311992856141785e+02
-1.758818102960112242e+02
8.228810758734111630e+01
-1.716167515190706467e+02
1.784656585002992415e+02
1.601447856306789674e+02
-1.737175079118386236e+02
-1.773735943617092516e+02
-1.746441749571448270e+02
1.741932730944684238e+02
-1.698592068538872013e+02
1.721847064532331331e+02
-1.728065299447044652e+02
-1.634651621426548616e+02
-1.727249950421107485e+02
1.800000000000000000e+02
1.660875053234799736e+02
1.571193628235823212e+02
-1.752363583092738111e+02
-1.739667469937992905e+02
4.594253331266389573e+00
-1.783788540863465926e+02
-1.753225821411182608e+02
-1.755251034937539032e+02
-1.751469036130076233e+02
-1.692711407019899639e+02
1.800000000000000000e+02
1.756430249941537056e+02
1.764513180260955494e+02
-1.708033441083711068e+02
1.791696845137419984e+02
-1.707889734591833530e+02
-1.784518423010220545e+02
1.800000000000000000e+02
-1.730189425931702090e+02
1.800000000000000000e+02
1.762173545534037089e+02
-1.636982916556926284e+02
1.794543424065842885e+02
-1.785679038158353649e+02
-1.621399059293209461e+02
-8.737359436170925164e+01
-1.646591092359950892e+02
1.759780098229798853e+02
-1.749078848755010540e+02
1.783153156821037157e+02
1.703401069215576911e+02
1.684300279520980155e+02
-1.766335393365701805e+02
-1.507887077422718960e+02
-1.781671604940579527e+02
1.611567746230529963e+02
-1.739275435927923183e+02
-1.788876003837022211e+02
1.657429646403499532e+02
-1.631132088760559782e+02
-1.198200725654737511e+02
-1.684193808177718950e+02
-1.639845603937343412e+02
1.778590986336768935e+02
-1.756347422649720613e+02
1.800000000000000000e+02
-1.766615294562356553e+02
1.789087837747374010e+02
-1.722552894535770918e+02
-1.749203921399854380e+02
-1.755635255143426434e+02
1.659637565320735177e+02
1.733792239176850103e+02
1.615650511770780042e+02
-1.771728754218387394e+02
-1.591209831194425988e+02
1.757001371798079390e+02
-1.771170365474604580e+02
1.762138879646184364e+02
1.626459753637386996e+02
1.762570117043128732e+02
1.777454250340649651e+02
-1.792151753970080961e+02
-1.699456644000056542e+02
1.622995722113328156e+02
1.800000000000000000e+02
1.748444156825937625e+02
1.748479182977937967e+02
1.773974377975002028e+02
1.784925642412250397e+02
-1.758724082974882776e+02
-1.772736890060937469e+02
-1.734537092167059882e+02
1.721998121158183039e+02
1.771375947738882530e+02
-1.713843518158358847e+02
1.800000000000000000e+02
-1.642192466904846242e+02
1.698379168059992423e+02
-1.785436413656603065e+02
1.800000000000000000e+02
-1.760424468858721525e+02
-1.720303896056786357e+02
-1.673474434994420221e+02
-1.658505239136547971e+02
-1.655792268724890164e+02
1.286598082540901089e+02
1.769552215558060198e+02
1.486366977860499503e+02
-1.529873346520614632e+02
1.788188110866733780e+02
1.734633663512029216e+02
-1.703947958449870725e+02
1.775633517531898633e+02
1.778789036033385571e+02
1.788876003837022211e+02
-1.777630209365622989e+02
1.800000000000000000e+02
1.733547217897256019e+02
1.800000000000000000e+02
-1.759504182967286283e+02
1.785436413656603065e+02
-1.671249984403875146e+02
-1.594439547804165329e+02
-1.719509382983254966e+02
-7.904593735660166942e+01
1.783634229583832678e+02
-1.625528115767178008e+02
-1.739909940425054629e+02
-1.773369992339328576e+02
1.717927835880818463e+02
1.800000000000000000e+02
1.693236443173042005e+02
-1.750540334528958510e+02
1.730470425318260936e+02
-1.757636052009411856e+02
-1.776862775021757841e+02
1.779690857631468930e+02
-9.119348942398204372e+01
1.686185372516401912e+02
-1.688510103035582119e+02
-1.739909940425054629e+02
-1.184212092245268622e+02
1.794382946674334391e+02
1.780908475670036353e+02
-1.771087304037794468e+02
1.787363274483417399e+02
1.800000000000000000e+02
1.651013045655996905e+02
1.800000000000000000e+02
-1.760548137709624541e+02
1.800000000000000000e+02
-1.795558555668880558e+02
1.785436413656603065e+02
1.749868862449641824e+02
-1.675295382783311311e+02
-1.702867489750597372e+02
-1.691144729453412765e+02
1.761859251657096479e+02
-1.655297058999341289e+02
-1.691596945456694527e+02
1.692868769772089763e+02
-1.794437477729193233e+02
1.668274465766731112e+02
-1.793969088056194607e+02
1.800000000000000000e+02
1.781373790506933403e+02
-1.770792784789996119e+02
1.782100893917539395e+02
1.800000000000000000e+02
-1.702867489750597372e+02
-1.742894068625003570e+02
1.800000000000000000e+02
1.617320937927588886e+02
1.590442232693678193e+02
1.685841604755929950e+02
-1.717241071729248176e+02
1.711796204479789481e+02
-1.751354855622394950e+02
1.800000000000000000e+02
1.772993706626047299e+02
1.800000000000000000e+02
-1.729906157433787541e+02
-1.706045339804331036e+02
1.723331957381858217e+02
-1.675667648119043633e+02
-1.758023316428390785e+02
1.800000000000000000e+02
-1.061443387802834906e+02
-1.785497837090665598e+02
-1.770185387800177921e+02
-1.770492208909936664e+02
-1.785558744690641788e+02
9.360442053917570604e+01
1.790289780689208499e+02
1.747261040426482452e+02
-1.785913712646615465e+02
-1.770096550248346148e+02
-1.711702553320909317e+02
-1.775940294833546886e+02
-1.756012946450044865e+02
-1.684762782961026915e+02
1.771375947738882530e+02
-1.691144729453412765e+02
9.541186915231703836e+01
-1.794645410144354685e+02
-1.723422903062861451e+02
-1.759432621387051370e+02
-1.716129676213405162e+02
1.781720317556950022e+02
1.685788137250007424e+02
-1.768849352400945065e+02
-8.544623202084137858e+01
1.775633517531898633e+02
-1.783316625517066996e+02
-1.726476206401076468e+02
-1.703624618870690597e+02
-1.785913712646615465e+02
1.623953666633360058e+02
-1.767905136822080294e+02
-9.600900595749452293e+01
1.736598082540901089e+02
1.752363583092738111e+02
1.685034369824142289e+02
1.762482709294740459e+02
1.744546826911379753e+02
1.800000000000000000e+02
1.800000000000000000e+02
-8.186989764584403417e+01
-2.663000766067143310e+00
-1.781066141542537196e+02
-1.763477772196936826e+02
1.800000000000000000e+02
1.720469180285616062e+02
-1.754260787400991433e+02
1.774886367328369374e+02
-1.760740922963160244e+02
-1.725685920288274815e+02
-1.602011236454750644e+02
-1.737516283349617652e+02
-1.673073344548820955e+02
-8.732457334397085447e+01
-1.711074512917518859e+02
1.732243438306010148e+02
8.417365797044422493e+01
-1.774831243430604957e+02
1.769552215558060198e+02
1.758295634751578973e+02
-1.456697828044966627e+02
1.800000000000000000e+02
-1.685034369824142289e+02
1.778789036033385571e+02
-1.787546357332316518e+02
-1.777974018382342081e+02
1.741843734705087741e+02
-1.739909940425054629e+02
-1.721847064532331331e+02
1.720424747730828585e+02
1.315834118082286750e+02
1.794490960207814396e+02
1.739275435927923183e+02
-1.743455791773592978e+02
1.660752267795905652e+02
-8.892917554521302748e+01
1.758403577062873637e+02
1.656997225508144140e+02
-1.744885225839794032e+02
9.000000000000000000e+01
-1.744546826911379753e+02
-1.703624618870690597e+02
-1.779854012121294318e+02
-1.744995885297981033e+02
1.800000000000000000e+02
-1.783634229583832678e+02
1.795817900585028895e+02
-1.664568233575552370e+02
-1.738060950328490435e+02
-1.631683312417585228e+02
1.688785398051096536e+02
-1.732901631922430852e+02
-1.771375947738882530e+02
1.718698976458440200e+02
1.696111421845303937e+02
1.634956386182449819e+02
1.785436413656603065e+02
1.800000000000000000e+02
1.785185428291129313e+02
1.800000000000000000e+02
-1.657189042640291916e+02
-1.789390883097357801e+02
-1.722552894535770918e+02
1.800000000000000000e+02
1.733455749539934061e+02
-1.786251652194305848e+02
