-1.778590986336768935e+02
1.692342444552570839e+02
1.735064746874607238e+02
-1.639741325515502410e+02
-1.794743653935423993e+02
1.598293465881496047e+02
1.800000000000000000e+02
-9.650562664568369087e+01
1.636639571102815296e+02
1.695400909070708622e+02
1.774551956201869132e+02
1.775633517531898633e+02
-9.270062933739529853e+01
9.111601039140727210e+01
1.419810574068297910e+02
1.686900675259797993e+02
1.617108416499972350e+02
1.706045339804331036e+02
-1.705376777919743745e+02
1.778944858111439657e+02
1.741843734705087741e+02
1.670472354866244871e+02
-1.795103044068708016e+02
1.794929709390852395e+02
1.784377750831576179e+02
1.422669544058117026e+02
1.795225462226904369e+02
-1.771135814561353925e+02
-1.789190758133393331e+02
1.784518423010220545e+02
1.679052429229879237e+02
-1.791696845137419984e+02
1.753893506813394083e+02
1.795341909172350086e+02
1.628318275648180133e+02
1.741093735837959002e+02
1.796154703404154986e+02
1.627410457070959069e+02
1.745596679689944892e+02
-1.441073343122544088e+02
-1.691699204565929904e+02
1.792205136788815310e+02
1.554184255174313307e+02
1.729987324425046609e+02
1.773162248405310208e+02
-1.780908475670036353e+02
-4.714754518704945774e+00
1.729476939921588041e+02
-1.784792303388562402e+02
-2.168906496461580247e+01
1.708376529542782976e+02
-1.794270613023165311e+02
-9.000000000000000000e+01
1.690277597621883672e+02
1.778590986336768935e+02
9.000000000000000000e+01
1.591666298429854862e+02
1.728256757635176939e+02
1.713843518158358847e+02
1.800000000000000000e+02
1.733201139367774317e+02
1.787811247648687072e+02
-1.658219355852931187e+02
-1.794382946674334391e+02
1.800000000000000000e+02
1.729296551798424275e+02
1.741736579704442534e+02
1.800000000000000000e+02
1.714308581201623554e+02
1.787546357332316518e+02
1.742321111020858666e+02
-1.741736579704442534e+02
1.624542712543037055e+02
-1.781424096296797472e+02
-1.696409475119162948e+02
1.800000000000000000e+02
1.775633517531898633e+02
1.723718503314192958e+02
1.720792600983589296e+02
-9.000000000000000000e+01
-1.002039737217316855e+02
-1.748978347476418094e+02
-1.731572265873690526e+02
1.761287437680143739e+02
-8.949741833327897211e+01
1.778630891462427428e+02
1.786980473274211363e+02
1.736598082540901089e+02
1.774886367328369374e+02
1.728065299447044652e+02
1.762173545534037089e+02
1.791253232288786705e+02
1.726139568487327551e+02
1.751469036130076233e+02
1.725853697090252865e+02
1.794490960207814396e+02
1.708926656877455912e+02
-1.762218022928384187e+02
-1.664641436308657774e+02
-1.795341909172350086e+02
8.859137126466153234e+01
1.766981343255650074e+02
1.684861688155129968e+02
1.777093899573614806e+02
1.703854307290990278e+02
1.800000000000000000e+02
-1.756012946450044865e+02
1.739909940425054629e+02
1.740150476848845926e+02
1.800000000000000000e+02
1.680091650209607508e+02
1.731909498203866065e+02
1.728114628572633649e+02
1.674711922908484780e+02
1.794645410144354685e+02
1.731986851760184436e+02
1.658639382018529602e+02
1.735583999006649663e+02
1.737227015104024304e+02
-1.706900598250139751e+02
1.763955794608243082e+02
1.073789250169244696e+02
-1.165650511770779900e+02
1.800000000000000000e+02
9.000000000000000000e+01
1.800000000000000000e+02
-1.796230595204028759e+02
1.756012946450044865e+02
1.603461759419467114e+02
-1.685728984060548612e+02
-8.660507645788172226e+01
1.604975514933377951e+02
1.728749836510982050e+02
-1.792042764472607246e+02
1.800000000000000000e+02
1.701588682403656207e+02
1.617005019401395884e+02
-1.788065105760179847e+02
1.781912606775079553e+02
9.000000000000000000e+01
1.748055710922652111e+02
1.748055710922652111e+02
-1.788065105760179847e+02
1.740194004752365515e+02
1.655297058999341289e+02
1.754752315271658176e+02
1.702175929681927187e+02
1.774169793313649279e+02
1.646115321672410232e+02
1.770535526199876699e+02
-1.760740922963160244e+02
1.712885624480496460e+02
-1.795755945806385228e+02
1.716341138759674152e+02
1.795264919412650784e+02
1.800000000000000000e+02
1.777630209365622989e+02
1.741303995569853100e+02
1.757321066997091918e+02
1.744367911792560051e+02
1.668170348414591615e+02
1.710505419157911149e+02
1.720424747730828585e+02
1.779726772994997930e+02
1.781523897340053963e+02
-1.738060950328490435e+02
-1.747099187946287486e+02
-1.796180337952709749e+02
1.790906195508008523e+02
1.791253232288786705e+02
1.683497005624623455e+02
-1.783476953223486987e+02
-1.755153939904553795e+02
1.702382252249577448e+02
-1.610295921915134727e+02
1.794791436254980397e+02
1.651013045655996905e+02
1.654342357534434313e+02
-1.782376089763394873e+02
1.800000000000000000e+02
1.534349488229219958e+02
1.634018956071389539e+02
-1.754775458535980306e+02
-1.716341138759674152e+02
-1.776862775021757841e+02
-1.784263359458974492e+02
1.767427780593330624e+02
1.651496617010157593e+02
1.747261040426482452e+02
-1.795264919412650784e+02
1.745596679689944892e+02
1.686900675259797993e+02
1.683312259996310445e+02
-1.698753283446021953e+02
1.760884281874713508e+02
-1.764725319496259033e+02
-1.729421533501189288e+02
1.795592719272389957e+02
1.735411836212813341e+02
-1.783634229583832678e+02
1.639091836511478562e+02
1.784925642412250397e+02
-1.789190758133393331e+02
1.509031112004719830e+02
1.726476206401076468e+02
-1.556181881231044883e+02
-1.780780440410685799e+02
1.704698721674000694e+02
-1.761120904391669342e+02
-1.778590986336768935e+02
1.764893215697327093e+02
1.731402399944742001e+02
1.730390369737514504e+02
1.782100893917539395e+02
-1.676609127216738102e+02
1.800000000000000000e+02
-1.772550441061618756e+02
1.707066914006028924e+02
1.753893506813394083e+02
9.243664824681013670e+01
-1.786360724683970886e+02
1.795017883873863695e+02
-1.763086140135487199e+02
1.794743653935423993e+02
1.795755945806385228e+02
1.755391517414834368e+02
1.707666764907228014e+02
-1.775633517531898633e+02
1.568014094863518153e+02
-1.794382946674334391e+02
1.800000000000000000e+02
1.800000000000000000e+02
-1.717241071729248176e+02
-1.771844433157887693e+02
-1.767161377120936550e+02
-1.731765376009664692e+02
1.784234499448162694e+02
1.785311992856141785e+02
1.111940564815422903e+02
1.682970985197786433e+02
1.794884441334129690e+02
-9.042757250683341397e+01
1.560837545823806636e+02
1.735169263071027501e+02
1.759143832200251154e+02
1.503616163118486782e+02
-1.724053566314085799e+02
1.213633022139500781e+02
-1.633498945013969603e+02
1.676192430711928409e+02
-1.785056664087334752e+02
1.763861192479963620e+02
1.748055710922652111e+02
1.686078641684472927e+02
1.800000000000000000e+02
1.685975057656109186e+02
-1.795225462226904369e+02
1.604480048267594157e+02
1.800000000000000000e+02
1.703947958449870725e+02
-8.389722034634422698e+01
-1.685728984060548612e+02
1.800000000000000000e+02
1.800000000000000000e+02
1.720469180285616062e+02
-1.770961811349037305e+02
-1.683312259996310445e+02
-1.699579763644705110e+02
1.800000000000000000e+02
-1.777760387596145506e+02
1.800000000000000000e+02
1.617146481726805121e+02
1.593818118768955117e+02
-1.781373790506933403e+02
1.800000000000000000e+02
-1.699194020124576809e+02
-1.770961811349037305e+02
1.709097230791776667e+02
1.731025724422482597e+02
-1.709723870492849187e+02
1.777760387596145506e+02
-1.791319485502544637e+02
-1.619853060817947608e+02
-1.787635923971438672e+02
1.687850853153464357e+02
1.736598082540901089e+02
1.652308014697083820e+02
1.678285417914125333e+02
-1.754860115419987210e+02
-1.789520233539935248e+02
-1.714954207591212025e+02
-1.764513180260955494e+02
1.728749836510982050e+02
1.755587588105672125e+02
1.664295656148385092e+02
1.724316029784105524e+02
1.760090869015702140e+02
1.719509382983254966e+02
1.742454346688978148e+02
1.788465495488946431e+02
1.749078848755010540e+02
8.576360520094115714e+01
1.790530485532265459e+02
1.800000000000000000e+02
1.738844964337145882e+02
1.737741709355742330e+02
1.708497432219851078e+02
1.800000000000000000e+02
1.599180225158192457e+02
-1.792361015390700345e+02
1.662091331026390151e+02
1.731182763693630591e+02
1.287790500788403847e+02
1.772208331359279327e+02
-1.642913621709842573e+02
-1.745076754428725678e+02
-1.769335144988741035e+02
-1.763217612780066190e+02
1.779545915111127954e+02
1.749203921399854380e+02
1.731765376009664692e+02
1.774438499214217018e+02
1.706704603573019199e+02
1.671419098270018253e+02
