-1.788426669318704967e+02
1.763477772196936826e+02
-1.056023805997542198e+00
-1.794382946674334391e+02
-1.797163598442421915e+02
-1.788065105760179847e+02
-1.712538377374447975e+02
8.272499504211074850e+01
-1.717452514766104059e+02
-1.738953151230711285e+02
1.777432060735489472e+02
-1.794093427853533171e+02
1.794093427853533171e+02
-1.794355278246930538e+02
1.766335393365701805e+02
1.751655936937367244e+02
1.797177570637291524e+02
-1.782642954110716289e+02
-1.711847789767768404e+02
-1.745596679689944892e+02
9.235329686610830890e+01
1.724053566314085799e+02
1.761308154236346013e+02
-1.766002858408767509e+02
-1.705873705631338453e+02
1.782193575540013057e+02
-1.768040619864040934e+02
-1.573801350519595701e+02
1.800000000000000000e+02
-1.794212744343922452e+02
-1.776626941408761979e+02
1.769552215558060198e+02
1.760156839976278036e+02
1.800000000000000000e+02
-1.797000248376961054e+02
1.780250659891180192e+02
-1.766335393365701805e+02
-1.796952380895789361e+02
-1.705858254945175361e+02
1.800000000000000000e+02
-1.766169942086694107e+02
-1.765398167710135624e+02
1.778613174223336841e+02
1.742894068625003570e+02
1.800000000000000000e+02
1.729681979606910431e+02
1.736278886030675039e+02
-1.759143832200251154e+02
-1.788542371618248978e+02
-1.791491351352697166e+02
-1.738953151230711285e+02
1.757858214772659551e+02
1.790759546472272916e+02
-1.793904934233248127e+02
2.337305859123819829e+00
1.768519039004372644e+02
-1.722781741998690279e+02
1.797120839334428979e+02
1.790906195508008523e+02
-1.794543424065842885e+02
1.773574547059352824e+02
1.748268311207934005e+02
-1.730405779285010226e+02
1.789291755452130417e+02
1.756635952143400061e+02
-1.767078528870039804e+02
1.761120904391669342e+02
-1.701588682403656207e+02
1.800000000000000000e+02
1.787875719100550782e+02
-1.775940294833546886e+02
-1.476368509813098306e+00
-7.832795566234643125e+00
1.782376089763394873e+02
1.775342410050022579e+02
-1.774738830883804610e+02
1.792042764472607246e+02
1.800000000000000000e+02
1.721959014080561019e+02
-1.797163598442421915e+02
1.800000000000000000e+02
1.780908475670036353e+02
1.774104981527590894e+02
-1.711016869355374013e+02
-1.791968407481897714e+02
-1.770185387800177921e+02
1.732110254255612176e+02
-1.771232349296994357e+02
1.658303556566804673e+02
1.693973868945240611e+02
1.769552215558060198e+02
1.777295503293348986e+02
1.800000000000000000e+02
1.761663234629119188e+02
-9.458609889617085287e+01
1.762623704565899061e+02
-1.788599359662136123e+02
1.779335230143557567e+02
1.774438499214217018e+02
1.730189425931702090e+02
1.791140534061457572e+02
1.772592094058174439e+02
1.676919841825720709e+02
1.800000000000000000e+02
-1.765491568062488454e+02
-1.730887728809753412e+02
-1.794062826037874459e+02
-1.761465195463979398e+02
1.800000000000000000e+02
1.752363583092738111e+02
1.800000000000000000e+02
-1.791491351352697166e+02
1.796968505562858809e+02
1.739760069176803654e+02
-1.761171014396363148e+02
1.762623704565899061e+02
1.797015871800051343e+02
-1.797046635460529558e+02
1.753852334221115825e+02
1.794183369424946193e+02
-1.726702522832412683e+02
-1.782100893917539395e+02
1.779954659678941198e+02
-1.757858214772659551e+02
1.772208331359279327e+02
1.782901859558584761e+02
1.791001402850956197e+02
-1.791185960034178777e+02
1.794270613023165311e+02
-1.791275428770979943e+02
1.781939747023987479e+02
-1.786489349172803429e+02
1.800000000000000000e+02
-1.681113419603720445e+02
-1.754580043197332770e+02
1.752823974954383175e+02
-1.773438527960428814e+02
1.744154977230130896e+02
8.682016988013576508e+01
1.776978917075634001e+02
1.792428311349414685e+02
-1.723493490446406042e+02
1.756012946450044865e+02
1.800000000000000000e+02
-1.691144729453412765e+02
-1.794153694792948386e+02
-1.764785466230777899e+02
1.750639758899160086e+02
1.799275724134077103e+00
-1.766499236024985464e+02
-1.780631996137789486e+02
1.780152968878464321e+02
1.767877902398907679e+02
1.800000000000000000e+02
-1.795144541699918648e+02
-1.780347394280794902e+02
-1.751354855622394950e+02
-1.768361163811192682e+02
1.789488192504562676e+02
-1.760931836158965780e+02
1.772993706626047299e+02
-1.782007242758659515e+02
-1.794123715837600344e+02
-1.753579621864924718e+02
1.769434195518505533e+02
-1.779335230143557567e+02
-1.781720317556950022e+02
1.791319485502544637e+02
1.760156839976278036e+02
-1.791319485502544637e+02
1.785679038158353649e+02
-1.791815445383113854e+02
1.800000000000000000e+02
1.800000000000000000e+02
1.770940790003466532e+02
1.740938588862294978e+02
1.788766972859245641e+02
-1.778789036033385571e+02
1.757041594887284930e+02
-1.668093892877931523e+02
1.800000000000000000e+02
1.736914109974451321e+02
8.727368900609373270e+01
-1.786489349172803429e+02
1.797177570637291524e+02
1.689590598196762699e+02
-1.735781516164824723e+02
-8.910946374663943459e+01
1.736598082540901089e+02
-1.781816970355481828e+02
-1.794241824067550510e+02
-1.782193575540013057e+02
-1.755635255143426434e+02
1.794355278246930538e+02
-1.785738436644055298e+02
1.800000000000000000e+02
-1.787155564781992325e+02
-1.773842451245781433e+02
-1.771936297482117766e+02
-1.690366103536703690e+02
-1.793013056170165385e+02
1.694341267288685060e+02
-1.743971393200192495e+02
1.766335393365701805e+02
9.084252426074041864e+01
-1.786677801461303545e+02
1.797046635460529558e+02
1.687493185695048794e+02
-1.746441749571448270e+02
-1.794952044314441650e+02
1.791736758602707482e+02
-1.772208331359279327e+02
-1.761265102756554199e+02
-1.781912606775079553e+02
-1.791736758602707482e+02
-1.737536843790098828e+02
-1.771087304037794468e+02
1.714108735449305527e+02
1.788982938847936452e+02
-1.778079302797755759e+02
-1.773709181143613591e+02
-1.764964683552155691e+02
-1.779120161672766471e+02
1.731665627090907549e+02
-1.765557974853467158e+02
1.794327335901420781e+02
1.711998021236194916e+02
-1.716167515190706467e+02
-1.796968505562858809e+02
-1.966464568295758664e+00
-1.779335230143557567e+02
-1.797106298365594057e+02
1.772618534806448167e+02
-1.645536836323074397e+02
-1.760716927746023259e+02
1.797258596062667664e+02
-1.759350526922573010e+02
1.800000000000000000e+02
-1.672478802497923880e+02
-1.734270050135266388e+02
1.785236314901869150e+02
-1.735619504850015744e+02
1.792868113649824124e+02
-1.742030313809300139e+02
-1.787546357332316518e+02
-1.767038840274537108e+02
1.776250384842386154e+02
-1.780998890344231427e+02
-1.786360724683970886e+02
1.791094637466394204e+02
-1.766690826195499540e+02
-1.788126926842711839e+02
1.789241493792087283e+02
-1.770492208909936664e+02
-1.786028189727036306e+02
-1.702382252249577448e+02
-1.778789036033385571e+02
1.769713014216594331e+02
-1.744400527366904612e+02
-1.782465951399284450e+02
-1.783864610671188018e+02
-1.751864491062934803e+02
1.779752349184389573e+02
0.000000000000000000e+00
-1.794183369424946193e+02
1.773615081745888062e+02
-1.783939970107177544e+02
1.766499236024985464e+02
-1.779545915111127954e+02
-1.785004529620223650e+02
1.709605171966448722e+02
1.763785152958826643e+02
-1.791533259761385182e+02
1.800000000000000000e+02
1.679827481574355375e+02
-1.797284580543154675e+02
1.730616141946637754e+02
-1.788982938847936452e+02
1.623498757800698797e+02
1.776626941408761979e+02
-1.754735247209012243e+02
-1.778286882090851861e+02
-1.770113675447705361e+02
-1.682317110679793473e+02
1.735812132697612071e+02
1.712324187554470427e+02
1.791363099554004350e+02
1.800000000000000000e+02
-1.791930705448976369e+02
-1.761431990144101576e+02
1.800000000000000000e+02
1.774081332947650083e+02
-1.773866537246907740e+02
-1.727079410354172921e+02
1.754933931162316867e+02
1.782816419983445542e+02
-1.675039889555625052e+02
-1.783070215623710908e+02
1.800000000000000000e+02
1.772592094058174439e+02
-1.707480137762909465e+02
1.707066914006028924e+02
1.748055710922652111e+02
1.684004047788836544e+02
1.785558744690641788e+02
1.690858869941892522e+02
1.712376524894253009e+02
1.800000000000000000e+02
-1.787939512207800590e+02
1.675010805403613006e+02
-1.742176076776359537e+02
1.783939970107177544e+02
-1.744813058849437652e+02
1.744278021960361968e+02
1.791656544244532085e+02
1.747807354720117701e+02
-1.784656585002992415e+02
-1.794645410144354685e+02
-1.789149823805026074e+02
1.800000000000000000e+02
1.789993021221411595e+02
-1.769434195518505533e+02
1.706852202457102408e+02
-1.762915718428695584e+02
