-1.734801982483430152e+02
1.772208331359279327e+02
-1.794791436254980397e+02
-1.745309050298880891e+02
1.733674853848615385e+02
1.769335144988741035e+02
1.791696845137419984e+02
1.786028189727036306e+02
1.621811110854772267e+02
1.788876003837022211e+02
-1.760548137709624541e+02
1.744885225839794032e+02
1.665221772467586732e+02
-1.756012946450044865e+02
-1.783939970107177544e+02
1.748055710922652111e+02
1.800000000000000000e+02
1.664462359022683415e+02
1.698040117527131940e+02
-1.782510539554457694e+02
1.699579763644705110e+02
1.700737544933483036e+02
1.757636052009411856e+02
1.794594898128693501e+02
-1.749305798673875074e+02
1.610123759121298406e+02
1.739667469937992905e+02
1.761539699099526217e+02
1.788655783690230123e+02
1.712926297284795965e+02
1.639211514378172581e+02
1.779098408462893133e+02
1.740754180180175297e+02
-1.765761287550693339e+02
-1.707538872544367621e+02
1.767602997038978856e+02
1.676309384740744974e+02
-1.795060831013812503e+02
1.760995062576181169e+02
1.792510782171761718e+02
-1.663159802477524920e+02
-1.786140821491877944e+02
1.786028189727036306e+02
-1.586293777306568131e+02
1.779361802715430372e+02
-1.737031812810156168e+02
1.768201698801357509e+02
-1.724385715723330463e+02
1.800000000000000000e+02
1.719367538343027491e+02
1.691596945456694527e+02
-1.710273733851036013e+02
-8.878112476486870719e+01
-1.679885216136345605e+02
1.774886367328369374e+02
1.772951240142643599e+02
-1.729834982552770839e+02
-1.765761287550693339e+02
-1.643378936546739340e+02
1.800000000000000000e+02
-1.734373014910625557e+02
1.800000000000000000e+02
1.800000000000000000e+02
1.794093427853533171e+02
1.788982938847936452e+02
1.770185387800177921e+02
1.787455483773184710e+02
1.741843734705087741e+02
-1.720792600983589296e+02
-1.759858243045889594e+02
-1.711870983622555968e+02
1.743327143217608750e+02
1.771170365474604580e+02
1.800000000000000000e+02
-1.762570117043128732e+02
1.686900675259797993e+02
-1.556298799461261808e+02
-1.724385715723330463e+02
-1.756012946450044865e+02
-1.769552215558060198e+02
1.800000000000000000e+02
1.783316625517066996e+02
1.397279878188422231e+02
1.745881308476829759e+02
1.794645410144354685e+02
1.796128722458490472e+02
1.731117417230053377e+02
1.728749836510982050e+02
1.760740922963160244e+02
1.714692343900518665e+02
-9.778104622298351956e+01
1.682748879848349191e+02
1.787174729172898253e+02
1.687682336159755891e+02
3.157816493211380049e+01
-1.788655783690230123e+02
1.478851693997032726e+02
-1.782285302599659360e+02
1.776140559696112007e+02
1.800000000000000000e+02
-1.748521151758637018e+02
-1.747625239331874809e+02
-1.580088700828228809e+02
-1.781642252594542981e+02
1.745596679689944892e+02
-1.750106374303578036e+02
-1.761120904391669342e+02
-1.173498757800698797e+02
-1.691596945456694527e+02
-1.763915311474336534e+02
1.752363583092738111e+02
1.722129820453675393e+02
1.741226073933568728e+02
-1.782642954110716289e+02
-1.723160181702660338e+02
-1.711353766115892086e+02
1.765317707410828802e+02
1.670424199059068826e+02
-1.737580856525849526e+02
-1.786441400238933284e+02
1.794974183332789721e+02
1.732110254255612176e+02
1.779833761253769069e+02
1.800000000000000000e+02
-1.732243438306010148e+02
1.742072035049678504e+02
-1.604268741695898086e+02
1.800000000000000000e+02
1.753520293086129698e+02
1.800000000000000000e+02
1.655559642755077618e+02
-1.696513159120045202e+02
-1.666075022462489130e+02
-1.662729034214502235e+02
1.474395620188465443e+02
-1.789949139947458150e+02
-9.120604877921996945e+01
-1.713571974199954582e+02
-1.672756443145776473e+02
1.711847789767768404e+02
-1.777832056592598065e+02
1.753013194827005634e+02
-1.680379486023337847e+02
-1.742321111020858666e+02
1.800000000000000000e+02
-1.768201698801357509e+02
1.732901631922430852e+02
1.666330693036831576e+02
1.719509382983254966e+02
1.776140559696112007e+02
-1.792411598757314550e+02
1.437147328748611699e+02
-1.777320454640941705e+02
-1.577144123531672335e+02
-1.616887999684844601e+02
-1.619165546169513448e+02
1.789488192504562676e+02
1.714444417565871106e+02
-1.753225821411182608e+02
-1.666754687381092310e+02
-1.552604911302518644e+02
1.684533094540726950e+02
1.751009075462122553e+02
-1.607960264944999551e+02
-1.665413153913849840e+02
1.546538240580533170e+02
1.749203921399854380e+02
-1.758252301080875668e+02
-1.686900675259797993e+02
8.307278187399083436e+01
-1.197448812969422249e+02
1.701341930569156489e+02
1.701341930569156489e+02
-1.776140559696112007e+02
-1.724761795613613629e+02
4.738594403038881353e+01
-1.009947773492921357e+02
-1.190546040990771388e+02
-1.710273733851036013e+02
-1.786677801461303545e+02
1.753141001604973042e+02
-1.609940158039632081e+02
-1.628544490811382843e+02
-1.699579763644705110e+02
-1.726942404666891662e+02
-1.778944858111439657e+02
-1.696951535312339843e+02
-1.751864491062934803e+02
6.511019443400645201e+00
1.736598082540901089e+02
-1.702382252249577448e+02
1.700872485532761686e+02
-1.579769445031887471e+02
-1.789291755452130417e+02
-1.321170365474604580e+02
-1.610123759121298406e+02
1.800000000000000000e+02
1.195187513002477431e+01
4.356975005846297044e+00
-1.152955464003265718e+02
7.934609740006150957e+01
-1.754462320208413644e+02
1.765466837494689116e+02
-1.773974377975002028e+02
-1.600620082557944670e+02
-1.639264258352536388e+02
-1.789949139947458150e+02
-1.713628685849292310e+02
1.788147391813776039e+02
-1.791696845137419984e+02
1.576518916520905975e+02
1.763955794608243082e+02
-1.787811247648687072e+02
-1.671012488958355391e+02
-1.714509231795813093e+02
-1.759143832200251154e+02
-1.469565842431491376e+02
8.354118362128134834e+01
1.770643265535788373e+02
1.583555648592860052e+02
-1.787546357332316518e+02
-1.732670786731404178e+02
-1.766580561427388716e+02
1.728749836510982050e+02
-1.750106374303578036e+02
1.471507165059777300e+01
-1.741140121669717473e+02
1.771844433157887693e+02
-1.789677553084342776e+02
-1.780519149934850702e+02
1.793806102967818958e+02
1.800000000000000000e+02
-1.417233770013196192e+01
-1.790608090542644391e+02
-1.731731376615263116e+02
-1.794327335901420781e+02
1.800000000000000000e+02
-1.781912606775079553e+02
-1.757411538778296460e+02
1.728749836510982050e+02
1.551905916245404740e+02
1.639183480431862847e+02
1.226994611210019173e+02
1.723789286907029634e+02
1.800000000000000000e+02
1.584985656759521078e+02
-1.789860212772147179e+02
-1.717927835880818463e+02
9.054051018713066412e+01
-8.698721249581666370e+01
1.751920460369695434e+02
-1.648759926916894187e+02
8.632550047917034419e+01
-1.631132088760559782e+02
1.777803444468021041e+02
1.794743653935423993e+02
-1.476193222934307698e+02
-1.696026664775636732e+02
-1.569974034066421495e+02
1.543780040553930348e+02
1.723718503314192958e+02
-1.733161358919658994e+02
-1.754260787400991433e+02
1.800000000000000000e+02
1.773369992339328576e+02
-1.767060350121548993e+02
-1.731765376009664692e+02
-1.584590240814615640e+02
1.467682889320206527e+02
-1.678113667980681214e+02
1.800000000000000000e+02
1.727249950421107485e+02
1.800000000000000000e+02
1.783153156821037157e+02
7.357781250168470422e+01
1.756839724801344005e+02
1.742417398356332399e+02
-8.609950625761811693e+01
-2.707208023799276475e+01
1.647975912908238456e+02
1.800000000000000000e+02
-1.679885216136345605e+02
1.787811247648687072e+02
-1.661436484983014736e+02
9.549133928735928478e+00
1.720792600983589296e+02
1.794093427853533171e+02
-1.639845603937343412e+02
1.685890168732346126e+02
-1.658354347320401132e+02
-1.723595932389732468e+02
-1.788766972859245641e+02
1.666512728867126327e+02
-1.579321004375897814e+02
1.651600608380870767e+02
-1.617424369246102742e+02
-1.732901631922430852e+02
1.732338251774469313e+02
1.777320454640941705e+02
1.790206803456605087e+02
-1.750728900523509992e+02
1.800000000000000000e+02
1.750062560141766141e+02
1.779726772994997930e+02
8.890878377473741523e+01
1.621213034041586525e+02
1.756012946450044865e+02
1.677748773242642528e+02
-1.505844011669044562e+02
-1.769644308749444406e+02
-9.000000000000000000e+01
-1.707066914006028924e+02
1.778789036033385571e+02
1.743640593017065612e+02
1.771936297482117766e+02
1.735652608489632769e+02
1.694919778597675872e+02
1.800000000000000000e+02
1.688708107103888096e+02
1.737655199044587846e+02
1.617072240354349617e+02
1.655297058999341289e+02
-1.796484965601266595e+02
1.788542371618248978e+02
