1.748978347476418094e+02
1.782816419983445542e+02
1.783276056389107396e+02
1.790122396003601750e+02
-1.713268259521202310e+02
0.000000000000000000e+00
-1.728749836510982050e+02
-1.741843734705087741e+02
1.774738830883804610e+02
1.717142029760462663e+02
1.693460974000615238e+02
-1.719952711427071677e+02
1.777803444468021041e+02
-1.739623174785771198e+02
1.792461516669292223e+02
-1.763861192479963620e+02
-1.739909940425054629e+02
1.632016282186947080e+02
-1.754462320208413644e+02
1.717927835880818463e+02
-1.717328266644893802e+02
1.775889702533887942e+02
1.635513918729601812e+02
-1.744278021960361968e+02
-1.738170698340517504e+02
-1.742417398356332399e+02
1.658219355852931187e+02
1.775104470780008512e+02
-1.728065299447044652e+02
1.732901631922430852e+02
1.594985741914337609e+02
1.551125882890754895e+02
-1.713986151412851200e+02
-1.736010433726310680e+02
1.794153694792948386e+02
-1.785311992856141785e+02
-1.751864491062934803e+02
1.790371363743637971e+02
1.726476206401076468e+02
-1.749709264182145603e+02
-1.790206803456605087e+02
-1.734801982483430152e+02
-1.726319489283778239e+02
1.800000000000000000e+02
-1.752363583092738111e+02
-1.745397874078516338e+02
-1.769606004310730896e+02
-1.783316625517066996e+02
1.800000000000000000e+02
-1.715387118574286376e+02
-1.711479959006105673e+02
1.779726772994997930e+02
1.579195548324666447e+02
1.745596679689944892e+02
-1.717328266644893802e+02
8.053767779197438870e+01
1.639741325515502410e+02
-1.711702553320909317e+02
-1.676446401349165001e+02
-1.748055710922652111e+02
-1.771087304037794468e+02
1.794437477729193233e+02
8.201067323360310013e+01
-1.740428688852917958e+02
-1.712147012821154135e+02
-1.759958270592906047e+02
-8.599582705929060467e+01
1.772736890060937469e+02
-1.606410058243052958e+02
1.760090869015702140e+02
1.800000000000000000e+02
-1.795878072585976781e+02
1.659637565320735177e+02
-1.739041384554041940e+02
1.723331957381858217e+02
-1.719952711427071677e+02
1.709982448774387080e+02
1.726319489283778239e+02
-1.677352262721076102e+02
1.731572265873690526e+02
1.764785466230777899e+02
-1.783939970107177544e+02
-1.784377750831576179e+02
-1.767689900996317931e+02
-1.760396881695416198e+02
9.781529354676688115e+01
-1.761493611760892577e+02
-1.712926297284795965e+02
-1.716167515190706467e+02
1.764862497393950491e+02
1.755328409386107182e+02
-8.684515713520802649e+01
-1.783788540863465926e+02
-1.661303135614949724e+02
-1.690113489035060184e+02
-1.767295120768164338e+02
-1.775104470780008512e+02
-1.705376777919743745e+02
1.800000000000000000e+02
-1.718698976458440200e+02
-1.711317371667924192e+02
-1.727697573607484287e+02
-1.712538377374447975e+02
-9.054051018713066412e+01
-1.705376777919743745e+02
1.751009075462122553e+02
-1.750062560141766141e+02
1.718698976458440200e+02
-1.720672416858279234e+02
1.735652608489632769e+02
-1.730656510987304557e+02
-1.782100893917539395e+02
6.075117366345302372e+01
1.767905136822080294e+02
-1.750882118274940069e+02
1.701341930569156489e+02
1.441178627537958050e+02
-1.748414482193939534e+02
1.691359400779122950e+02
-1.760740922963160244e+02
-1.759958270592906047e+02
-1.773245733439708545e+02
1.726942404666891662e+02
-1.733547217897256019e+02
-1.750062560141766141e+02
1.789291755452130417e+02
1.764236656250026556e+02
-1.783788540863465926e+02
-1.608209919741892975e+02
-1.680887845680284158e+02
-1.785024122609824815e+02
1.747625239331874809e+02
-1.722925142770350249e+02
-1.745596679689944892e+02
1.800000000000000000e+02
-1.732901631922430852e+02
1.756839724801344005e+02
-1.755074185200847126e+02
-1.742007823709016066e+02
1.437147328748611699e+02
1.727630779740320008e+02
1.595776669752765713e+02
-1.722552894535770918e+02
-1.795103044068708016e+02
1.732670786731404178e+02
1.780419325707659652e+02
-1.777275502672170830e+02
1.785436413656603065e+02
-1.788065105760179847e+02
-1.716341138759674152e+02
-1.658219355852931187e+02
1.623953666633360058e+02
-9.000000000000000000e+01
1.783788540863465926e+02
-1.776140559696112007e+02
-1.770492208909936664e+02
1.782986453946738834e+02
-1.730887728809753412e+02
1.485948363340749836e+02
-1.702996080560542111e+02
-1.719330682702069168e+02
-1.780419325707659652e+02
1.673073344548820955e+02
1.774471018528282400e+02
1.800000000000000000e+02
1.780748162916768536e+02
-1.795787150958314271e+02
-1.749575489308290912e+02
-1.706279072914209110e+02
-1.695625246488818334e+02
1.716492474676686015e+02
-1.729476939921588041e+02
-1.761539699099526217e+02
9.889585696966331341e+01
1.800000000000000000e+02
-1.730996718307227127e+02
1.709285024228228451e+02
-1.783634229583832678e+02
1.356820603931726623e+02
9.000000000000000000e+01
-1.795144541699918648e+02
-1.685890168732346126e+02
-1.691596945456694527e+02
1.788426669318704967e+02
-1.690609088168078529e+02
-1.709285024228228451e+02
-1.724673985990526432e+02
1.754860115419987210e+02
1.160295921915134585e+02
-1.780250659891180192e+02
1.800000000000000000e+02
-1.794031905487708229e+02
1.727249950421107485e+02
1.728749836510982050e+02
1.795379472785692485e+02
-1.779361802715430372e+02
-1.688961665633639200e+02
-1.790206803456605087e+02
1.746742593752322819e+02
-1.766661493384634127e+02
-1.769335144988741035e+02
1.764236656250026556e+02
1.800000000000000000e+02
1.800000000000000000e+02
1.675350671579350319e+02
1.704554744344418680e+02
1.770643265535788373e+02
1.800000000000000000e+02
-1.740194004752365515e+02
-1.783939970107177544e+02
-1.794212744343922452e+02
-1.769059419410828866e+02
1.780079064270335607e+02
1.702382252249577448e+02
1.713726468559347893e+02
-1.767295120768164338e+02
-1.793013056170165385e+02
-1.782376089763394873e+02
1.705376777919743745e+02
1.794490960207814396e+02
1.753331416285610089e+02
-1.738448316567260008e+02
1.770643265535788373e+02
-1.324142056575755362e+02
1.800000000000000000e+02
1.755153939904553795e+02
-1.677352262721076102e+02
1.488514190138049855e+02
1.756839724801344005e+02
-1.602239233973608066e+02
-1.773369992339328576e+02
1.800000000000000000e+02
-1.710028565789349386e+02
1.753893506813394083e+02
1.728749836510982050e+02
1.696951535312339843e+02
1.735064746874607238e+02
1.764552335444051323e+02
-1.771936297482117766e+02
-1.781960048837994179e+02
1.765466837494689116e+02
1.771170365474604580e+02
-1.758818102960112242e+02
1.581985905136481847e+02
1.800000000000000000e+02
-1.631416012322617348e+02
-1.724053566314085799e+02
-1.722781741998690279e+02
1.800000000000000000e+02
-1.731572265873690526e+02
-1.656997225508144140e+02
-1.698343051204573158e+02
-1.740531369460264841e+02
-1.728114628572633649e+02
-1.635399851879599566e+02
1.738844964337145882e+02
8.294215335011892876e+01
1.800000000000000000e+02
1.655297058999341289e+02
-1.759717363335148548e+02
1.697689565554817932e+02
-8.054414446381752413e+00
-1.736158360604875384e+02
-1.683312259996310445e+02
-1.753800765183395924e+02
1.800000000000000000e+02
1.763477772196936826e+02
-1.691359400779122950e+02
-1.718698976458440200e+02
1.771658889836934918e+02
1.706979452887011917e+02
-1.705376777919743745e+02
1.733547217897256019e+02
1.762915718428695584e+02
-3.468229258917147728e+00
1.767161377120936550e+02
1.781523897340053963e+02
-1.771375947738882530e+02
1.763086140135487199e+02
-1.757946429982914367e+02
-1.684762782961026915e+02
-1.783634229583832678e+02
-1.795848204588551482e+02
1.783476953223486987e+02
1.789583733239900312e+02
-1.734678633121475571e+02
1.795225462226904369e+02
1.762218022928384187e+02
-1.765761287550693339e+02
1.665042667192041961e+02
1.795965152649412460e+02
-8.672951207681644803e+01
-1.755635255143426434e+02
-1.779726772994997930e+02
1.800000000000000000e+02
9.501311375503580336e+01
1.800000000000000000e+02
-1.752363583092738111e+02
1.800000000000000000e+02
1.800000000000000000e+02
-1.762414443145280245e+02
1.776386253418243939e+02
-1.740754180180175297e+02
-1.779361802715430372e+02
1.800000000000000000e+02
1.760995062576181169e+02
1.756676860168115013e+02
1.790608090542644391e+02
1.735301800148268114e+02
-1.764964683552155691e+02
1.704508660712640733e+02
1.800000000000000000e+02
1.800000000000000000e+02
1.758724082974882776e+02
1.688453402610716978e+02
1.794270613023165311e+02
1.794212744343922452e+02
-1.771375947738882530e+02
-1.716213274937844346e+02
-1.739909940425054629e+02
-1.778789036033385571e+02
-1.675350671579350319e+02
-1.758553762588957170e+02
-1.648759926916894187e+02
